1	0.0491456	0.618484	0.0544	-0.00530547	-0.0211922	0
2	0.913668	0.3398388	0.0544	0.00346812	0.0215685	0
3	0.808016	0.552012	0.0136	-0.0234641	0.010065	1
4	0.8023	0.561272	0.0136	-0.0268137	0.0112597	1
5	0.791428	0.560956	0.0136	-0.0237937	0.0107544	1
6	0.79714	0.551696	0.0136	-0.0247253	0.0128874	1
7	0.785716	0.570216	0.0136	-0.0256132	0.0108828	1
8	0.84064	0.552964	0.0136	-0.0237603	0.0142202	1
9	0.8681	0.54434	0.0136	-0.0227299	0.0175069	1
10	0.8458	0.56254	0.0136	-0.0249547	0.0138994	1
11	0.834928	0.562224	0.0136	-0.0242899	0.0145986	1
12	0.807636	0.5901	0.0136	-0.0216083	0.0131403	1
13	0.811048	0.64112	0.0136	-0.0166729	0.00797862	1
14	0.1486744	0.3378536	0.0136	0.00935512	-0.0160024	1
15	0.0456844	0.413076	0.0136	0.0252098	-0.019265	1
16	0.0747584	0.408124	0.0136	0.023515	-0.0179509	1
17	0.047616	0.425736	0.0136	0.0306123	-0.0158641	1
18	0.970928	0.470432	0.0136	-0.00248086	0.00132408	1
19	0.960988	0.481456	0.0136	-0.00819855	0.00461067	1
20	0.03025132	0.44882	0.0136	0.0226661	-0.0111836	1
21	0.933096	0.490052	0.0136	-0.0205898	0.0080619	1
22	0.91998	0.505332	0.0136	-0.0264421	0.0107793	1
23	0.080362	0.429152	0.0136	0.0232388	-0.0186367	1
24	0.152946	0.3691488	0.0136	0.0193897	-0.0056915	1
25	0.0509508	0.43762	0.0136	0.024527	-0.0161272	1
26	0.0191202	0.459844	0.0136	0.01729	-0.00917799	1
27	0.89838	0.518484	0.0136	-0.0259699	0.0148852	1
28	0.879528	0.52582	0.0136	-0.0214931	0.0173012	1
29	0.835476	0.543388	0.0136	-0.0239792	0.0141245	1
30	0.813176	0.561592	0.0136	-0.023526	0.0108092	1
31	0.829764	0.552648	0.0136	-0.0256276	0.0124322	1
32	0.909272	0.518812	0.0136	-0.0283078	0.0133342	1
33	0.884688	0.5354	0.0136	-0.0246974	0.0162446	1
34	0.834444	0.5811	0.0136	-0.0243811	0.0154788	1
35	0.829384	0.590732	0.0136	-0.0202325	0.0150086	1
36	0.814552	0.61992	0.0136	-0.00493322	0.0190865	1
37	0.103472	0.406104	0.0136	0.0247519	-0.0165952	1
38	0.1342844	0.3753704	0.0136	0.0266971	-0.0134685	1
39	0.0852636	0.410956	0.0136	0.0239361	-0.0143906	1
40	0.0775604	0.418636	0.0136	0.0245069	-0.0175553	1
41	0.0590072	0.427132	0.0136	0.0241141	-0.0156371	1
42	0.0880656	0.421468	0.0136	0.0247859	-0.0160632	1
43	0.03870896	0.43952	0.0136	0.0256406	-0.014076	1
44	0.996292	0.46328	0.0136	0.00893168	-0.00440279	1
45	0.1634628	0.3719452	0.0136	0.0197663	-0.00574832	1
46	0.1561528	0.3587396	0.0136	0.0166856	-0.00791033	1
47	0.0698568	0.42632	0.0136	0.0266018	-0.0177323	1
48	0.0908672	0.43198	0.0136	0.0241123	-0.0154527	1
49	0.945944	0.492708	0.0136	-0.0159766	0.00764228	1
50	0.934452	0.505576	0.0136	-0.0213098	0.010569	1
51	0.891536	0.526944	0.0136	-0.0250272	0.0158542	1
52	0.818888	0.552332	0.0136	-0.0220683	0.0120085	1
53	0.846352	0.543704	0.0136	-0.0248967	0.0130283	1
54	0.971216	0.500716	0.0136	-0.00833377	0.00384738	1
55	0.921848	0.516544	0.0136	-0.0264183	0.0131964	1
56	0.851512	0.55328	0.0136	-0.0269654	0.0152001	1
57	0.818512	0.590416	0.0136	-0.0224442	0.0166207	1
58	0.84532	0.581416	0.0136	-0.0232268	0.0156442	1
59	0.0929668	0.403272	0.0136	0.0254576	-0.0172581	1
60	0.1083728	0.3879072	0.0136	0.0259235	-0.015345	1
61	0.116076	0.380224	0.0136	0.0260864	-0.0153221	1
62	0.0957688	0.413784	0.0136	0.0247946	-0.0168078	1
63	0.1111752	0.3984196	0.0136	0.0253402	-0.0175063	1
64	0.1188784	0.3907368	0.0136	0.0250847	-0.0147287	1
65	0.1265812	0.3830536	0.0136	0.0251358	-0.0146826	1
66	0.1321188	0.36362	0.0136	0.0144714	-0.00478166	1
67	0.832872	0.642868	0.0136	-0.0162033	0.00888161	1
68	0.1313824	0.3417832	0.0136	0.0154562	-0.00984816	1
69	0.106274	0.416616	0.0136	0.0234889	-0.0188038	1
70	0.0985708	0.424296	0.0136	0.0237501	-0.0165797	1
71	0.061828	0.437864	0.0136	0.0239844	-0.0157591	1
72	0.999592	0.473724	0.0136	0.00857188	-0.00373815	1
73	0.98144	0.47618	0.0136	0.000638032	-0.000264847	1
74	0.0462036	0.447408	0.0136	0.0271005	-0.013439	1
75	0.967144	0.490548	0.0136	-0.0076056	0.00422775	1
76	0.86294	0.534764	0.0136	-0.021844	0.0137058	1
77	0.01188516	0.478108	0.0136	0.0126634	-0.00471226	1
78	0.878976	0.544656	0.0136	-0.0229845	0.015824	1
79	0.829216	0.571484	0.0136	-0.0252588	0.0147401	1
80	0.840092	0.5718	0.0136	-0.0245114	0.0145959	1
81	0.10067	0.39559	0.0136	0.0254283	-0.0148039	1
82	0.1451696	0.3191824	0.0136	-0.00540376	0.0184334	1
83	0.1237792	0.3725408	0.0136	0.0256104	-0.0156301	1
84	0.1421444	0.3678476	0.0136	0.0227429	-0.0201195	1
85	0.1419224	0.3569696	0.0136	0.000294158	-0.019386	1
86	0.1370348	0.2614352	0.0136	0.0105688	0.0153757	-1
87	0.1312656	0.352704	0.0136	0.0149332	-0.0107354	1
88	0.1499672	0.349574	0.0136	0.0184638	-0.00206338	1
89	0.905544	0.557288	0.0136	-0.024665	0.0211919	1
90	0.971776	0.533616	0.0136	-0.0144708	0.00802652	1
91	0.1370864	0.3858832	0.0136	0.0252834	-0.0148947	1
92	0.1139772	0.408932	0.0136	0.0226959	-0.0153908	1
93	0.1167792	0.419444	0.0136	0.0229545	-0.0162471	1
94	0.1013724	0.434812	0.0136	0.0220317	-0.016419	1
95	0.0726588	0.436832	0.0136	0.0234495	-0.0182949	1
96	0.083164	0.439664	0.0136	0.0233354	-0.0157855	1
97	0.986196	0.486004	0.0136	0.000640117	-0.000268266	1
98	0.952792	0.501604	0.0136	-0.0148402	0.00729083	1
99	0.03434872	0.458988	0.0136	0.0229426	-0.0107856	1
100	0.903544	0.528064	0.0136	-0.0274872	0.0148953	1
101	0.856676	0.562856	0.0136	-0.0254311	0.0158084	1
102	0.850964	0.572116	0.0136	-0.0241776	0.0161099	1
103	0.867552	0.563176	0.0136	-0.0239296	0.015214	1
104	0.88414	0.554236	0.0136	-0.0252456	0.0151925	1
105	0.8893	0.563812	0.0136	-0.025101	0.0161776	1
106	0.84026	0.591048	0.0136	-0.0222977	0.0168428	1
107	0.832712	0.657396	0.0136	-0.000493241	-0.0191692	1
108	0.912392	0.548828	0.0136	-0.0268699	0.0210759	1
109	0.92282	0.551928	0.0136	-0.0272002	0.0201317	1
110	0.946212	0.539432	0.0136	-0.0232657	0.0140557	1
111	0.960116	0.541896	0.0136	-0.0195212	0.0122714	1
112	0.00175746	0.520924	0.0136	7.29405e-05	-1.96391e-05	1
113	0.1464296	0.3778644	0.0136	0.00232858	-0.0179613	1
114	0.1293832	0.393566	0.0136	0.0247781	-0.016986	1
115	0.1244824	0.41176	0.0136	0.0255239	-0.013025	1
116	0.1321852	0.40408	0.0136	0.0234745	-0.0156436	1
117	0.127284	0.422276	0.0136	0.0240238	-0.0140227	1
118	0.0936692	0.442492	0.0136	0.023126	-0.0199951	1
119	0.0646828	0.448832	0.0136	0.0227728	-0.0142095	1
120	0.0511148	0.457116	0.0136	0.0221149	-0.0146302	1
121	0.02516808	0.469344	0.0136	0.0184722	-0.00809015	1
122	0.995728	0.493144	0.0136	0.00308275	-0.00165062	1
123	0.862388	0.5536	0.0136	-0.0208569	0.0172572	1
124	0.889852	0.544976	0.0136	-0.0232001	0.0196845	1
125	0.873264	0.553916	0.0136	-0.0249359	0.0175393	1
126	0.896696	0.53652	0.0136	-0.0238727	0.0145915	1
127	0.878424	0.563496	0.0136	-0.0244924	0.0162429	1
128	0.895012	0.554552	0.0136	-0.0234537	0.0182155	1
129	0.97524	0.521592	0.0136	-0.0109062	0.00567269	1
130	0.935524	0.534084	0.0136	-0.0255132	0.0143778	1
131	0.933928	0.546208	0.0136	-0.0266622	0.0182833	1
132	0.01031528	0.509096	0.0136	0.00604485	-0.00314012	1
133	0.986804	0.524704	0.0136	-0.00724249	0.00340811	1
134	0.01309476	0.51962	0.0136	0.00110485	-0.00409984	1
135	0.1791956	0.38631	0.0136	0.00997652	-0.0156491	1
136	0.1216804	0.401248	0.0136	0.0244663	-0.0154066	1
137	0.1398884	0.396396	0.0136	0.0249498	-0.0175179	1
138	0.1349872	0.414592	0.0136	0.0246131	-0.0148498	1
139	0.1195808	0.429956	0.0136	0.0233395	-0.0155655	1
140	0.109076	0.427128	0.0136	0.023516	-0.017832	1
141	0.085966	0.450176	0.0136	0.0232935	-0.0169468	1
142	0.0754608	0.447348	0.0136	0.0220512	-0.0168254	1
143	0.1041744	0.445324	0.0136	0.0235664	-0.0152979	1
144	0.061566	0.46014	0.0136	0.0220307	-0.0149209	1
145	0.93784	0.516352	0.0136	-0.0221327	0.0114416	1
146	0.914484	0.52846	0.0136	-0.0297509	0.0136196	1
147	0.954936	0.512616	0.0136	-0.0168514	0.00675096	1
148	0.926712	0.526776	0.0136	-0.0264763	0.0143342	1
149	0.90186	0.546096	0.0136	-0.0246168	0.016667	1
150	0.90888	0.537788	0.0136	-0.029796	0.0141096	1
151	0.96858	0.51286	0.0136	-0.0115022	0.00599497	1
152	0.958384	0.527964	0.0136	-0.0175821	0.0100179	1
153	0.919496	0.540184	0.0136	-0.0292772	0.0171415	1
154	0.02466236	0.509112	0.0136	0.0123477	-0.00578443	1
155	0.995636	0.531588	0.0136	-0.0051815	0.00232426	1
156	0.98516	0.537864	0.0136	-0.0112486	0.00507279	1
157	0.1569896	0.3806904	0.0136	0.00683612	-0.0153205	1
158	0.1580972	0.3915424	0.0136	0.0260779	-0.012487	1
159	0.1475916	0.3887128	0.0136	0.0252879	-0.0140731	1
160	0.1503936	0.3992256	0.0136	0.0258348	-0.0142646	1
161	0.1426908	0.406908	0.0136	0.0254576	-0.0144293	1
162	0.1454924	0.41742	0.0136	0.0232936	-0.0150238	1
163	0.1377892	0.425104	0.0136	0.0217857	-0.016992	1
164	0.1405904	0.435616	0.0136	0.0230948	-0.0135671	1
165	0.1300856	0.432788	0.0136	0.0229074	-0.0165787	1
166	0.0721724	0.457716	0.0136	0.0232337	-0.0190788	1
167	0.01463876	0.488716	0.0136	0.0114554	-0.00528712	1
168	0.043356	0.465124	0.0136	0.0236121	-0.0116202	1
169	0.03422896	0.476252	0.0136	0.0207212	-0.0086531	1
170	0.0538656	0.46794	0.0136	0.0229108	-0.0144844	1
171	0.985768	0.505224	0.0136	-0.00339042	0.00178306	1
172	0.946204	0.524156	0.0136	-0.0193059	0.0138751	1
173	0.02014452	0.49914	0.0136	0.0121613	-0.00530048	1
174	0.03172724	0.498044	0.0136	0.0165289	-0.00756052	1
175	0.995084	0.512332	0.0136	-0.00116906	0.000274611	1
176	0.03451252	0.516828	0.0136	0.0142804	-0.0133983	1
177	0.033302	0.52764	0.0136	0.00660673	-0.0148502	1
178	0.00885164	0.533924	0.0136	0.000358634	-0.000375349	1
179	0.1676116	0.3830952	0.0136	0.0119313	-0.0143964	1
180	0.1899032	0.3891916	0.0136	0.0179554	-0.0102416	1
181	0.1686024	0.394372	0.0136	0.0248861	-0.0121201	1
182	0.1608988	0.402056	0.0136	0.0263342	-0.0132733	1
183	0.1531956	0.40974	0.0136	0.0229736	-0.0150318	1
184	0.1559976	0.420252	0.0136	0.0250701	-0.0158325	1
185	0.1482944	0.427936	0.0136	0.0231274	-0.0136904	1
186	0.15879	0.430796	0.0136	0.0204039	-0.0102614	1
187	0.1510868	0.43848	0.0136	0.0220724	-0.012857	1
188	0.1118776	0.43764	0.0136	0.0229342	-0.0178663	1
189	0.0826776	0.460548	0.0136	0.0222057	-0.0169147	1
190	0.0964712	0.453004	0.0136	0.0234618	-0.0169676	1
191	0.0931828	0.463376	0.0136	0.021908	-0.0159105	1
192	0.0644036	0.470644	0.0136	0.0228476	-0.0160981	1
193	0.03140652	0.487164	0.0136	0.0182418	-0.00835633	1
194	0.00548324	0.499344	0.0136	0.0060277	-0.00278224	1
195	0.05389	0.490684	0.0136	0.027056	-0.00831448	1
196	0.03837444	0.506656	0.0136	0.020469	-0.011615	1
197	0.0436716	0.497152	0.0136	0.0238541	-0.0104612	1
198	0.02336764	0.523204	0.0136	0.00120567	-0.00357871	1
199	0.978684	0.546824	0.0136	-0.0153078	0.00809961	1
200	0.03457108	0.558756	0.0136	-0.00332251	-0.0185829	1
201	0.2119708	0.3943748	0.0136	0.0153188	0.01048	1
202	0.201246	0.3923904	0.0136	0.0144264	-0.0116371	1
203	0.1791072	0.3972028	0.0136	0.0237651	-0.0153004	1
204	0.171404	0.404888	0.0136	0.0246847	-0.0110996	1
205	0.1637008	0.412568	0.0136	0.0253493	-0.0135786	1
206	0.1664936	0.423116	0.0136	0.0243792	-0.0083385	1
207	0.169208	0.433936	0.0136	0.0215449	-0.0112982	1
208	0.161504	0.441616	0.0136	0.0216156	-0.0118371	1
209	0.1328872	0.4433	0.0136	0.0227673	-0.0152056	1
210	0.1223824	0.440468	0.0136	0.0229561	-0.0156772	1
211	0.1146792	0.448152	0.0136	0.022225	-0.0152616	1
212	0.106976	0.455836	0.0136	0.023768	-0.0162273	1
213	0.05646	0.479452	0.0136	0.0222022	-0.0100694	1
214	0.0672056	0.481156	0.0136	0.0227925	-0.0148654	1
215	0.04621	0.475804	0.0136	0.0215523	-0.0115907	1
216	0.0430716	0.486288	0.0136	0.0223592	-0.00961439	1
217	0.049464	0.506364	0.0136	0.0170278	-0.00753037	1
218	0.0817456	0.50956	0.0136	0.0135508	-0.0131089	1
219	0.060254	0.504964	0.0136	0.0154587	-0.0219731	1
220	0.0878328	0.5004	0.0136	0.0129342	-0.0137097	1
222	0.692704	0.3743104	0.0136	0.00783571	0.0169306	1
223	0.221444	0.406992	0.0136	0.02462	-0.0044483	1
224	0.210692	0.405328	0.0136	0.0227223	-0.00209868	1
225	0.2000212	0.403204	0.0136	0.024822	-0.0092176	1
226	0.1896032	0.400068	0.0136	0.024412	-0.0125827	1
227	0.1819	0.407752	0.0136	0.0235973	-0.0125594	1
228	0.1741972	0.415436	0.0136	0.0264392	-0.010268	1
229	0.1769112	0.426252	0.0136	0.0239247	-0.0119026	1
230	0.1797068	0.4368	0.0136	0.0229586	-0.0103766	1
231	0.1720004	0.44448	0.0136	0.0217036	-0.00928612	1
232	0.1538008	0.4493	0.0136	0.021445	-0.0117725	1
233	0.1251844	0.450984	0.0136	0.0215922	-0.0157527	1
234	0.1174812	0.458664	0.0136	0.0214858	-0.0161669	1
235	0.0750232	0.46828	0.0136	0.0234776	-0.0150193	1
236	0.0855288	0.471108	0.0136	0.0233795	-0.017474	1
237	0.0778256	0.478792	0.0136	0.023198	-0.0182586	1
238	0.0644792	0.493252	0.0136	0.0267469	-0.0102513	1
239	0.0769696	0.499784	0.0136	0.0132554	-0.0139655	1
240	0.0494132	0.522756	0.0136	-0.00402888	-0.0186247	1
241	0.03553692	0.54768	0.0136	-0.00630159	-0.0175364	1
242	0.0559304	0.548588	0.0136	0.00159906	-0.018839	1
243	0.2766544	0.517856	0.0136	-0.0174716	-0.00665294	1
244	0.724836	0.463952	0.0136	-0.0167129	0.00870978	1
245	0.2294528	0.414356	0.0136	0.0228113	0.00163101	1
246	0.222154	0.422424	0.0136	0.0207863	-0.00152106	1
247	0.2134908	0.41584	0.0136	0.0216132	-0.00189067	1
248	0.192318	0.410888	0.0136	0.0246663	-0.00992094	1
249	0.1846148	0.418568	0.0136	0.0254092	-0.0101438	1
250	0.1951116	0.421432	0.0136	0.0233021	-0.00887634	1
251	0.187408	0.429116	0.0136	0.0196088	-0.0119174	1
252	0.1909636	0.43942	0.0136	0.0178465	-0.00629684	1
253	0.1642972	0.452164	0.0136	0.0226896	-0.0104741	1
254	0.1433832	0.446164	0.0136	0.0228864	-0.0138071	1
255	0.1356808	0.453848	0.0136	0.0231571	-0.0140985	1
256	0.1026432	0.468748	0.0136	0.0226643	-0.0166197	1
257	0.1135228	0.4688	0.0136	0.0232611	-0.0162652	1
258	0.1042384	0.479512	0.0136	0.0200884	-0.0175339	1
259	0.0883308	0.48162	0.0136	0.0216592	-0.0168554	1
260	0.0745644	0.489172	0.0136	0.0243006	-0.0159766	1
261	0.0439868	0.537616	0.0136	0.00463285	-0.0185745	1
262	0.064426	0.529496	0.0136	-0.0051045	-0.0182256	1
263	0.138322	0.548096	0.0136	0.00886681	-0.0174607	1
264	0.735676	0.463052	0.0136	-0.0167166	0.00654486	1
265	0.751224	0.472788	0.0136	-0.0172954	0.00646568	1
266	0.730088	0.477488	0.0136	-0.0143378	0.0122071	1
267	0.2356352	0.423308	0.0136	0.0178112	-0.00233624	1
268	0.2282772	0.431416	0.0136	0.0190136	-0.00263345	1
269	0.2150096	0.430628	0.0136	0.0185013	-0.00298045	1
270	0.221132	0.439624	0.0136	0.0170749	-0.00390724	1
271	0.202814	0.413748	0.0136	0.02492	-0.00864966	1
272	0.2063452	0.424048	0.0136	0.0188145	-0.00521911	1
273	0.1989268	0.432008	0.0136	0.0187524	-0.00538034	1
274	0.1832448	0.447088	0.0136	0.0154452	-0.00837899	1
275	0.1755388	0.454768	0.0136	0.0160904	-0.00741967	1
276	0.1562908	0.459896	0.0136	0.0162361	-0.00831238	1
277	0.1279772	0.461528	0.0136	0.0238175	-0.014906	1
278	0.1237524	0.472504	0.0136	0.0219331	-0.014149	1
279	0.1257612	0.483264	0.0136	0.0133501	-0.0127792	1
280	0.1088432	0.4894	0.0136	0.0128641	-0.013597	1
281	0.0972504	0.487852	0.0136	0.0223927	-0.0163938	1
282	0.494008	0.412656	0.0136	0.0151926	-0.0105991	-1
283	0.707588	0.409976	0.0136	0.0117769	0.0148109	1
284	0.705136	0.454932	0.0136	-0.0146954	0.0113058	1
285	0.76968	0.473352	0.0136	-0.0127937	0.0134738	1
286	0.77454	0.4831	0.0136	-0.014434	0.00981978	1
287	0.756728	0.482196	0.0136	-0.0166719	0.0067875	1
288	0.751184	0.49174	0.0136	-0.0151007	0.00722351	1
289	0.2318892	0.44168	0.0136	0.019808	0.000622107	1
290	0.239174	0.4336	0.0136	0.0197258	-0.000953901	1
291	0.2247452	0.449888	0.0136	0.0178272	-0.00392758	1
292	0.2353908	0.452152	0.0136	0.0169268	-0.00353003	1
293	0.2076748	0.438664	0.0136	0.0174945	-0.00535579	1
294	0.1996656	0.446032	0.0136	0.0158087	-0.00598521	1
295	0.1991544	0.4569	0.0136	0.0175698	-0.00522206	1
296	0.1882364	0.456756	0.0136	0.0175747	-0.00792552	1
297	0.1678356	0.462452	0.0136	0.0169439	-0.00738254	1
298	0.1728216	0.472124	0.0136	0.0156855	-0.00797636	1
299	0.138432	0.46454	0.0136	0.0216865	-0.0132315	1
300	0.13429	0.475212	0.0136	0.0214441	-0.0133139	1
301	0.1838232	0.50196	0.0136	0.0112181	-0.0146637	1
302	0.1970164	0.498056	0.0136	0.0131742	-0.0129784	1
303	0.1268652	0.494164	0.0136	0.0122997	-0.0141416	1
304	0.711016	0.420488	0.0136	0.0112339	0.0149694	1
305	0.843168	0.479412	0.0136	-0.00827439	0.0167759	1
306	0.803228	0.49214	0.0136	-0.0166714	0.00866427	1
307	0.828236	0.504236	0.0136	-0.0247028	0.0157682	1
308	0.806572	0.502504	0.0136	-0.025516	0.0131267	1
309	0.81736	0.503916	0.0136	-0.0244577	0.0139459	1
310	0.780716	0.492088	0.0136	-0.0135908	0.0125513	1
311	0.2425364	0.443944	0.0136	0.018893	-0.00101247	1
312	0.253206	0.441816	0.0136	0.0195516	0.00109501	1
313	0.2139684	0.447816	0.0136	0.0181398	-0.00246004	1
314	0.210082	0.45798	0.0136	0.0184685	-0.0030293	1
315	0.2137176	0.46824	0.0136	0.0154625	-0.00531513	1
316	0.2028924	0.467132	0.0136	0.0173235	-0.00637436	1
317	0.1805252	0.46444	0.0136	0.0176749	-0.00784247	1
318	0.1601964	0.4702	0.0136	0.0159338	-0.00751408	1
319	0.1741552	0.48294	0.0136	0.0163453	-0.00921833	1
320	0.1810284	0.4914	0.0136	0.0153185	-0.0105087	1
321	0.1915304	0.48854	0.0136	0.0165682	-0.00817968	1
322	0.220258	0.492796	0.0136	0.014897	-0.0111884	1
323	0.106392	0.505416	0.0136	0.00270998	-0.0188209	1
324	0.2297296	0.503096	0.0136	0.0179421	-0.00505955	1
325	0.710016	0.444912	0.0136	0.0050111	0.0182302	1
326	0.8571	0.494976	0.0136	-0.025331	0.0186691	1
327	0.839112	0.504552	0.0136	-0.0273237	0.0150228	1
328	0.849988	0.504868	0.0136	-0.0248389	0.016139	1
329	0.810388	0.513756	0.0136	-0.0248817	0.0119598	1
330	0.735928	0.486732	0.0136	-0.014568	0.0134727	1
331	0.778096	0.511112	0.0136	-0.0236819	0.00356198	1
332	0.78832	0.49988	0.0136	-0.0149815	0.0101988	1
333	0.220898	0.460064	0.0136	0.0169895	-0.00306903	1
334	0.2240188	0.47174	0.0136	0.0191427	-0.00812886	1
335	0.227788	0.481948	0.0136	0.0177612	-0.00713476	1
336	0.2311312	0.492304	0.0136	0.0158257	-0.0079607	1
337	0.2490624	0.452664	0.0136	0.0176671	-0.00514985	1
338	0.1869192	0.473256	0.0136	0.0163508	-0.00879766	1
339	0.2385204	0.483792	0.0136	0.0157922	-0.00697359	1
340	0.2074228	0.477112	0.0136	0.0152449	-0.00380303	1
341	0.1963068	0.478764	0.0136	0.0167596	-0.00779274	1
342	0.2169184	0.482424	0.0136	0.016681	-0.00729348	1
343	0.2405976	0.509716	0.0136	0.0160393	-0.00844474	1
344	0.1814504	0.525256	0.0136	0.00881078	-0.0166733	1
345	0.2744752	0.771068	0.0136	-0.00857816	0.0165359	-1
346	0.874824	0.486836	0.0136	-0.0282193	0.0165653	1
347	0.86086	0.505188	0.0136	-0.0257394	0.0145532	1
348	0.87872	0.496996	0.0136	-0.0257651	0.0142407	1
349	0.788972	0.51074	0.0136	-0.0220683	0.0101274	1
350	0.767492	0.508684	0.0136	-0.0238636	0.00219958	1
351	0.770756	0.498304	0.0136	-0.0160747	0.0068732	1
352	0.74132	0.496332	0.0136	-0.0102797	0.0177127	1
353	0.705408	0.434604	0.0136	0.00508612	0.018174	1
354	0.765316	0.488872	0.0136	-0.0170903	0.00508724	1
355	0.231298	0.46326	0.0136	0.0179363	-0.00711166	1
356	0.234748	0.473584	0.0136	0.016003	-0.00800631	1
357	0.2453608	0.471188	0.0136	0.0182569	-0.000534616	1
358	0.2635076	0.483224	0.0136	0.0179314	0.00402736	1
359	0.2703024	0.4745	0.0136	0.0127968	-0.0121149	1
360	0.2702836	0.4919	0.0136	0.0159303	0.00835601	1
361	0.2484844	0.488164	0.0136	0.0164484	-0.00802941	1
362	0.2504544	0.50114	0.0136	0.0180036	-0.00554547	1
363	0.2398128	0.498864	0.0136	0.0176805	-0.00774011	1
364	0.2529452	0.512692	0.0136	0.0163624	-0.00854377	1
365	0.920472	0.446172	0.0136	-0.0200002	0.00713667	1
366	0.867976	0.495296	0.0136	-0.0260052	0.0163628	1
367	0.846256	0.494096	0.0136	-0.0250245	0.0192499	1
368	0.885568	0.488532	0.0136	-0.0284451	0.0145881	1
369	0.889468	0.498692	0.0136	-0.025571	0.0138791	1
370	0.821264	0.514076	0.0136	-0.0248568	0.0134678	1
371	0.799512	0.513424	0.0136	-0.0223005	0.0115114	1
372	0.781792	0.521396	0.0136	-0.0211767	0.00370556	1
373	0.8034	0.5236	0.0136	-0.024295	0.0122621	1
374	0.756612	0.508672	0.0136	-0.0248283	0.00544194	1
375	0.771088	0.519432	0.0136	-0.024327	0.00329825	1
376	0.719872	0.473704	0.0136	-0.0139745	0.0122769	1
377	0.2419104	0.46086	0.0136	0.0180669	-0.00554857	1
378	0.2541036	0.477744	0.0136	0.017996	0.00349864	1
379	0.2628956	0.46648	0.0136	0.0191305	-0.00344448	1
380	0.2772652	0.482872	0.0136	0.0183223	-0.00555295	1
381	0.354552	0.89746	0.0136	-0.00781535	-0.0168844	-1
382	0.2608676	0.50432	0.0136	0.0172338	-0.00662708	1
383	0.2251476	0.890228	0.0136	0.0105943	-0.0155339	-1
384	0.2580496	0.493348	0.0136	0.0184108	-0.00850224	1
385	0.2800992	0.496592	0.0136	0.0188157	0.000928773	1
386	0.2525676	0.527932	0.0136	0.0115062	-0.0144399	1
387	0.892544	0.468312	0.0136	-0.0309276	0.0128142	1
388	0.958404	0.455876	0.0136	-0.0048093	0.00254659	1
389	0.907212	0.490624	0.0136	-0.0278365	0.0118908	1
390	0.900248	0.50018	0.0136	-0.0265027	0.010233	1
391	0.853888	0.515024	0.0136	-0.0223403	0.0165793	1
392	0.871736	0.505504	0.0136	-0.0263294	0.0163996	1
393	0.843012	0.514708	0.0136	-0.0241713	0.0156939	1
394	0.814276	0.523916	0.0136	-0.0199449	0.0113401	1
395	0.776076	0.53066	0.0136	-0.0232757	0.00373102	1
396	0.76022	0.51894	0.0136	-0.0217114	0.00115664	1
397	0.765376	0.528692	0.0136	-0.0216042	0.00300873	1
398	0.759872	0.498292	0.0136	-0.017666	0.00590233	1
399	0.2525724	0.46304	0.0136	0.0182374	-0.0026399	1
400	0.259728	0.454824	0.0136	0.0183592	-0.00288227	1
401	0.923236	0.3963248	0.0136	0.0101147	0.0169238	1
402	0.91714	0.43424	0.0136	0.00910926	0.0164361	1
403	0.916768	0.456708	0.0136	-0.0217873	0.00981899	1
404	0.558	0.99968	0.0136	0.0120474	-0.0140533	-1
405	0.875116	0.475344	0.0136	-0.0271846	0.0259826	1
406	0.737912	0.43484	0.0136	-0.0103895	0.016003	1
407	0.896528	0.47912	0.0136	-0.0250962	0.0132163	1
408	0.944368	0.412176	0.0136	0.0115386	0.0149378	1
409	0.896348	0.490016	0.0136	-0.0271576	0.0114482	1
410	0.918356	0.478564	0.0136	-0.0240146	0.00988807	1
411	0.01983288	0.43132	0.0136	0.0231028	-0.010569	1
412	0.986692	0.446404	0.0136	0.00867601	-0.00417786	1
413	0.882484	0.507204	0.0136	-0.0257006	0.0150043	1
414	0.86476	0.515344	0.0136	-0.0225596	0.0189065	1
415	0.8469	0.524868	0.0136	-0.0210675	0.0162588	1
416	0.832136	0.514392	0.0136	-0.022694	0.0164123	1
417	0.786948	0.531132	0.0136	-0.0226616	0.0105617	1
418	0.781232	0.540392	0.0136	-0.0244867	0.0117914	1
419	0.740028	0.47306	0.0136	-0.0170421	0.0067318	1
420	0.745844	0.48226	0.0136	-0.0171186	0.00574677	1
421	0.2445252	0.519888	0.0136	-0.00364181	-0.0183867	1
423	0.805044	0.650224	0.0136	-0.0177526	0.00542037	1
424	0.956644	0.428268	0.0136	8.64577e-05	0.000186994	1
425	0.941852	0.45802	0.0136	-0.0124254	0.00523098	1
426	0.904016	0.468104	0.0136	-0.0277816	0.0111503	1
427	0.918524	0.467556	0.0136	-0.0228539	0.00844494	1
428	0.885748	0.477652	0.0136	-0.024916	0.0143767	1
429	0.931996	0.467468	0.0136	-0.0174538	0.00733275	1
430	0.907396	0.479604	0.0136	-0.025354	0.0112377	1
431	0.00439372	0.433132	0.0136	0.0171378	-0.00931616	1
432	0.02799648	0.40902	0.0136	0.0277064	-0.0173004	1
433	0.991304	0.430244	0.0136	0.0133909	-0.00762948	1
434	0.03481312	0.417948	0.0136	0.0279907	-0.0157175	1
435	0.94996	0.465756	0.0136	-0.0096843	0.00559055	1
436	0.893228	0.508904	0.0136	-0.0245296	0.0153918	1
437	0.875636	0.51566	0.0136	-0.0247421	0.0163574	1
438	0.836028	0.524552	0.0136	-0.0229309	0.0129865	1
439	0.79266	0.521876	0.0136	-0.0212052	0.0124189	1
440	0.791976	0.542116	0.0136	-0.0227897	0.0107822	1
441	0.802852	0.542436	0.0136	-0.0217532	0.0128018	1
442	0.696628	0.442416	0.0136	-0.00231663	0.0187558	1
443	0.399816	0.984628	0.0136	0.0128951	-0.0134828	-1
444	0.808048	0.611196	0.0136	-0.00772088	0.0164619	1
445	0.94898	0.437784	0.0136	-0.00553684	0.00282627	1
446	0.939992	0.447164	0.0136	-0.0111441	0.00541822	1
447	0.976656	0.424844	0.0136	0.00927855	-0.00530516	1
448	0.957988	0.444576	0.0136	-0.00279304	0.001429	1
449	0.00850324	0.412316	0.0136	0.022133	-0.0135442	1
450	0.977544	0.439556	0.0136	0.00671775	-0.00308658	1
451	0.1842008	0.154486	0.0136	-0.0160113	0.00953528	-1
452	0.01507548	0.421288	0.0136	0.0233703	-0.0116668	1
453	0.820784	0.610996	0.0136	-0.00969799	0.0157816	1
454	0.082462	0.400444	0.0136	0.0248772	-0.0159599	1
455	0.0551952	0.404196	0.0136	0.0333304	-0.0189758	1
456	0.985204	0.458116	0.0136	0.00564319	-0.00288005	1
457	0.0210586	0.442476	0.0136	0.0211105	-0.0115543	1
458	0.000866232	0.445532	0.0136	0.0141394	-0.00631861	1
459	0.970868	0.45882	0.0136	-0.000205071	0.000230137	1
460	0.919192	0.493928	0.0136	-0.024942	0.0114385	1
461	0.830316	0.533812	0.0136	-0.0243932	0.0133348	1
462	0.797688	0.532856	0.0136	-0.0214753	0.010229	1
463	0.808564	0.533176	0.0136	-0.0235172	0.0122075	1
464	0.813728	0.542752	0.0136	-0.0218294	0.0111287	1
465	0.780068	0.579512	0.0136	-0.0227641	0.0101107	1
466	0.963944	0.41974	0.0136	0.00550618	-0.0024162	1
467	0.966604	0.434344	0.0136	0.00322482	-0.00122536	1
468	0.816308	0.601072	0.0136	-0.00774372	0.0186492	1
469	0.814516	0.6308	0.0136	0.0081043	0.0168327	1
470	0.785884	0.589464	0.0136	-0.0222715	0.0125672	1
471	0.831508	0.601528	0.0136	-0.0166987	0.00758589	1
472	0.824988	0.722156	0.0136	0.00709114	-0.0172946	-1
473	0.801816	0.580152	0.0136	-0.0232925	0.0129371	1
474	0.831564	0.612484	0.0136	-0.00829855	0.0146458	1
475	0.823568	0.580784	0.0136	-0.0229566	0.014593	1
476	0.821848	0.639788	0.0136	-0.017499	0.00600095	1
477	0.0328298	0.429836	0.0136	0.0268598	-0.0119992	1
478	0.0658316	0.401904	0.0136	0.029132	-0.0276351	1
479	0.00966184	0.452712	0.0136	0.0168684	-0.00605482	1
480	0.948984	0.477196	0.0136	-0.0127396	0.005039	1
481	0.933284	0.478636	0.0136	-0.0185234	0.00861578	1
482	0.857776	0.525188	0.0136	-0.022382	0.0155876	1
483	0.841188	0.534128	0.0136	-0.0220227	0.0135337	1
484	0.825152	0.524236	0.0136	-0.0228082	0.0122594	1
485	0.8246	0.543072	0.0136	-0.0251244	0.0148294	1
486	0.714432	0.46072	0.0136	-0.0171989	0.00711828	1
487	0.762152	0.85368	0.0136	-0.0146963	-0.0110163	-1
488	0.899108	0.880996	0.0136	0.0168988	-0.00899779	-1
489	0.829844	0.6324	0.0136	-0.0162021	0.00874859	1
490	0.790944	0.579832	0.0136	-0.0225804	0.0140389	1
491	0.81834	0.571168	0.0136	-0.0245263	0.0113444	1
492	0.805184	0.6007	0.0136	-0.00835432	0.017767	1
493	0.796592	0.570532	0.0136	-0.0264812	0.0106049	1
494	0.857228	0.544024	0.0136	-0.0227634	0.017371	1
495	0.824052	0.561908	0.0136	-0.0274503	0.0147634	1
496	0.812692	0.580468	0.0136	-0.0226147	0.0147997	1
497	0.807464	0.570852	0.0136	-0.0245286	0.0133807	1
498	0.79676	0.589784	0.0136	-0.0215828	0.0129853	1
499	0.82638	0.622048	0.0136	-0.0169755	0.0109162	1
500	0.873812	0.53508	0.0136	-0.0227953	0.0163749	1
501	0.0670552	0.415808	0.0136	0.0234825	-0.0182927	1
502	0.1406176	0.1410212	0.0136	0.0179062	0.00495219	-1
503	0.0561764	0.415956	0.0136	0.023846	-0.0187533	1
504	0.868652	0.525504	0.0136	-0.0248828	0.0149824	1
505	0.907772	0.508036	0.0136	-0.0259236	0.0141989	1
506	0.886384	0.51736	0.0136	-0.0229328	0.0155175	1
507	0.852064	0.534448	0.0136	-0.0229351	0.0133452	1
508	0.81944	0.533496	0.0136	-0.0227846	0.0111509	1
