1
1
0.877470355731225
0.877470355731225
0.883399209486166
0.883399209486166
0.940711462450593
0.942687747035573
0.652173913043478
0.612648221343874
0.00395256916996047
0.377470355731225
0.375494071146245
0.972332015810277
0.984189723320158
0.891304347826087
0.974308300395257
0.974308300395257
0.968379446640316
0.571146245059289
0.760869565217391
0.932806324110672
0.837944664031621
0.849802371541502
0.855731225296443
0.980237154150198
0.984189723320158
0.792490118577075
0.952569169960474
0.58300395256917
0.958498023715415
0.966403162055336
0.662055335968379
0.887351778656126
0.841897233201581
0.948616600790514
0.875494071146245
1
0.00592885375494071
0.116600790513834
0.00395256916996047
0.0671936758893281
0.0118577075098814
0.0217391304347826
0.00790513833992095
0.00988142292490119
0.596837944664032
0.565217391304348
0.565217391304348
0.972332015810277
0.984189723320158
0.891304347826087
0.968379446640316
0.00395256916996047
0.363636363636364
0.16798418972332
0.181818181818182
0.930830039525692
0.837944664031621
0.851778656126482
0.976284584980237
0.982213438735178
0.75296442687747
0.986166007905138
0.824110671936759
0.968379446640316
0.662055335968379
0.893280632411067
0.960474308300395
0.841897233201581
0.944664031620553
0.877470355731225
1
0.893280632411067
0.893280632411067
1
0.99604743083004
0.990118577075099
0.944664031620553
0.942687747035573
0.964426877470356
0.91897233201581
0.905138339920949
0.867588932806324
0.826086956521739
0.869565217391304
0.887351778656126
0.895256916996047
0.978260869565217
0.575098814229249
0.557312252964427
0.839920948616601
0.363636363636364
0.260869565217391
0.268774703557312
0.0237154150197628
0.00197628458498024
0.41897233201581
0.41304347826087
0.972332015810277
0.968379446640316
0.966403162055336
0.877470355731225
0.879446640316206
1
1
0.893280632411067
1
1
0.990118577075099
0.946640316205534
0.936758893280632
0.960474308300395
0.907114624505929
0.847826086956522
0.867588932806324
0.875494071146245
0.893280632411067
0.978260869565217
0.573122529644269
0.448616600790514
0.837944664031621
0.474308300395257
0.0158102766798419
0.573122529644269
0.579051383399209
0.650197628458498
0.359683794466403
0.662055335968379
0.411067193675889
0.41304347826087
0.972332015810277
0.966403162055336
0.966403162055336
0.968379446640316
0.883399209486166
0.0217391304347826
0.950592885375494
1
1
1
1
1
1
0.930830039525692
0.932806324110672
0.99604743083004
0.988142292490119
0.990118577075099
0.988142292490119
0.719367588932806
0.717391304347826
0.800395256916996
0.723320158102767
0.703557312252964
0.922924901185771
0.911067193675889
0.901185770750988
0.950592885375494
0.938735177865613
0.942687747035573
0.950592885375494
0.936758893280632
0.948616600790514
0.782608695652174
0.946640316205534
0.934782608695652
0.802371541501976
0.792490118577075
1
0.00395256916996047
0.932806324110672
0.99604743083004
0.992094861660079
0.988142292490119
0.990118577075099
0.715415019762846
0.719367588932806
0.717391304347826
0.762845849802372
0.723320158102767
0.701581027667984
0.922924901185771
0.907114624505929
0.940711462450593
0.950592885375494
0.938735177865613
0.950592885375494
0.944664031620553
0.936758893280632
0.950592885375494
0.964426877470356
0.790513833992095
0.952569169960474
0.911067193675889
0.810276679841897
0.91897233201581
1
1
0.855731225296443
0.855731225296443
0.853754940711462
0.855731225296443
0.99802371541502
0.994071146245059
0.598814229249012
0.507905138339921
0.889328063241107
0.889328063241107
0.814229249011858
0.853754940711462
0.853754940711462
0.745059288537549
0.743083003952569
0.806324110671937
0.800395256916996
0.970355731225296
0.962450592885375
0.786561264822134
0.800395256916996
0.909090909090909
0.814229249011858
0.950592885375494
0.938735177865613
0.0197628458498024
0.660079051383399
0.662055335968379
0.887351778656126
0.83399209486166
0.901185770750988
0.889328063241107
1
1
0.855731225296443
0.855731225296443
0.853754940711462
0.855731225296443
0.988142292490119
0.600790513833992
0.507905138339921
0.897233201581028
0.814229249011858
0.849802371541502
0.853754940711462
0.814229249011858
0.74703557312253
0.808300395256917
0.804347826086957
0.970355731225296
0.786561264822134
0.790513833992095
0.905138339920949
0.816205533596838
0.938735177865613
0.940711462450593
0.952569169960474
0.662055335968379
0.66403162055336
0.893280632411067
0.83596837944664
0.897233201581028
0.881422924901186
1
1
1
1
1
0.903162055335968
0.986166007905138
0.66798418972332
0.978260869565217
0.984189723320158
0.636363636363636
0.948616600790514
0.577075098814229
0.571146245059289
0.573122529644269
0.982213438735178
0.547430830039526
0.545454545454545
0.533596837944664
0.529644268774704
0.972332015810277
0.395256916996047
0.385375494071146
0.369565217391304
0.91501976284585
0.909090909090909
0.867588932806324
0.889328063241107
0.922924901185771
0.00395256916996047
0.91699604743083
0.928853754940711
0.970355731225296
0.83596837944664
1
0.0909090909090909
0.0909090909090909
0.988142292490119
0.314229249011858
0.982213438735178
0.339920948616601
0.33596837944664
0.952569169960474
0.389328063241107
0.980237154150198
0.411067193675889
0.409090909090909
0.990118577075099
0.547430830039526
0.537549407114625
0.533596837944664
0.529644268774704
0.972332015810277
0.385375494071146
0.964426877470356
0.903162055335968
0.903162055335968
0.881422924901186
0.855731225296443
0.899209486166008
0.924901185770751
0.909090909090909
0.91304347826087
0.920948616600791
0.976284584980237
0.83596837944664
1
1
1
0.75296442687747
0.75098814229249
0.745059288537549
0.980237154150198
0.972332015810277
0.650197628458498
0.66403162055336
0.984189723320158
0.875494071146245
0.984189723320158
0.946640316205534
0.922924901185771
0.565217391304348
0.606719367588933
0.466403162055336
0.440711462450593
0.430830039525692
0.401185770750988
0.855731225296443
0.851778656126482
0.934782608695652
0.954545454545455
0.903162055335968
0.948616600790514
0.571146245059289
0.683794466403162
0.00395256916996047
1
1
0.75098814229249
0.74901185770751
0.99604743083004
0.980237154150198
0.685770750988142
0.644268774703557
0.66403162055336
0.662055335968379
0.875494071146245
0.875494071146245
0.978260869565217
0.944664031620553
0.91897233201581
0.612648221343874
0.565217391304348
0.606719367588933
0.452569169960474
0.430830039525692
0.859683794466403
0.853754940711462
0.0118577075098814
0.0118577075098814
0.0632411067193676
0.776679841897233
0.00988142292490119
0.130434782608696
0.124505928853755
0.758893280632411
1
1
0.873517786561265
0.875494071146245
0.99802371541502
0.99802371541502
0.99604743083004
0.986166007905138
0.968379446640316
0.946640316205534
0.715415019762846
0.743083003952569
0.713438735177866
0.966403162055336
0.83201581027668
0.83596837944664
0.960474308300395
0.940711462450593
0.911067193675889
0.920948616600791
0.954545454545455
0.960474308300395
0.958498023715415
0.938735177865613
0.952569169960474
0.754940711462451
0.766798418972332
0.936758893280632
0.936758893280632
0.867588932806324
0.786561264822134
0.962450592885375
1
1
0.871541501976285
1
0.99802371541502
0.994071146245059
0.986166007905138
0.966403162055336
0.946640316205534
0.952569169960474
0.713438735177866
0.733201581027668
0.717391304347826
0.713438735177866
0.83201581027668
0.83399209486166
0.812252964426877
0.938735177865613
0.932806324110672
0.91304347826087
0.952569169960474
0.954545454545455
0.956521739130435
0.932806324110672
0.956521739130435
0.956521739130435
0.762845849802372
0.938735177865613
0.861660079051383
0.786561264822134
0.962450592885375
0.798418972332016
1
1
1
1
1
0.99604743083004
0.990118577075099
0.964426877470356
0.778656126482213
0.826086956521739
0.905138339920949
0.899209486166008
0.907114624505929
0.58300395256917
0.610671936758893
0.494071146245059
0.379446640316206
0.444664031620553
0.448616600790514
0.403162055335968
0.391304347826087
0.907114624505929
0.254940711462451
0.254940711462451
0.24901185770751
0.00592885375494071
0.660079051383399
0.972332015810277
0.972332015810277
0.879446640316206
0.893280632411067
0.895256916996047
0.891304347826087
1
1
1
1
1
0.99604743083004
0.990118577075099
0.986166007905138
0.946640316205534
0.932806324110672
0.83399209486166
0.905138339920949
0.897233201581028
0.91304347826087
0.58498023715415
0.612648221343874
0.841897233201581
0.343873517786561
0.446640316205534
0.395256916996047
0.397233201581028
0.00988142292490119
0.260869565217391
0.00395256916996047
0.24901185770751
0.25098814229249
0.25098814229249
0.25098814229249
0.966403162055336
0.175889328063241
0.893280632411067
0.895256916996047
0.891304347826087
1
1
1
1
1
1
1
0.976284584980237
0.968379446640316
0.924901185770751
0.942687747035573
0.859683794466403
0.5
0.796442687747036
0.794466403162055
0.786561264822134
0.974308300395257
0.960474308300395
0.938735177865613
0.922924901185771
0.944664031620553
0.91304347826087
0.837944664031621
0.895256916996047
0.887351778656126
0.885375494071146
0.924901185770751
0.853754940711462
0.8300395256917
0.889328063241107
0.91501976284585
0.887351778656126
1
1
1
1
1
1
0.992094861660079
0.970355731225296
0.958498023715415
0.924901185770751
0.944664031620553
0.845849802371542
0.828063241106719
0.480237154150198
0.794466403162055
0.794466403162055
0.968379446640316
0.952569169960474
0.938735177865613
0.91897233201581
0.930830039525692
0.853754940711462
0.843873517786561
0.887351778656126
0.887351778656126
0.922924901185771
0.879446640316206
0.8300395256917
0.901185770750988
0.952569169960474
0.871541501976285
0.75296442687747
1
0.958498023715415
0.958498023715415
0.960474308300395
1
0.994071146245059
0.992094861660079
0.988142292490119
0.859683794466403
0.851778656126482
0.699604743083004
0.662055335968379
0.66798418972332
0.970355731225296
0.725296442687747
0.723320158102767
0.717391304347826
0.707509881422925
0.974308300395257
0.626482213438735
0.796442687747036
0.800395256916996
0.754940711462451
0.926877470355731
0.920948616600791
0.905138339920949
0.932806324110672
0.934782608695652
0.952569169960474
0.954545454545455
0.911067193675889
0.934782608695652
0.946640316205534
1
1
0.958498023715415
0.958498023715415
1
0.99802371541502
0.990118577075099
0.988142292490119
0.865612648221344
0.861660079051383
0.00395256916996047
0.00395256916996047
0.970355731225296
0.727272727272727
0.723320158102767
0.717391304347826
0.709486166007905
0.974308300395257
0.978260869565217
0.626482213438735
0.800395256916996
0.772727272727273
0.745059288537549
0.911067193675889
0.932806324110672
0.944664031620553
0.956521739130435
0.938735177865613
0.911067193675889
0.934782608695652
0.946640316205534
1
0.00988142292490119
0.903162055335968
1
0.99802371541502
0.99802371541502
0.99604743083004
0.990118577075099
0.859683794466403
0.853754940711462
0.0118577075098814
0.304347826086957
0.314229249011858
0.318181818181818
0.320158102766798
0.320158102766798
0.865612648221344
0.725296442687747
0.567193675889328
0.561264822134387
0.701581027667984
0.962450592885375
0.978260869565217
0.956521739130435
0.964426877470356
0.472332015810277
0.492094861660079
0.930830039525692
0.938735177865613
0.83399209486166
0.630434782608696
0.610671936758893
0.606719367588933
0.897233201581028
0.766798418972332
1
0.897233201581028
0.905138339920949
1
1
0.99802371541502
0.99802371541502
0.994071146245059
0.990118577075099
0.857707509881423
0.847826086956522
0.944664031620553
0.656126482213439
0.648221343873518
0.660079051383399
0.660079051383399
0.743083003952569
0.488142292490119
0.561264822134387
0.561264822134387
0.701581027667984
0.962450592885375
0.978260869565217
0.958498023715415
0.946640316205534
0.450592885375494
0.0118577075098814
0.0138339920948617
0.0158102766798419
0.120553359683794
0.282608695652174
0.274703557312253
0.895256916996047
0.766798418972332
1
0.99802371541502
0.99802371541502
1
1
1
0.988142292490119
0.853754940711462
0.855731225296443
0.843873517786561
0.772727272727273
0.818181818181818
0.677865612648221
0.656126482213439
0.549407114624506
0.636363636363636
0.468379446640316
0.00592885375494071
0.00988142292490119
0.385375494071146
0.0158102766798419
0.393280632411067
0.0158102766798419
0.958498023715415
0.940711462450593
0.367588932806324
0.962450592885375
0.950592885375494
0.173913043478261
0.00592885375494071
0.385375494071146
0.383399209486166
1
1
1
0.99802371541502
0.99802371541502
1
1
0.988142292490119
0.976284584980237
0.952569169960474
0.855731225296443
0.83596837944664
0.756916996047431
0.697628458498024
0.691699604743083
0.677865612648221
0.551383399209486
0.679841897233202
0.462450592885375
0.391304347826087
0.351778656126482
0.575098814229249
0.573122529644269
0.573122529644269
0.561264822134387
0.549407114624506
0.563241106719368
0.946640316205534
0.960474308300395
0.946640316205534
0.0118577075098814
0.385375494071146
0.385375494071146
0.91897233201581
1
1
1
1
1
1
1
0.231225296442688
0.227272727272727
0.992094861660079
0.199604743083004
0.938735177865613
0.108695652173913
0.00988142292490119
0.432806324110672
0.976284584980237
0.571146245059289
0.575098814229249
0.978260869565217
0.547430830039526
0.543478260869565
0.974308300395257
0.565217391304348
0.557312252964427
0.693675889328063
0.00790513833992095
0.626482213438735
1
0.00197628458498024
0.766798418972332
0.766798418972332
0.780632411067194
0.944664031620553
0.687747035573123
0.272727272727273
0.452569169960474
0.978260869565217
0.405138339920949
0.974308300395257
0.430830039525692
0.970355731225296
0.405138339920949
0.83596837944664
0.254940711462451
0.258893280632411
0.00592885375494071
0.306324110671937
1
1
1
1
1
1
0.962450592885375
0.903162055335968
0.91304347826087
0.877470355731225
0.794466403162055
0.792490118577075
0.875494071146245
0.881422924901186
0.6699604743083
0.764822134387352
0.454545454545455
0.66403162055336
0.673913043478261
0.296442687747036
0.290513833992095
0.280632411067194
0.612648221343874
0.602766798418972
0.899209486166008
0.877470355731225
0.920948616600791
0.901185770750988
0.926877470355731
0.909090909090909
0.909090909090909
0.909090909090909
1
1
1
1
1
1
0.994071146245059
0.962450592885375
0.91304347826087
0.91304347826087
0.867588932806324
0.745059288537549
0.788537549407115
0.792490118577075
0.873517786561265
0.873517786561265
0.768774703557312
0.764822134387352
0.460474308300395
0.399209486166008
0.673913043478261
0.298418972332016
0.290513833992095
0.286561264822134
0.280632411067194
0.602766798418972
0.877470355731225
0.924901185770751
0.897233201581028
0.922924901185771
0.91304347826087
0.907114624505929
0.91501976284585
1
1
0.743083003952569
0.99604743083004
0.992094861660079
0.984189723320158
0.984189723320158
0.990118577075099
0.988142292490119
0.994071146245059
0.988142292490119
0.970355731225296
0.972332015810277
0.984189723320158
0.632411067193676
0.982213438735178
0.509881422924901
0.960474308300395
0.592885375494071
0.361660079051383
0.359683794466403
0.355731225296443
0.974308300395257
0.310276679841897
0.310276679841897
0.175889328063241
0.00592885375494071
0.00592885375494071
0.00395256916996047
0.00395256916996047
0.00592885375494071
0.00592885375494071
0.00592885375494071
1
0.743083003952569
0.743083003952569
0.99604743083004
0.992094861660079
0.984189723320158
0.986166007905138
0.990118577075099
0.994071146245059
0.988142292490119
0.970355731225296
0.58498023715415
0.984189723320158
0.258893280632411
0.254940711462451
0.978260869565217
0.25098814229249
0.24703557312253
0.456521739130435
0.956521739130435
0.381422924901186
0.0138339920948617
0.00592885375494071
0.0197628458498024
0.00592885375494071
0.310276679841897
0.00395256916996047
0.00790513833992095
0.00988142292490119
0.00790513833992095
0.00395256916996047
0.00197628458498024
0.00592885375494071
0.00395256916996047
0.00395256916996047
1
1
1
1
0.74901185770751
0.75098814229249
0.743083003952569
0.743083003952569
0.642292490118577
0.683794466403162
0.577075098814229
0.820158102766798
0.778656126482213
0.924901185770751
0.857707509881423
0.869565217391304
0.863636363636364
0.950592885375494
0.948616600790514
0.948616600790514
0.956521739130435
0.91304347826087
0.940711462450593
0.936758893280632
0.920948616600791
0.909090909090909
0.928853754940711
0.689723320158103
0.952569169960474
0.511857707509881
0.507905138339921
0.851778656126482
1
1
0.75098814229249
0.74703557312253
0.74703557312253
0.654150197628458
0.642292490118577
0.679841897233202
0.681818181818182
0.547430830039526
0.816205533596838
0.798418972332016
0.91897233201581
0.847826086956522
0.863636363636364
0.950592885375494
0.950592885375494
0.950592885375494
0.922924901185771
0.909090909090909
0.936758893280632
0.946640316205534
0.920948616600791
0.75098814229249
0.91501976284585
0.687747035573123
0.954545454545455
0.505928853754941
0.41304347826087
0.859683794466403
0.735177865612648
1
1
1
1
1
1
0.984189723320158
0.982213438735178
0.964426877470356
0.940711462450593
0.863636363636364
0.924901185770751
0.885375494071146
0.612648221343874
0.614624505928854
0.899209486166008
0.460474308300395
0.523715415019763
0.531620553359684
0.944664031620553
0.881422924901186
0.891304347826087
0.895256916996047
0.903162055335968
0.901185770750988
0.946640316205534
0.806324110671937
0.966403162055336
0.964426877470356
0.964426877470356
0.656126482213439
0.658102766798419
1
1
1
1
1
0.99802371541502
0.986166007905138
0.984189723320158
0.952569169960474
0.873517786561265
0.861660079051383
0.875494071146245
0.893280632411067
0.577075098814229
0.604743083003953
0.899209486166008
0.523715415019763
0.523715415019763
0.942687747035573
0.976284584980237
0.869565217391304
0.891304347826087
0.895256916996047
0.881422924901186
0.0256916996047431
0.944664031620553
0.806324110671937
0.812252964426877
0.964426877470356
0.964426877470356
0.660079051383399
0.658102766798419
0.652173913043478
1
0.00790513833992095
0.00790513833992095
0.99604743083004
0.207509881422925
0.191699604743083
0.0138339920948617
0.855731225296443
0.652173913043478
0.650197628458498
0.75296442687747
0.958498023715415
0.632411067193676
0.624505928853755
0.930830039525692
0.974308300395257
0.784584980237154
0.920948616600791
0.924901185770751
0.964426877470356
0.920948616600791
0.91501976284585
0.972332015810277
0.909090909090909
0.608695652173913
0.926877470355731
0.725296442687747
0.650197628458498
0.628458498023715
0.952569169960474
0.650197628458498
0.624505928853755
0.638339920948617
0.851778656126482
1
0.988142292490119
0.988142292490119
0.99604743083004
0.790513833992095
0.782608695652174
0.824110671936759
0.646245059288538
0.689723320158103
0.652173913043478
0.650197628458498
0.75098814229249
0.628458498023715
0.624505928853755
0.934782608695652
0.976284584980237
0.776679841897233
0.920948616600791
0.934782608695652
0.932806324110672
0.920948616600791
0.91501976284585
0.976284584980237
0.909090909090909
0.891304347826087
0.936758893280632
0.936758893280632
0.217391304347826
0.952569169960474
0.00790513833992095
0.0118577075098814
0.00197628458498024
0.0177865612648221
1
1
1
1
1
1
0.992094861660079
0.924901185770751
0.788537549407115
0.91304347826087
0.974308300395257
0.725296442687747
0.978260869565217
0.978260869565217
0.978260869565217
0.306324110671937
0.300395256916996
0.215415019762846
0.0118577075098814
0.00988142292490119
0.00395256916996047
0.00790513833992095
0.156126482213439
0.223320158102767
0.341897233201581
0.343873517786561
0.00395256916996047
0.00197628458498024
0.00395256916996047
0.00790513833992095
0.00592885375494071
0.00395256916996047
0.399209486166008
0.401185770750988
1
1
1
1
1
1
0.99802371541502
0.924901185770751
0.788537549407115
0.91304347826087
0.974308300395257
0.725296442687747
0.976284584980237
0.980237154150198
0.978260869565217
0.6699604743083
0.685770750988142
0.741106719367589
0.754940711462451
0.808300395256917
0.826086956521739
0.83201581027668
0.0671936758893281
0.223320158102767
0.341897233201581
0.436758893280632
0.00395256916996047
0.00197628458498024
0.00395256916996047
0.00790513833992095
0.00592885375494071
0.00197628458498024
1
1
0.711462450592885
0.709486166007905
0.709486166007905
0.709486166007905
1
0.990118577075099
0.992094861660079
0.792490118577075
0.786561264822134
0.978260869565217
0.976284584980237
0.879446640316206
0.640316205533597
0.768774703557312
0.579051383399209
0.573122529644269
0.980237154150198
0.982213438735178
0.952569169960474
0.956521739130435
0.968379446640316
0.837944664031621
0.58498023715415
0.590909090909091
0.784584980237154
0.946640316205534
0.361660079051383
0.377470355731225
0.371541501976285
1
1
0.711462450592885
0.709486166007905
0.709486166007905
0.99802371541502
0.00197628458498024
0.00197628458498024
0.00790513833992095
0.00592885375494071
0.00790513833992095
0.00988142292490119
0.875494071146245
0.128458498023715
0.00592885375494071
0.766798418972332
0.575098814229249
0.978260869565217
0.980237154150198
0.952569169960474
0.950592885375494
0.962450592885375
0.839920948616601
0.766798418972332
0.588932806324111
0.784584980237154
0.764822134387352
0.944664031620553
0.58498023715415
0.58102766798419
1
0.00592885375494071
0.0276679841897233
0.0256916996047431
0.00592885375494071
0.0118577075098814
0.0118577075098814
0.980237154150198
0.980237154150198
0.982213438735178
0.851778656126482
0.988142292490119
0.988142292490119
0.980237154150198
0.966403162055336
0.952569169960474
0.948616600790514
0.911067193675889
0.924901185770751
0.545454545454545
0.561264822134387
0.907114624505929
0.897233201581028
0.357707509881423
0.837944664031621
0.837944664031621
0.950592885375494
0.948616600790514
0.946640316205534
0.942687747035573
0.934782608695652
0.924901185770751
0.936758893280632
0.944664031620553
0.956521739130435
1
0.00592885375494071
0.0276679841897233
0.0256916996047431
0.00988142292490119
0.0118577075098814
0.0118577075098814
0.00988142292490119
0.980237154150198
0.982213438735178
0.853754940711462
0.988142292490119
0.988142292490119
0.974308300395257
0.966403162055336
0.954545454545455
0.946640316205534
0.909090909090909
0.938735177865613
0.622529644268775
0.559288537549407
0.557312252964427
0.877470355731225
0.357707509881423
0.322134387351779
0.83596837944664
0.83596837944664
0.952569169960474
0.946640316205534
0.944664031620553
0.930830039525692
0.930830039525692
0.942687747035573
0.958498023715415
1
1
1
1
1
1
1
1
0.99802371541502
0.99802371541502
0.675889328063241
0.66403162055336
0.66798418972332
0.6699604743083
0.816205533596838
0.814229249011858
0.936758893280632
0.901185770750988
0.948616600790514
0.774703557312253
0.926877470355731
0.926877470355731
0.794466403162055
0.958498023715415
0.958498023715415
0.841897233201581
0.00988142292490119
0.00197628458498024
0.843873517786561
0.845849802371542
0.970355731225296
0.91897233201581
0.91304347826087
0.470355731225296
0.492094861660079
1
1
1
1
1
1
1
1
1
0.99802371541502
0.837944664031621
0.729249011857708
0.66403162055336
0.66798418972332
0.6699604743083
0.818181818181818
0.986166007905138
0.940711462450593
0.774703557312253
0.774703557312253
0.926877470355731
0.926877470355731
0.0237154150197628
0.0197628458498024
0.00395256916996047
0.962450592885375
0.126482213438735
0.124505928853755
0.970355731225296
0.00592885375494071
0.920948616600791
0.450592885375494
1
1
1
0.695652173913043
0.693675889328063
0.984189723320158
0.612648221343874
0.976284584980237
0.555335968379447
0.553359683794466
0.308300395256917
0.312252964426877
0.312252964426877
0.310276679841897
0.310276679841897
0.00790513833992095
0.00592885375494071
0.138339920948617
0.964426877470356
0.964426877470356
0.978260869565217
0.954545454545455
0.958498023715415
0.974308300395257
0.978260869565217
0.960474308300395
0.956521739130435
0.954545454545455
0.865612648221344
0.857707509881423
0.869565217391304
0.857707509881423
0.950592885375494
1
1
0.294466403162055
0.982213438735178
0.363636363636364
0.982213438735178
0.426877470355731
0.41897233201581
0.972332015810277
0.00395256916996047
0.314229249011858
0.312252964426877
0.310276679841897
0.310276679841897
0.16403162055336
0.156126482213439
0.138339920948617
0.964426877470356
0.960474308300395
0.982213438735178
0.958498023715415
0.974308300395257
0.978260869565217
0.974308300395257
0.960474308300395
0.954545454545455
0.956521739130435
0.859683794466403
0.855731225296443
0.934782608695652
0.808300395256917
1
1
0.616600790513834
0.616600790513834
0.616600790513834
0.616600790513834
0.610671936758893
0.610671936758893
0.608695652173913
0.984189723320158
0.300395256916996
0.274703557312253
0.25296442687747
0.241106719367589
0.00395256916996047
0.0158102766798419
0.233201581027668
0.199604743083004
0.264822134387352
0.266798418972332
0.258893280632411
0.245059288537549
0.195652173913043
0.930830039525692
0.160079051383399
0.144268774703557
0.0948616600790514
0.0869565217391304
0.0869565217391304
0.08300395256917
0.958498023715415
0.956521739130435
0.956521739130435
0.956521739130435
0.958498023715415
0.946640316205534
0.938735177865613
1
0.618577075098814
0.616600790513834
0.00197628458498024
0.00197628458498024
0.612648221343874
0.610671936758893
0.608695652173913
0.608695652173913
0.984189723320158
0.300395256916996
0.00395256916996047
0.0118577075098814
0.207509881422925
0.203557312252964
0.233201581027668
0.195652173913043
0.209486166007905
0.266798418972332
0.260869565217391
0.241106719367589
0.193675889328063
0.160079051383399
0.156126482213439
0.0928853754940712
0.0138339920948617
0.0869565217391304
0.0869565217391304
0.00395256916996047
0.956521739130435
0.954545454545455
0.960474308300395
0.944664031620553
1
1
0.804347826086957
0.794466403162055
0.980237154150198
0.8300395256917
0.632411067193676
0.634387351778656
0.00395256916996047
0.614624505928854
0.606719367588933
0.960474308300395
0.648221343873518
0.91304347826087
0.0118577075098814
0.00988142292490119
0.978260869565217
0.978260869565217
0.978260869565217
0.976284584980237
0.976284584980237
0.972332015810277
0.968379446640316
0.932806324110672
0.782608695652174
0.74703557312253
0.808300395256917
0.853754940711462
0.622529644268775
0.824110671936759
0.808300395256917
0.883399209486166
0.853754940711462
0.875494071146245
1
0.193675889328063
0.193675889328063
0.185770750988142
0.0118577075098814
0.00395256916996047
0.634387351778656
0.377470355731225
0.377470355731225
0.363636363636364
0.976284584980237
0.911067193675889
0.436758893280632
0.924901185770751
0.0118577075098814
0.978260869565217
0.978260869565217
0.978260869565217
0.978260869565217
0.976284584980237
0.980237154150198
0.972332015810277
0.932806324110672
0.782608695652174
0.75098814229249
0.75296442687747
0.786561264822134
0.630434782608696
0.814229249011858
0.946640316205534
0.883399209486166
0.883399209486166
0.875494071146245
1
1
0.885375494071146
0.99802371541502
0.612648221343874
0.608695652173913
0.598814229249012
0.588932806324111
0.972332015810277
0.379446640316206
0.972332015810277
0.282608695652174
0.306324110671937
0.970355731225296
0.189723320158103
0.183794466403162
0.571146245059289
0.812252964426877
0.810276679841897
0.810276679841897
0.814229249011858
0.984189723320158
0.976284584980237
0.792490118577075
0.867588932806324
0.869565217391304
0.986166007905138
0.772727272727273
0.982213438735178
0.885375494071146
0.978260869565217
0.780632411067194
0.776679841897233
0.978260869565217
0.976284584980237
0.213438735177866
0.00988142292490119
1
1
0.112648221343874
1
0.379446640316206
0.381422924901186
0.385375494071146
0.986166007905138
0.588932806324111
0.590909090909091
0.974308300395257
0.687747035573123
0.658102766798419
0.970355731225296
0.0158102766798419
0.272727272727273
0.0138339920948617
0.0138339920948617
0.1699604743083
0.175889328063241
0.175889328063241
0.976284584980237
0.899209486166008
0.792490118577075
0.00988142292490119
0.0138339920948617
0.986166007905138
0.0177865612648221
0.00988142292490119
0.0118577075098814
0.00988142292490119
0.00988142292490119
0.976284584980237
0.142292490118577
0.150197628458498
1
1
1
1
1
0.994071146245059
0.99604743083004
0.99802371541502
0.594861660079051
0.592885375494071
0.573122529644269
0.984189723320158
0.409090909090909
0.954545454545455
0.693675889328063
0.446640316205534
0.636363636363636
0.646245059288538
0.644268774703557
0.367588932806324
0.381422924901186
0.699604743083004
0.707509881422925
0.624505928853755
0.83399209486166
0.723320158102767
0.770750988142292
0.567193675889328
0.926877470355731
0.464426877470356
0.956521739130435
0.0256916996047431
0.0237154150197628
0.0237154150197628
0.0158102766798419
1
0.00592885375494071
0.00197628458498024
0.00395256916996047
0.990118577075099
0.411067193675889
0.984189723320158
0.543478260869565
0.952569169960474
0.970355731225296
0.780632411067194
0.00988142292490119
0.00395256916996047
0.00395256916996047
0.326086956521739
0.328063241106719
0.3300395256917
0.58695652173913
0.699604743083004
0.705533596837945
0.970355731225296
0.241106719367589
0.0197628458498024
0.891304347826087
0.0237154150197628
0.409090909090909
0.950592885375494
0.863636363636364
0.940711462450593
0.944664031620553
1
0.00592885375494071
0.0256916996047431
0.99604743083004
0.355731225296443
0.478260869565217
0.476284584980237
0.478260869565217
0.478260869565217
0.476284584980237
0.478260869565217
0.298418972332016
0.284584980237154
0.189723320158103
0.861660079051383
0.907114624505929
0.952569169960474
0.964426877470356
0.976284584980237
0.982213438735178
0.980237154150198
0.984189723320158
0.970355731225296
0.980237154150198
0.737154150197628
0.739130434782609
0.976284584980237
0.970355731225296
0.841897233201581
0.962450592885375
0.689723320158103
0.681818181818182
0.869565217391304
0.434782608695652
1
0.968379446640316
0.994071146245059
0.00790513833992095
0.986166007905138
0.988142292490119
0.478260869565217
0.478260869565217
0.478260869565217
0.478260869565217
0.478260869565217
0.478260869565217
0.296442687747036
0.284584980237154
0.24703557312253
0.160079051383399
0.869565217391304
0.958498023715415
0.964426877470356
0.972332015810277
0.978260869565217
0.00790513833992095
0.982213438735178
0.972332015810277
0.976284584980237
0.984189723320158
0.739130434782609
0.739130434782609
0.972332015810277
0.859683794466403
0.851778656126482
0.946640316205534
0.685770750988142
0.91501976284585
0.869565217391304
1
1
1
1
1
1
1
0.786561264822134
0.986166007905138
0.982213438735178
0.982213438735178
0.58498023715415
0.958498023715415
0.494071146245059
0.434782608695652
0.877470355731225
0.843873517786561
0.958498023715415
0.954545454545455
0.970355731225296
0.909090909090909
0.936758893280632
0.942687747035573
0.905138339920949
0.911067193675889
0.91304347826087
0.911067193675889
0.936758893280632
0.938735177865613
0.772727272727273
0.764822134387352
0.756916996047431
0.940711462450593
1
0.784584980237154
0.786561264822134
0.992094861660079
0.986166007905138
0.980237154150198
0.58695652173913
0.577075098814229
0.954545454545455
0.490118577075099
0.442687747035573
0.91699604743083
0.845849802371542
0.828063241106719
0.958498023715415
0.954545454545455
0.976284584980237
0.934782608695652
0.942687747035573
0.911067193675889
0.911067193675889
0.911067193675889
0.897233201581028
0.936758893280632
0.938735177865613
0.778656126482213
0.758893280632411
0.549407114624506
1
0.00395256916996047
0.00197628458498024
0.992094861660079
0.99802371541502
0.99802371541502
0.994071146245059
0.994071146245059
0.99604743083004
0.879446640316206
0.966403162055336
0.573122529644269
0.49802371541502
0.507905138339921
0.986166007905138
0.745059288537549
0.49604743083004
0.480237154150198
0.472332015810277
0.549407114624506
0.547430830039526
0.932806324110672
0.930830039525692
0.952569169960474
0.798418972332016
0.772727272727273
0.871541501976285
0.739130434782609
0.616600790513834
0.956521739130435
0.839920948616601
0.00592885375494071
1
1
1
0.956521739130435
0.99604743083004
0.99802371541502
0.99802371541502
0.99604743083004
0.99604743083004
0.99802371541502
0.879446640316206
0.972332015810277
0.794466403162055
0.784584980237154
0.49604743083004
0.50395256916996
0.509881422924901
0.74703557312253
0.745059288537549
0.239130434782609
0.464426877470356
0.460474308300395
0.403162055335968
0.373517786561265
0.932806324110672
0.930830039525692
0.952569169960474
0.958498023715415
0.00790513833992095
0.859683794466403
0.104743083003953
0.741106719367589
0.24703557312253
0.345849802371542
0.960474308300395
0.555335968379447
1
1
1
1
1
1
0.99802371541502
0.992094861660079
0.99604743083004
0.74901185770751
0.885375494071146
0.74901185770751
0.954545454545455
0.907114624505929
0.697628458498024
0.897233201581028
0.905138339920949
0.907114624505929
0.966403162055336
0.893280632411067
0.867588932806324
0.857707509881423
0.964426877470356
0.962450592885375
0.952569169960474
0.893280632411067
0.954545454545455
0.962450592885375
0.628458498023715
0.691699604743083
1
1
1
1
1
1
1
1
1
0.992094861660079
0.877470355731225
0.758893280632411
0.768774703557312
0.958498023715415
0.962450592885375
0.701581027667984
0.893280632411067
0.899209486166008
0.91699604743083
0.91304347826087
0.964426877470356
0.966403162055336
0.893280632411067
0.00592885375494071
0.960474308300395
0.895256916996047
0.952569169960474
0.954545454545455
0.891304347826087
0.893280632411067
0.958498023715415
0.877470355731225
0.758893280632411
0.521739130434783
1
0.0118577075098814
0.256916996047431
0.00790513833992095
0.00790513833992095
0.990118577075099
0.608695652173913
0.612648221343874
0.612648221343874
0.990118577075099
0.992094861660079
0.588932806324111
0.579051383399209
0.944664031620553
0.928853754940711
0.932806324110672
0.944664031620553
0.968379446640316
0.958498023715415
0.978260869565217
0.606719367588933
0.606719367588933
0.788537549407115
0.922924901185771
0.920948616600791
0.930830039525692
0.932806324110672
0.891304347826087
0.905138339920949
0.893280632411067
0.774703557312253
1
1
0.00395256916996047
0.733201581027668
0.733201581027668
0.990118577075099
0.608695652173913
0.612648221343874
0.614624505928854
0.612648221343874
0.612648221343874
0.992094861660079
0.353754940711462
0.345849802371542
0.343873517786561
0.922924901185771
0.926877470355731
0.940711462450593
0.946640316205534
0.968379446640316
0.962450592885375
0.972332015810277
0.606719367588933
0.820158102766798
0.818181818181818
0.934782608695652
0.91897233201581
0.924901185770751
0.928853754940711
0.928853754940711
0.891304347826087
0.907114624505929
0.885375494071146
0.786561264822134
0.826086956521739
1
1
0.875494071146245
0.875494071146245
0.873517786561265
0.99802371541502
0.992094861660079
0.83201581027668
0.8300395256917
0.828063241106719
0.826086956521739
0.992094861660079
0.687747035573123
0.802371541501976
0.66600790513834
0.804347826086957
0.790513833992095
0.909090909090909
0.867588932806324
0.934782608695652
0.920948616600791
0.942687747035573
0.958498023715415
0.962450592885375
0.962450592885375
0.960474308300395
0.958498023715415
0.950592885375494
0.529644268774704
0.529644268774704
0.91501976284585
0.903162055335968
0.928853754940711
0.920948616600791
0.928853754940711
1
1
0.875494071146245
0.873517786561265
0.99802371541502
1
0.992094861660079
0.83201581027668
0.804347826086957
0.992094861660079
0.992094861660079
0.703557312252964
0.770750988142292
0.652173913043478
0.790513833992095
0.776679841897233
0.909090909090909
0.867588932806324
0.938735177865613
0.926877470355731
0.952569169960474
0.958498023715415
0.962450592885375
0.962450592885375
0.962450592885375
0.950592885375494
0.956521739130435
0.533596837944664
0.525691699604743
0.897233201581028
0.928853754940711
0.924901185770751
1
0.99802371541502
0.774703557312253
0.774703557312253
0.990118577075099
0.0118577075098814
0.460474308300395
0.460474308300395
0.992094861660079
0.988142292490119
0.988142292490119
0.970355731225296
0.962450592885375
0.960474308300395
0.964426877470356
0.952569169960474
0.962450592885375
0.905138339920949
0.950592885375494
0.768774703557312
0.893280632411067
0.897233201581028
0.723320158102767
0.867588932806324
0.804347826086957
0.881422924901186
0.869565217391304
0.924901185770751
1
1
1
1
1
0.00395256916996047
0.219367588932806
0.217391304347826
0.994071146245059
0.369565217391304
0.992094861660079
0.462450592885375
0.460474308300395
0.992094861660079
0.990118577075099
0.974308300395257
0.970355731225296
0.960474308300395
0.962450592885375
0.958498023715415
0.958498023715415
0.956521739130435
0.950592885375494
0.879446640316206
0.899209486166008
0.723320158102767
0.867588932806324
0.804347826086957
0.814229249011858
0.881422924901186
0.869565217391304
0.962450592885375
1
0.966403162055336
0.966403162055336
0.988142292490119
1
1
1
0.964426877470356
0.75296442687747
0.75296442687747
0.760869565217391
0.970355731225296
0.555335968379447
0.452569169960474
0.446640316205534
0.391304347826087
0.389328063241107
0.432806324110672
0.436758893280632
0.434782608695652
0.968379446640316
0.3300395256917
0.00592885375494071
0.225296442687747
0.0138339920948617
0.00592885375494071
0.0928853754940712
0.0928853754940712
0.00395256916996047
0.00592885375494071
0.0237154150197628
0.946640316205534
0.871541501976285
1
1
1
0.966403162055336
0.966403162055336
0.988142292490119
1
1
0.990118577075099
0.964426877470356
0.758893280632411
0.75296442687747
0.760869565217391
0.966403162055336
0.968379446640316
0.555335968379447
0.454545454545455
0.395256916996047
0.391304347826087
0.389328063241107
0.434782608695652
0.434782608695652
0.972332015810277
0.328063241106719
0.292490118577075
0.272727272727273
0.217391304347826
0.859683794466403
0.847826086956522
0.859683794466403
0.0158102766798419
0.00592885375494071
0.0256916996047431
0.00197628458498024
1
0.00395256916996047
0.00790513833992095
0.99802371541502
0.436758893280632
0.430830039525692
0.432806324110672
0.369565217391304
0.986166007905138
0.922924901185771
0.567193675889328
0.83399209486166
0.8300395256917
0.808300395256917
0.887351778656126
0.982213438735178
0.701581027667984
0.760869565217391
0.0158102766798419
0.00592885375494071
0.00395256916996047
0.624505928853755
0.337944664031621
0.337944664031621
0.980237154150198
0.525691699604743
0.958498023715415
0.588932806324111
0.58498023715415
0.594861660079051
0.00197628458498024
0.00395256916996047
0.0158102766798419
0.0197628458498024
0.0138339920948617
1
0.988142292490119
0.99604743083004
0.99802371541502
0.00395256916996047
0.00988142292490119
0.0711462450592885
0.0612648221343874
0.00988142292490119
0.924901185770751
0.922924901185771
0.565217391304348
0.83399209486166
0.8300395256917
0.00395256916996047
0.0177865612648221
0.984189723320158
0.770750988142292
0.760869565217391
0.0158102766798419
0.0118577075098814
0.00790513833992095
0.624505928853755
0.282608695652174
0.00988142292490119
0.980237154150198
0.456521739130435
0.974308300395257
0.375494071146245
0.381422924901186
0.371541501976285
0.442687747035573
0.0118577075098814
0.144268774703557
0.08300395256917
0.0770750988142292
0.075098814229249
0.075098814229249
1
1
1
1
1
1
1
1
0.756916996047431
0.984189723320158
0.66798418972332
0.988142292490119
0.988142292490119
0.986166007905138
0.984189723320158
0.978260869565217
0.974308300395257
0.816205533596838
0.826086956521739
0.602766798418972
0.604743083003953
0.634387351778656
0.982213438735178
0.723320158102767
0.719367588932806
0.966403162055336
0.958498023715415
0.934782608695652
0.903162055335968
0.932806324110672
0.926877470355731
0.932806324110672
1
0.235177865612648
0.984189723320158
0.66798418972332
0.66798418972332
0.988142292490119
0.986166007905138
0.986166007905138
0.984189723320158
0.976284584980237
0.818181818181818
0.822134387351779
0.00395256916996047
0.600790513833992
0.636363636363636
0.642292490118577
0.980237154150198
0.976284584980237
0.719367588932806
0.966403162055336
0.934782608695652
0.903162055335968
0.928853754940711
0.922924901185771
0.926877470355731
1
0.75296442687747
0.74901185770751
0.74703557312253
0.743083003952569
0.743083003952569
0.737154150197628
0.719367588932806
0.855731225296443
0.796442687747036
0.794466403162055
0.877470355731225
0.948616600790514
0.962450592885375
0.952569169960474
0.924901185770751
0.934782608695652
0.934782608695652
0.932806324110672
0.91304347826087
0.883399209486166
0.940711462450593
0.899209486166008
0.00197628458498024
0.00592885375494071
0.731225296442688
0.841897233201581
0.845849802371542
0.851778656126482
0.895256916996047
0.962450592885375
1
0.0118577075098814
0.74901185770751
0.74703557312253
0.743083003952569
0.743083003952569
0.99604743083004
0.737154150197628
0.721343873517787
0.58695652173913
0.956521739130435
0.794466403162055
0.899209486166008
0.952569169960474
0.879446640316206
0.952569169960474
0.928853754940711
0.932806324110672
0.932806324110672
0.938735177865613
0.883399209486166
0.924901185770751
0.897233201581028
0.899209486166008
0.8300395256917
0.804347826086957
0.729249011857708
0.841897233201581
0.845849802371542
0.847826086956522
0.897233201581028
0.897233201581028
1
1
1
1
1
1
1
0.946640316205534
0.980237154150198
0.984189723320158
0.590909090909091
0.91897233201581
0.00988142292490119
0.0158102766798419
0.0118577075098814
0.347826086956522
0.355731225296443
0.355731225296443
0.956521739130435
0.41501976284585
0.964426877470356
0.962450592885375
0.964426877470356
0.956521739130435
0.954545454545455
0.954545454545455
0.948616600790514
0.934782608695652
0.899209486166008
0.889328063241107
0.857707509881423
0.83201581027668
0.855731225296443
0.869565217391304
1
1
1
1
1
1
0.990118577075099
0.948616600790514
0.944664031620553
0.972332015810277
0.660079051383399
0.922924901185771
0.980237154150198
0.697628458498024
0.355731225296443
0.0138339920948617
0.58300395256917
0.58695652173913
0.598814229249012
0.956521739130435
0.525691699604743
0.00790513833992095
0.964426877470356
0.956521739130435
0.954545454545455
0.954545454545455
0.932806324110672
0.91699604743083
0.861660079051383
0.818181818181818
0.865612648221344
0.764822134387352
1
1
1
1
0.99802371541502
0.99604743083004
0.992094861660079
0.976284584980237
0.938735177865613
0.679841897233202
0.660079051383399
0.91501976284585
0.920948616600791
0.873517786561265
0.877470355731225
0.907114624505929
0.922924901185771
0.91304347826087
0.899209486166008
0.873517786561265
0.954545454545455
0.8300395256917
0.612648221343874
1
1
1
1
0.99802371541502
1
1
1
1
0.99604743083004
0.992094861660079
0.926877470355731
0.968379446640316
0.885375494071146
0.660079051383399
0.91501976284585
0.901185770750988
0.877470355731225
0.922924901185771
0.907114624505929
0.968379446640316
0.867588932806324
0.869565217391304
0.875494071146245
0.83596837944664
0.83399209486166
1
0.0237154150197628
0.0118577075098814
0.0237154150197628
0.818181818181818
0.828063241106719
0.968379446640316
0.982213438735178
0.930830039525692
0.988142292490119
0.990118577075099
0.784584980237154
0.962450592885375
0.958498023715415
0.709486166007905
0.634387351778656
0.885375494071146
0.889328063241107
0.940711462450593
0.901185770750988
0.940711462450593
0.986166007905138
0.984189723320158
0.58695652173913
1
1
1
1
1
1
1
1
0.99802371541502
0.99802371541502
0.984189723320158
0.948616600790514
0.950592885375494
0.934782608695652
0.928853754940711
0.828063241106719
0.966403162055336
0.972332015810277
0.986166007905138
0.928853754940711
0.992094861660079
0.784584980237154
0.407114624505929
0.948616600790514
0.260869565217391
0.00395256916996047
0.0197628458498024
0.932806324110672
0.00592885375494071
0.942687747035573
0.982213438735178
0.990118577075099
0.592885375494071
0.976284584980237
1
1
1
1
1
1
1
0.764822134387352
0.764822134387352
0.990118577075099
0.691699604743083
0.681818181818182
0.681818181818182
0.988142292490119
0.66600790513834
0.863636363636364
0.411067193675889
0.343873517786561
0.903162055335968
0.893280632411067
0.968379446640316
0.909090909090909
0.889328063241107
0.857707509881423
0.853754940711462
0.873517786561265
0.867588932806324
0.91699604743083
0.909090909090909
0.867588932806324
0.624505928853755
0.616600790513834
0.800395256916996
1
0.774703557312253
0.225296442687747
0.988142292490119
0.304347826086957
0.292490118577075
0.984189723320158
0.306324110671937
0.863636363636364
0.411067193675889
0.905138339920949
0.897233201581028
0.891304347826087
0.905138339920949
0.968379446640316
0.901185770750988
0.887351778656126
0.857707509881423
0.857707509881423
0.851778656126482
0.861660079051383
0.873517786561265
0.871541501976285
0.899209486166008
0.865612648221344
0.83399209486166
0.723320158102767
0.624505928853755
0.800395256916996
1
0.990118577075099
0.990118577075099
0.99604743083004
1
0.99802371541502
0.928853754940711
0.873517786561265
0.863636363636364
0.861660079051383
0.865612648221344
0.968379446640316
0.972332015810277
0.976284584980237
0.367588932806324
0.369565217391304
0.950592885375494
0.284584980237154
0.272727272727273
0.197628458498024
0.191699604743083
0.187747035573123
0.183794466403162
0.183794466403162
0.179841897233202
0.00395256916996047
0.00197628458498024
0.00395256916996047
0.148221343873518
0.972332015810277
0.960474308300395
0.0652173913043478
1
1
1
0.990118577075099
0.990118577075099
1
1
0.982213438735178
0.865612648221344
0.810276679841897
0.865612648221344
0.968379446640316
0.972332015810277
0.0138339920948617
0.369565217391304
0.367588932806324
0.369565217391304
0.950592885375494
0.284584980237154
0.278656126482213
0.272727272727273
0.254940711462451
0.193675889328063
0.191699604743083
0.187747035573123
0.181818181818182
0.16600790513834
0.162055335968379
0.162055335968379
0.16403162055336
0.148221343873518
0.142292490118577
0.960474308300395
0.883399209486166
1
1
0.365612648221344
0.363636363636364
0.986166007905138
0.984189723320158
0.507905138339921
0.50197628458498
0.5
0.952569169960474
0.946640316205534
0.928853754940711
0.926877470355731
0.91897233201581
0.920948616600791
0.907114624505929
0.891304347826087
0.893280632411067
0.946640316205534
0.911067193675889
0.926877470355731
0.709486166007905
0.962450592885375
0.826086956521739
0.952569169960474
0.719367588932806
0.735177865612648
0.960474308300395
0.847826086956522
0.355731225296443
1
1
0.624505928853755
0.620553359683794
0.986166007905138
0.980237154150198
0.509881422924901
0.5
0.946640316205534
0.960474308300395
0.928853754940711
0.928853754940711
0.91897233201581
0.926877470355731
0.936758893280632
0.895256916996047
0.897233201581028
0.956521739130435
0.960474308300395
0.960474308300395
0.828063241106719
0.944664031620553
0.952569169960474
0.721343873517787
0.735177865612648
0.737154150197628
0.837944664031621
0.00197628458498024
1
1
1
1
1
1
1
1
0.99802371541502
0.911067193675889
0.812252964426877
0.849802371541502
0.812252964426877
0.828063241106719
0.950592885375494
0.677865612648221
0.701581027667984
0.820158102766798
0.804347826086957
0.405138339920949
0.401185770750988
0.391304347826087
0.389328063241107
0.389328063241107
0.389328063241107
0.389328063241107
0.571146245059289
0.349802371541502
0.241106719367589
0.185770750988142
0.456521739130435
0.446640316205534
0.422924901185771
0.407114624505929
0.41699604743083
1
1
1
1
1
1
0.938735177865613
0.932806324110672
0.911067193675889
0.824110671936759
0.0256916996047431
0.940711462450593
0.950592885375494
0.701581027667984
0.705533596837945
0.822134387351779
0.407114624505929
0.395256916996047
0.391304347826087
0.389328063241107
0.391304347826087
0.389328063241107
0.571146245059289
0.571146245059289
0.339920948616601
0.00395256916996047
0.0118577075098814
0.484189723320158
0.490118577075099
0.490118577075099
0.49802371541502
0.543478260869565
0.539525691699605
1
1
1
1
1
1
1
1
0.972332015810277
0.978260869565217
0.798418972332016
0.869565217391304
0.00592885375494071
0.758893280632411
0.110671936758893
0.288537549407115
0.290513833992095
0.274703557312253
0.00790513833992095
0.948616600790514
0.806324110671937
0.808300395256917
0.889328063241107
0.889328063241107
0.976284584980237
0.978260869565217
0.968379446640316
0.598814229249012
0.573122529644269
0.946640316205534
0.944664031620553
0.640316205533597
0.66403162055336
0.671936758893281
1
1
1
1
1
1
1
1
0.988142292490119
0.972332015810277
0.978260869565217
0.853754940711462
0.976284584980237
0.869565217391304
0.0197628458498024
0.0118577075098814
0.110671936758893
0.0790513833992095
0.290513833992095
0.0118577075098814
0.00790513833992095
0.879446640316206
0.808300395256917
0.889328063241107
0.889328063241107
0.970355731225296
0.976284584980237
0.976284584980237
0.592885375494071
0.592885375494071
0.946640316205534
0.743083003952569
0.276679841897233
0.0158102766798419
1
0.938735177865613
0.938735177865613
1
0.994071146245059
0.994071146245059
0.982213438735178
0.851778656126482
0.956521739130435
0.863636363636364
0.683794466403162
0.766798418972332
0.717391304347826
0.715415019762846
0.932806324110672
0.962450592885375
0.24703557312253
0.254940711462451
0.24901185770751
0.948616600790514
0.0256916996047431
0.0731225296442688
0.926877470355731
0.756916996047431
0.758893280632411
0.962450592885375
0.517786561264822
0.976284584980237
0.434782608695652
0.428853754940711
0.41304347826087
0.948616600790514
0.950592885375494
1
1
1
1
0.938735177865613
0.938735177865613
0.994071146245059
0.994071146245059
0.994071146245059
0.952569169960474
0.956521739130435
0.863636363636364
0.879446640316206
0.715415019762846
0.715415019762846
0.928853754940711
0.907114624505929
0.687747035573123
0.697628458498024
0.00988142292490119
0.0197628458498024
0.0237154150197628
0.75296442687747
0.934782608695652
0.187747035573123
0.956521739130435
0.00790513833992095
0.976284584980237
0.00395256916996047
0.539525691699605
0.950592885375494
0.579051383399209
1
0.851778656126482
0.843873517786561
0.843873517786561
0.843873517786561
0.992094861660079
0.978260869565217
0.954545454545455
0.980237154150198
0.899209486166008
0.758893280632411
0.828063241106719
0.798418972332016
0.788537549407115
0.839920948616601
0.8300395256917
0.766798418972332
0.887351778656126
0.861660079051383
0.952569169960474
0.952569169960474
0.950592885375494
0.956521739130435
0.940711462450593
0.843873517786561
0.950592885375494
0.976284584980237
0.788537549407115
0.976284584980237
0.549407114624506
0.347826086956522
0.345849802371542
0.223320158102767
0.221343873517787
1
0.851778656126482
0.843873517786561
0.843873517786561
0.843873517786561
0.994071146245059
0.954545454545455
0.966403162055336
0.899209486166008
0.839920948616601
0.800395256916996
0.881422924901186
0.8300395256917
0.83201581027668
0.764822134387352
0.873517786561265
0.855731225296443
0.952569169960474
0.950592885375494
0.954545454545455
0.924901185770751
0.940711462450593
0.843873517786561
0.976284584980237
0.790513833992095
0.976284584980237
0.549407114624506
0.347826086956522
0.343873517786561
0.0158102766798419
0.00790513833992095
0.964426877470356
1
1
0.66798418972332
0.00988142292490119
0.988142292490119
0.596837944664032
0.980237154150198
0.596837944664032
0.952569169960474
0.942687747035573
0.478260869565217
0.494071146245059
0.494071146245059
0.49604743083004
0.486166007905138
0.474308300395257
0.980237154150198
0.539525691699605
0.545454545454545
0.00988142292490119
0.537549407114625
0.541501976284585
0.0177865612648221
0.932806324110672
0.952569169960474
0.970355731225296
0.74901185770751
0.745059288537549
0.808300395256917
0.800395256916996
0.800395256916996
0.790513833992095
0.788537549407115
0.958498023715415
0.91304347826087
1
1
0.00592885375494071
0.988142292490119
0.387351778656126
0.984189723320158
0.375494071146245
0.948616600790514
0.391304347826087
0.468379446640316
0.948616600790514
0.494071146245059
0.494071146245059
0.49604743083004
0.486166007905138
0.474308300395257
0.974308300395257
0.428853754940711
0.278656126482213
0.264822134387352
0.369565217391304
0.369565217391304
0.938735177865613
0.972332015810277
0.00395256916996047
0.745059288537549
0.808300395256917
0.810276679841897
0.800395256916996
0.804347826086957
0.788537549407115
0.788537549407115
0.911067193675889
1
1
1
1
1
0.66600790513834
0.66403162055336
0.988142292490119
0.638339920948617
0.646245059288538
0.778656126482213
0.776679841897233
0.857707509881423
0.857707509881423
0.980237154150198
0.978260869565217
0.978260869565217
0.980237154150198
0.938735177865613
0.932806324110672
0.891304347826087
0.920948616600791
0.920948616600791
0.958498023715415
0.677865612648221
0.808300395256917
0.800395256916996
0.91699604743083
0.942687747035573
0.962450592885375
0.964426877470356
0.952569169960474
0.950592885375494
1
0.33399209486166
0.322134387351779
0.988142292490119
0.00790513833992095
0.00395256916996047
0.992094861660079
0.203557312252964
0.980237154150198
0.857707509881423
0.857707509881423
0.980237154150198
0.978260869565217
0.978260869565217
0.974308300395257
0.928853754940711
0.909090909090909
0.867588932806324
0.867588932806324
0.91897233201581
0.960474308300395
0.66600790513834
0.543478260869565
0.802371541501976
0.91897233201581
0.942687747035573
0.964426877470356
0.952569169960474
0.00395256916996047
0.00790513833992095
