0.575098814229249
0.988142292490119
0.863636363636364
0.954545454545455
0.00592885375494071
0.00197628458498024
0.974308300395257
0.735177865612648
0.555335968379447
0.954545454545455
0.837944664031621
0.978260869565217
0.448616600790514
0.391304347826087
0.00197628458498024
0.966403162055336
0.887351778656126
0.946640316205534
0.968379446640316
0.907114624505929
0.877470355731225
0.588932806324111
0.545454545454545
0.877470355731225
1
0.992094861660079
0.990118577075099
0.719367588932806
0.733201581027668
0.938735177865613
0.938735177865613
0.940711462450593
0.964426877470356
0.930830039525692
0.873517786561265
0.988142292490119
0.531620553359684
0.940711462450593
0.960474308300395
0.944664031620553
0.804347826086957
0.814229249011858
0.905138339920949
0.764822134387352
0.00197628458498024
0.790513833992095
0.911067193675889
0.66600790513834
0.83399209486166
0.99604743083004
0.596837944664032
0.883399209486166
0.764822134387352
0.798418972332016
0.962450592885375
0.792490118577075
0.907114624505929
0.964426877470356
0.903162055335968
0.634387351778656
0.00197628458498024
0.00197628458498024
0.911067193675889
0.845849802371542
0.00197628458498024
0.41304347826087
0.395256916996047
0.373517786561265
0.881422924901186
0.964426877470356
0.697628458498024
0.662055335968379
0.982213438735178
0.559288537549407
0.452569169960474
0.426877470355731
0.936758893280632
0.774703557312253
0.571146245059289
0.6699604743083
0.466403162055336
0.432806324110672
0.424901185770751
0.940711462450593
0.683794466403162
0.968379446640316
0.962450592885375
0.648221343873518
0.812252964426877
0.944664031620553
0.964426877470356
0.958498023715415
0.952569169960474
0.859683794466403
0.00395256916996047
0.99802371541502
0.83399209486166
0.966403162055336
0.960474308300395
0.954545454545455
0.75098814229249
0.745059288537549
0.867588932806324
0.978260869565217
0.881422924901186
0.837944664031621
0.828063241106719
0.509881422924901
0.355731225296443
0.00197628458498024
0.958498023715415
0.782608695652174
0.8300395256917
0.911067193675889
0.907114624505929
0.379446640316206
0.00197628458498024
0.845849802371542
0.83201581027668
0.91304347826087
0.891304347826087
0.91304347826087
0.75296442687747
1
0.855731225296443
0.976284584980237
0.909090909090909
0.885375494071146
0.891304347826087
0.909090909090909
0.986166007905138
0.865612648221344
0.978260869565217
0.600790513833992
0.768774703557312
0.911067193675889
0.946640316205534
0.942687747035573
0.948616600790514
0.992094861660079
0.859683794466403
0.00395256916996047
0.432806324110672
0.754940711462451
0.926877470355731
0.905138339920949
0.930830039525692
0.954545454545455
1
0.994071146245059
0.847826086956522
0.00197628458498024
0.677865612648221
0.978260869565217
0.99604743083004
0.859683794466403
0.946640316205534
0.646245059288538
0.00395256916996047
0.978260869565217
0.00197628458498024
0.962450592885375
0.780632411067194
0.691699604743083
0.679841897233202
0.393280632411067
0.00988142292490119
0.00197628458498024
0.851778656126482
0.818181818181818
0.648221343873518
0.464426877470356
0.312252964426877
0.970355731225296
0.00197628458498024
1
0.00197628458498024
0.822134387351779
0.944664031620553
0.984189723320158
0.707509881422925
0.974308300395257
0.428853754940711
0.938735177865613
0.994071146245059
0.934782608695652
0.74901185770751
0.944664031620553
0.766798418972332
0.393280632411067
0.284584980237154
0.901185770750988
0.91897233201581
0.74901185770751
0.879446640316206
0.462450592885375
0.278656126482213
0.903162055335968
0.926877470355731
0.389328063241107
0.725296442687747
0.505928853754941
0.970355731225296
0.00197628458498024
0.00197628458498024
0.992094861660079
0.00197628458498024
0.00197628458498024
0.00197628458498024
0.00197628458498024
0.652173913043478
0.517786561264822
0.802371541501976
0.845849802371542
0.863636363636364
0.962450592885375
0.91699604743083
0.920948616600791
0.729249011857708
0.41501976284585
0.849802371541502
0.869565217391304
0.962450592885375
0.948616600790514
0.934782608695652
0.683794466403162
0.839920948616601
0.875494071146245
0.899209486166008
0.944664031620553
0.869565217391304
0.881422924901186
0.893280632411067
0.660079051383399
0.978260869565217
0.924901185770751
0.614624505928854
0.460474308300395
0.531620553359684
0.869565217391304
0.897233201581028
0.00197628458498024
0.974308300395257
0.00395256916996047
0.592885375494071
0.960474308300395
0.970355731225296
0.00197628458498024
0.976284584980237
0.75296442687747
0.634387351778656
0.938735177865613
0.972332015810277
0.970355731225296
0.00197628458498024
0.00197628458498024
0.99802371541502
0.794466403162055
0.00197628458498024
0.00197628458498024
0.00197628458498024
0.00197628458498024
0.99604743083004
0.794466403162055
0.978260869565217
0.00197628458498024
0.00197628458498024
0.00197628458498024
0.99604743083004
0.976284584980237
0.958498023715415
0.843873517786561
0.622529644268775
0.772727272727273
0.00197628458498024
0.00197628458498024
0.956521739130435
0.790513833992095
0.590909090909091
0.772727272727273
0.598814229249012
0.00197628458498024
0.962450592885375
0.936758893280632
0.622529644268775
0.365612648221344
0.00395256916996047
0.00197628458498024
0.942687747035573
0.545454545454545
0.371541501976285
0.837944664031621
0.944664031620553
0.944664031620553
0.837944664031621
0.994071146245059
0.91897233201581
0.792490118577075
0.83399209486166
0.818181818181818
0.994071146245059
0.905138339920949
0.792490118577075
0.794466403162055
0.00197628458498024
0.00197628458498024
0.00197628458498024
0.555335968379447
0.962450592885375
0.314229249011858
0.958498023715415
0.974308300395257
0.956521739130435
0.936758893280632
0.300395256916996
0.00197628458498024
0.964426877470356
0.952569169960474
0.960474308300395
0.865612648221344
0.873517786561265
0.608695652173913
0.292490118577075
0.00197628458498024
0.942687747035573
1
0.292490118577075
0.00197628458498024
0.203557312252964
0.104743083003953
0.00197628458498024
0.942687747035573
0.994071146245059
0.920948616600791
0.00197628458498024
0.978260869565217
0.978260869565217
0.75098814229249
0.600790513833992
0.911067193675889
0.148221343873518
0.00197628458498024
0.276679841897233
0.976284584980237
0.968379446640316
0.798418972332016
0.826086956521739
0.381422924901186
0.968379446640316
0.869565217391304
0.00197628458498024
0.00197628458498024
0.968379446640316
0.00197628458498024
0.140316205533597
0.594861660079051
0.976284584980237
0.784584980237154
0.636363636363636
0.00197628458498024
0.00395256916996047
0.00197628458498024
0.00197628458498024
0.843873517786561
0.0158102766798419
0.00197628458498024
0.233201581027668
0.952569169960474
0.982213438735178
0.859683794466403
0.75296442687747
0.875494071146245
0.903162055335968
0.980237154150198
0.976284584980237
0.711462450592885
0.883399209486166
0.786561264822134
0.58300395256917
0.478260869565217
0.849802371541502
0.958498023715415
0.936758893280632
0.91304347826087
0.897233201581028
0.946640316205534
0.549407114624506
0.857707509881423
0.960474308300395
0.903162055335968
0.909090909090909
0.911067193675889
0.768774703557312
0.930830039525692
0.871541501976285
0.871541501976285
0.788537549407115
0.509881422924901
0.486166007905138
0.936758893280632
0.622529644268775
0.99604743083004
0.871541501976285
0.391304347826087
0.954545454545455
0.703557312252964
0.952569169960474
0.926877470355731
0.962450592885375
0.879446640316206
0.895256916996047
0.893280632411067
0.99802371541502
0.75098814229249
0.707509881422925
0.867588932806324
0.920948616600791
0.879446640316206
0.00197628458498024
0.525691699604743
0.00197628458498024
0.612648221343874
0.00197628458498024
0.970355731225296
0.960474308300395
0.816205533596838
0.932806324110672
0.928853754940711
0.891304347826087
0.812252964426877
0.00197628458498024
0.930830039525692
0.958498023715415
0.00197628458498024
0.922924901185771
0.891304347826087
0.845849802371542
0.705533596837945
0.772727272727273
0.926877470355731
0.920948616600791
0.563241106719368
0.8300395256917
0.689723320158103
0.780632411067194
0.934782608695652
0.922924901185771
0.960474308300395
0.557312252964427
0.924901185770751
0.920948616600791
0.622529644268775
0.990118577075099
0.974308300395257
0.956521739130435
0.960474308300395
0.701581027667984
0.778656126482213
0.814229249011858
0.897233201581028
0.460474308300395
0.988142292490119
0.958498023715415
0.958498023715415
0.958498023715415
0.727272727272727
0.924901185770751
0.920948616600791
0.905138339920949
0.99802371541502
0.950592885375494
0.966403162055336
0.464426877470356
0.395256916996047
0.326086956521739
0.00197628458498024
0.99604743083004
0.948616600790514
0.464426877470356
0.446640316205534
0.436758893280632
0.972332015810277
0.00197628458498024
0.367588932806324
0.920948616600791
0.766798418972332
0.519762845849802
0.00197628458498024
0.00197628458498024
0.00197628458498024
0.442687747035573
1
0.66798418972332
0.986166007905138
0.818181818181818
0.454545454545455
0.978260869565217
0.877470355731225
0.922924901185771
0.988142292490119
0.974308300395257
0.00197628458498024
0.966403162055336
0.956521739130435
0.877470355731225
0.936758893280632
0.99604743083004
0.731225296442688
0.824110671936759
0.944664031620553
0.879446640316206
0.920948616600791
0.893280632411067
0.895256916996047
0.00197628458498024
0.948616600790514
0.737154150197628
0.841897233201581
0.796442687747036
0.950592885375494
0.964426877470356
0.924901185770751
0.934782608695652
0.895256916996047
0.851778656126482
0.956521739130435
1
0.982213438735178
0.598814229249012
0.00197628458498024
0.00197628458498024
0.812252964426877
0.818181818181818
1
0.982213438735178
0.598814229249012
0.0118577075098814
0.964426877470356
0.950592885375494
0.91501976284585
0.828063241106719
0.869565217391304
0.926877470355731
0.911067193675889
0.91501976284585
0.907114624505929
0.863636363636364
1
0.972332015810277
0.660079051383399
0.91897233201581
0.865612648221344
0.901185770750988
0.74703557312253
0.592885375494071
1
0.83596837944664
0.00197628458498024
0.990118577075099
0.897233201581028
0.972332015810277
0.875494071146245
0.857707509881423
0.855731225296443
0.869565217391304
0.867588932806324
0.640316205533597
0.00197628458498024
0.409090909090909
0.909090909090909
0.869565217391304
0.91501976284585
0.867588932806324
0.800395256916996
0.984189723320158
0.371541501976285
0.361660079051383
0.278656126482213
0.260869565217391
0.00395256916996047
0.99802371541502
0.928853754940711
0.861660079051383
0.320158102766798
0.197628458498024
0.183794466403162
0.347826086956522
0.954545454545455
0.936758893280632
0.930830039525692
0.928853754940711
0.950592885375494
0.962450592885375
0.944664031620553
0.774703557312253
0.723320158102767
0.353754940711462
0.638339920948617
0.505928853754941
0.954545454545455
0.934782608695652
0.930830039525692
0.879446640316206
0.942687747035573
0.707509881422925
0.826086956521739
0.723320158102767
0.883399209486166
0.00197628458498024
0.944664031620553
0.839920948616601
0.701581027667984
0.339920948616601
0.193675889328063
0.920948616600791
0.814229249011858
0.849802371541502
0.703557312252964
0.405138339920949
0.241106719367589
0.428853754940711
0.992094861660079
0.853754940711462
0.976284584980237
0.869565217391304
0.974308300395257
0.592885375494071
0.760869565217391
0.869565217391304
0.00197628458498024
0.974308300395257
0.573122529644269
0.284584980237154
0.994071146245059
0.948616600790514
0.91897233201581
0.523715415019763
1
0.980237154150198
0.851778656126482
0.762845849802372
0.00395256916996047
0.189723320158103
0.442687747035573
0.00395256916996047
0.881422924901186
0.873517786561265
0.952569169960474
0.940711462450593
0.768774703557312
0.713438735177866
0.978260869565217
0.8300395256917
0.792490118577075
0.887351778656126
0.952569169960474
0.938735177865613
0.950592885375494
0.978260869565217
0.964426877470356
0.594861660079051
0.565217391304348
0.948616600790514
0.806324110671937
0.00197628458498024
0.377470355731225
0.389328063241107
0.944664031620553
0.476284584980237
0.432806324110672
0.00197628458498024
0.91897233201581
0.630434782608696
0.992094861660079
0.980237154150198
0.928853754940711
0.867588932806324
0.954545454545455
0.644268774703557
0.948616600790514
0.349802371541502
0.980237154150198
0.938735177865613
0.926877470355731
0.970355731225296
0.798418972332016
0.952569169960474
