1
0.114624505928854
0.114624505928854
0.112648221343874
0.110671936758893
0.966403162055336
0.448616600790514
0.00592885375494071
0.00592885375494071
0.00197628458498024
0.00197628458498024
0.0652173913043478
0.0671936758893281
0.00790513833992095
0.00197628458498024
0.0592885375494071
0.0553359683794466
0.0118577075098814
0.00790513833992095
0.00395256916996047
0.00790513833992095
0.00395256916996047
0.409090909090909
0.861660079051383
0.859683794466403
0.0434782608695652
0.033596837944664
0.00592885375494071
0.0177865612648221
0.786561264822134
0.788537549407115
0.792490118577075
0.788537549407115
0.00197628458498024
0.00988142292490119
0.00197628458498024
0.00197628458498024
0.83596837944664
0.00197628458498024
1
0.875494071146245
0.873517786561265
0.869565217391304
0.867588932806324
0.865612648221344
0.972332015810277
0.970355731225296
0.507905138339921
0.509881422924901
0.189723320158103
0.16798418972332
0.00395256916996047
0.00197628458498024
0.00197628458498024
0.102766798418972
0.102766798418972
0.100790513833992
0.0988142292490119
0.0948616600790514
0.00395256916996047
0.00197628458498024
0.41897233201581
0.00790513833992095
0.00592885375494071
0.00592885375494071
0.0375494071146245
0.00197628458498024
0.033596837944664
0.0316205533596838
0.0217391304347826
0.0138339920948617
0.00592885375494071
0.0158102766798419
0.0158102766798419
0.00197628458498024
0.00592885375494071
0.792490118577075
0.794466403162055
0.796442687747036
0.845849802371542
0.843873517786561
0.839920948616601
0.83596837944664
0.83201581027668
0.828063241106719
1
0.00592885375494071
0.984189723320158
0.978260869565217
0.563241106719368
0.559288537549407
0.557312252964427
0.547430830039526
0.00197628458498024
0.00395256916996047
0.00197628458498024
0.00197628458498024
0.936758893280632
0.535573122529644
0.527667984189723
0.523715415019763
0.0316205533596838
0.00197628458498024
0.00197628458498024
0.00395256916996047
0.0158102766798419
0.0138339920948617
0.0118577075098814
0.00790513833992095
0.00395256916996047
0.00592885375494071
0.3300395256917
0.00395256916996047
0.00197628458498024
0.00197628458498024
0.177865612648221
0.106719367588933
0.104743083003953
0.102766798418972
0.0968379446640316
0.0948616600790514
0.00197628458498024
0.0909090909090909
0.08300395256917
0.104743083003953
0.00197628458498024
0.0158102766798419
1
0.58695652173913
0.58498023715415
0.58102766798419
0.984189723320158
0.980237154150198
0.363636363636364
0.359683794466403
0.347826086956522
0.345849802371542
0.00592885375494071
0.00395256916996047
0.00197628458498024
0.00592885375494071
0.602766798418972
0.946640316205534
0.944664031620553
0.942687747035573
0.00592885375494071
0.527667984189723
0.521739130434783
0.488142292490119
0.486166007905138
0.484189723320158
0.482213438735178
0.462450592885375
0.00197628458498024
0.389328063241107
0.387351778656126
0.369565217391304
0.00197628458498024
0.436758893280632
0.399209486166008
0.401185770750988
0.393280632411067
0.758893280632411
0.75296442687747
0.675889328063241
0.177865612648221
0.00395256916996047
0.00197628458498024
0.0652173913043478
0.0632411067193676
0.00988142292490119
0.00197628458498024
0.0138339920948617
0.00988142292490119
1
0.99802371541502
0.99604743083004
0.994071146245059
0.990118577075099
0.424901185770751
0.420948616600791
0.41699604743083
0.970355731225296
0.966403162055336
0.964426877470356
0.962450592885375
0.956521739130435
0.00197628458498024
0.948616600790514
0.00197628458498024
0.00790513833992095
0.00395256916996047
0.00197628458498024
0.00197628458498024
0.881422924901186
0.877470355731225
0.00395256916996047
0.00395256916996047
0.00790513833992095
0.00395256916996047
0.994071146245059
0.428853754940711
0.424901185770751
0.41501976284585
0.41304347826087
0.972332015810277
0.968379446640316
0.966403162055336
0.962450592885375
0.954545454545455
0.950592885375494
0.942687747035573
0.0118577075098814
0.00988142292490119
0.00790513833992095
0.00395256916996047
0.00790513833992095
0.0434782608695652
0.041501976284585
0.00197628458498024
0.00395256916996047
0.00197628458498024
0.91897233201581
0.91699604743083
0.91501976284585
0.879446640316206
0.865612648221344
0.863636363636364
0.00197628458498024
0.841897233201581
0.839920948616601
0.83596837944664
0.83399209486166
0.83201581027668
0.8300395256917
0.00988142292490119
0.00790513833992095
0.00197628458498024
0.881422924901186
0.869565217391304
0.859683794466403
0.00592885375494071
0.00790513833992095
1
0.99802371541502
0.99604743083004
0.994071146245059
0.992094861660079
0.946640316205534
0.00395256916996047
0.00197628458498024
0.00395256916996047
0.00197628458498024
0.968379446640316
0.960474308300395
0.960474308300395
0.0118577075098814
0.00592885375494071
0.00790513833992095
0.00197628458498024
0.00988142292490119
0.00592885375494071
0.00197628458498024
0.901185770750988
0.0375494071146245
0.00395256916996047
0.00592885375494071
0.00395256916996047
0.00197628458498024
0.00790513833992095
0.00197628458498024
0.00197628458498024
0.883399209486166
0.681818181818182
0.0494071146245059
0.0118577075098814
0.00592885375494071
0.974308300395257
0.972332015810277
0.970355731225296
0.966403162055336
0.960474308300395
0.944664031620553
0.932806324110672
0.928853754940711
0.920948616600791
0.928853754940711
0.0118577075098814
0.00395256916996047
0.00197628458498024
0.901185770750988
0.863636363636364
0.863636363636364
0.861660079051383
0.859683794466403
0.883399209486166
0.814229249011858
0.00592885375494071
0.00395256916996047
0.00197628458498024
0.00197628458498024
0.00197628458498024
0.887351778656126
0.885375494071146
0.883399209486166
1
0.99802371541502
0.99604743083004
0.994071146245059
0.320158102766798
0.314229249011858
0.308300395256917
0.318181818181818
0.00395256916996047
0.00197628458498024
0.00395256916996047
0.00395256916996047
0.00197628458498024
0.00197628458498024
0.00592885375494071
0.920948616600791
0.928853754940711
0.517786561264822
0.521739130434783
0.521739130434783
0.519762845849802
0.00592885375494071
0.00197628458498024
0.00197628458498024
0.922924901185771
0.920948616600791
0.91897233201581
0.756916996047431
0.754940711462451
0.75296442687747
0.75098814229249
0.74901185770751
0.00395256916996047
0.00988142292490119
0.00197628458498024
0.185770750988142
0.00197628458498024
0.00197628458498024
0.588932806324111
0.994071146245059
0.00197628458498024
0.316205533596838
0.268774703557312
0.270750988142292
0.264822134387352
0.268774703557312
0.00197628458498024
0
0.260869565217391
0.948616600790514
0.936758893280632
0.00197628458498024
0.922924901185771
0.41304347826087
0.00592885375494071
0.91897233201581
0.152173913043478
0.146245059288538
0.142292490118577
0.138339920948617
0.0237154150197628
0.00395256916996047
0.0138339920948617
0.104743083003953
0.00197628458498024
0.00197628458498024
0.00197628458498024
0.0118577075098814
0.0513833992094862
0.00592885375494071
0.00395256916996047
0.00197628458498024
0.08300395256917
0.0849802371541502
0.00395256916996047
0.00197628458498024
0.946640316205534
0.944664031620553
0.942687747035573
0.00197628458498024
0.00790513833992095
0.00790513833992095
0.00395256916996047
0.00395256916996047
0.00988142292490119
0.00790513833992095
0.041501976284585
0.0118577075098814
0.00395256916996047
0.00592885375494071
0.0731225296442688
0.0770750988142292
0.0632411067193676
0.00197628458498024
0.00197628458498024
0.0355731225296443
0.00197628458498024
1
0.944664031620553
0.942687747035573
0.938735177865613
0.938735177865613
0.936758893280632
0.974308300395257
0.00592885375494071
0.00395256916996047
0.00197628458498024
0.00197628458498024
0.942687747035573
0.705533596837945
0.707509881422925
0.699604743083004
0.703557312252964
0.932806324110672
0.91897233201581
0.871541501976285
0.00592885375494071
0.0118577075098814
0.00988142292490119
0.901185770750988
0.901185770750988
0.901185770750988
0.899209486166008
0.897233201581028
0.822134387351779
0.0533596837944664
0.041501976284585
0.00395256916996047
0.00197628458498024
0.00197628458498024
0.99802371541502
0.863636363636364
0.859683794466403
0.859683794466403
0.0177865612648221
0.00197628458498024
0.00395256916996047
0.00988142292490119
0.00592885375494071
0.0138339920948617
0.00395256916996047
0.920948616600791
0.507905138339921
0.49604743083004
0.00197628458498024
0.00988142292490119
0.00197628458498024
0.00395256916996047
0.00197628458498024
0.00197628458498024
0.00592885375494071
0.0158102766798419
0.00395256916996047
0.00592885375494071
0.0217391304347826
0.00592885375494071
0.00395256916996047
1
0.00197628458498024
0.124505928853755
0.122529644268775
0.00395256916996047
0.106719367588933
0.104743083003953
0.00395256916996047
0.0988142292490119
0.100790513833992
0.0988142292490119
0.946640316205534
0.920948616600791
0.403162055335968
0.00395256916996047
0.00197628458498024
0.00197628458498024
0.00197628458498024
0.00197628458498024
0.0316205533596838
0.00988142292490119
0.00395256916996047
0.00988142292490119
0.00592885375494071
0.00197628458498024
0.00592885375494071
0.00395256916996047
0.00197628458498024
0.895256916996047
0.893280632411067
0.891304347826087
0.889328063241107
0.863636363636364
0.861660079051383
0.00395256916996047
0.857707509881423
0.942687747035573
0.940711462450593
0.936758893280632
0.934782608695652
0.926877470355731
0.924901185770751
0.932806324110672
0.934782608695652
0.83596837944664
0.00395256916996047
0.0968379446640316
0.00790513833992095
0.0909090909090909
0.0869565217391304
0.920948616600791
0.909090909090909
0.00197628458498024
0.909090909090909
0.00197628458498024
0.00395256916996047
0.91501976284585
0.909090909090909
0.731225296442688
0.00592885375494071
0.00395256916996047
0.00197628458498024
0.0731225296442688
0.0691699604743083
0.0691699604743083
0.697628458498024
0.83399209486166
0.00592885375494071
0.00197628458498024
0.00592885375494071
1
0.99802371541502
0.99604743083004
0.0513833992094862
0.0197628458498024
0.00197628458498024
0.00988142292490119
0.00988142292490119
0.0158102766798419
0.00988142292490119
0.00988142292490119
0.00592885375494071
0.00197628458498024
0.00592885375494071
0.00197628458498024
0.00988142292490119
0.909090909090909
0.926877470355731
0.924901185770751
0.922924901185771
0.920948616600791
0.91897233201581
0.91699604743083
0.911067193675889
0.911067193675889
0.743083003952569
0.00395256916996047
0.00790513833992095
0.00197628458498024
0.16403162055336
0.160079051383399
0.00197628458498024
0.00395256916996047
0.83399209486166
0.839920948616601
0.83596837944664
0.83596837944664
0.83399209486166
1
0.420948616600791
0.41699604743083
0.403162055335968
0.41304347826087
0.363636363636364
0.00592885375494071
0.0118577075098814
0.565217391304348
0.596837944664032
0.594861660079051
0.590909090909091
0.525691699604743
0.527667984189723
0.430830039525692
0.428853754940711
0.00592885375494071
0.00988142292490119
0.420948616600791
0.41897233201581
0.41699604743083
0.41501976284585
0.0928853754940712
0.00197628458498024
0.343873517786561
0.00197628458498024
0.397233201581028
0.395256916996047
0.826086956521739
0.822134387351779
0.818181818181818
0.816205533596838
0.00592885375494071
0.00790513833992095
0.00197628458498024
0.00592885375494071
0.770750988142292
0.770750988142292
0.839920948616601
0.806324110671937
0.806324110671937
0.806324110671937
0.075098814229249
0.0454545454545455
0.00592885375494071
0.610671936758893
0.602766798418972
1
0.571146245059289
0.569169960474308
0.567193675889328
0.00592885375494071
0.00197628458498024
0.563241106719368
0.565217391304348
0.600790513833992
0.596837944664032
0.58695652173913
0.533596837944664
0.0889328063241107
0.00395256916996047
0.0810276679841897
0.0671936758893281
0.075098814229249
0.00197628458498024
0.00395256916996047
0.00197628458498024
0.401185770750988
0.393280632411067
0.395256916996047
0.389328063241107
0.826086956521739
0.820158102766798
0.818181818181818
0.877470355731225
0.869565217391304
0.867588932806324
0.865612648221344
0.863636363636364
0.859683794466403
0.861660079051383
0.0849802371541502
0.075098814229249
0.0731225296442688
0.816205533596838
0.00197628458498024
0.00197628458498024
0.622529644268775
0.620553359683794
0.658102766798419
0.610671936758893
0.604743083003953
0.602766798418972
1
0.00592885375494071
0.00592885375494071
0.00197628458498024
0.946640316205534
0.972332015810277
0.276679841897233
0.274703557312253
0.00395256916996047
0.00197628458498024
0.00395256916996047
0.00197628458498024
0.278656126482213
0.276679841897233
0.195652173913043
0.183794466403162
0.16600790513834
0.160079051383399
0.160079051383399
0.154150197628458
0.00988142292490119
0.00988142292490119
0.00988142292490119
0.00592885375494071
0.00197628458498024
0.83399209486166
0.83201581027668
0.8300395256917
0.828063241106719
0.826086956521739
0.826086956521739
0.00197628458498024
0.00988142292490119
0.118577075098814
0.110671936758893
0.00197628458498024
0.00197628458498024
0.104743083003953
0.102766798418972
0.00395256916996047
0.144268774703557
1
0.988142292490119
0.986166007905138
0.984189723320158
0.982213438735178
0.978260869565217
0.940711462450593
0.00197628458498024
0.970355731225296
0.693675889328063
0.691699604743083
0.687747035573123
0.683794466403162
0.932806324110672
0.930830039525692
0.00395256916996047
0.648221343873518
0.0138339920948617
0.00790513833992095
0.00790513833992095
0.00197628458498024
0.00790513833992095
0.0118577075098814
0.00395256916996047
0.768774703557312
0.766798418972332
0.768774703557312
0.766798418972332
0.879446640316206
0.00395256916996047
0.00790513833992095
0.0454545454545455
0.00197628458498024
0.0355731225296443
0.154150197628458
0.00197628458498024
0.00395256916996047
0.00395256916996047
0.00197628458498024
0.705533596837945
0.703557312252964
0.707509881422925
0.766798418972332
0.764822134387352
0.648221343873518
1
0.99604743083004
0.99604743083004
0.994071146245059
0.992094861660079
0.990118577075099
0.988142292490119
0.725296442687747
0.118577075098814
0.116600790513834
0.00592885375494071
0.00395256916996047
0.229249011857708
0.227272727272727
0.225296442687747
0.00790513833992095
0.00197628458498024
0.00197628458498024
0.203557312252964
0.201581027667984
0.0177865612648221
0.00395256916996047
0.00197628458498024
0.00395256916996047
0.721343873517787
0.719367588932806
0.717391304347826
0.715415019762846
0.713438735177866
0.0118577075098814
0.00395256916996047
0.00197628458498024
0.677865612648221
0.673913043478261
0.675889328063241
0.0177865612648221
0.00592885375494071
0.00395256916996047
0.00988142292490119
0.00197628458498024
0.986166007905138
0.58498023715415
0.58498023715415
0.0790513833992095
0.00197628458498024
0.118577075098814
0.116600790513834
0.225296442687747
0.223320158102767
0.0177865612648221
0.00197628458498024
0.00592885375494071
0.729249011857708
0.727272727272727
0.725296442687747
0.0355731225296443
0.00395256916996047
0.00197628458498024
0.041501976284585
0.00395256916996047
0.00395256916996047
0.679841897233202
0.679841897233202
0.685770750988142
0.683794466403162
0.675889328063241
0.00197628458498024
0.00395256916996047
0.00197628458498024
0.00197628458498024
0.00395256916996047
1
0.994071146245059
0.990118577075099
0.964426877470356
0.962450592885375
0.960474308300395
0.958498023715415
0.00592885375494071
0.00790513833992095
0.778656126482213
0.782608695652174
0.00197628458498024
0.0553359683794466
0.00395256916996047
0.648221343873518
0.00395256916996047
0.00790513833992095
0.00197628458498024
0.624505928853755
0.658102766798419
0.656126482213439
0.654150197628458
0.00197628458498024
0.644268774703557
0.00197628458498024
0.640316205533597
0.630434782608696
0.630434782608696
0.626482213438735
0.624505928853755
0.622529644268775
0.620553359683794
0.543478260869565
0.00395256916996047
0.543478260869565
0.0296442687747036
0.00197628458498024
0.00197628458498024
0.00395256916996047
0.802371541501976
0.812252964426877
0.810276679841897
0.640316205533597
1
0.99604743083004
0.992094861660079
0.988142292490119
0.00395256916996047
0.00395256916996047
0.00395256916996047
0.00988142292490119
0.778656126482213
0.721343873517787
0.719367588932806
0.711462450592885
0.889328063241107
0.652173913043478
0.650197628458498
0.642292490118577
0.636363636363636
0.00395256916996047
0.00197628458498024
0.650197628458498
0.646245059288538
0.00197628458498024
0.264822134387352
0.262845849802372
0.260869565217391
0.258893280632411
0.256916996047431
0.00197628458498024
0.0731225296442688
0.0612648221343874
0.00988142292490119
0.00197628458498024
0.511857707509881
0.509881422924901
0.507905138339921
0.808300395256917
0.00592885375494071
0.00197628458498024
0.00395256916996047
1
0.624505928853755
0.624505928853755
0.622529644268775
0.620553359683794
0.604743083003953
0.422924901185771
0.409090909090909
0.0118577075098814
0.00395256916996047
0.575098814229249
0.573122529644269
0.571146245059289
0.569169960474308
0.567193675889328
0.743083003952569
0.743083003952569
0.743083003952569
0.00790513833992095
0.00395256916996047
0.00197628458498024
0.173913043478261
0.203557312252964
0.197628458498024
0.177865612648221
0.16403162055336
0.16403162055336
0.162055335968379
0.154150197628458
0.152173913043478
0.142292490118577
0.0632411067193676
0.0217391304347826
0.00197628458498024
0.0158102766798419
0.00395256916996047
0.00197628458498024
0.00197628458498024
0.00395256916996047
0.00197628458498024
0.00592885375494071
1
0.361660079051383
0.367588932806324
0.363636363636364
0.361660079051383
0.361660079051383
0.359683794466403
0.41897233201581
0.411067193675889
0.1699604743083
0.173913043478261
0.171936758893281
0.1699604743083
0.00395256916996047
0.00197628458498024
0.0296442687747036
0.00790513833992095
0.00197628458498024
0.175889328063241
0.173913043478261
0.201581027667984
0.199604743083004
0.197628458498024
0.175889328063241
0.1699604743083
0.16798418972332
0.00592885375494071
0.709486166007905
0.713438735177866
0.885375494071146
0.717391304347826
0.857707509881423
0.778656126482213
0.75296442687747
0.766798418972332
0.00197628458498024
0.83596837944664
0.00197628458498024
0.00790513833992095
0.00197628458498024
0.440711462450593
0.00197628458498024
0.798418972332016
0.796442687747036
0.794466403162055
0.00790513833992095
0.0691699604743083
0.00197628458498024
1
0.99802371541502
0.99604743083004
0.992094861660079
0.00592885375494071
0.00395256916996047
0.00197628458498024
0.00197628458498024
0.0118577075098814
0.00988142292490119
0.00395256916996047
0.00197628458498024
0.986166007905138
0.984189723320158
0.982213438735178
0.980237154150198
0.978260869565217
0.976284584980237
0.0197628458498024
0.00395256916996047
0.00395256916996047
0.952569169960474
0.950592885375494
0.948616600790514
0.901185770750988
0.897233201581028
1
0.99802371541502
0.99604743083004
0.272727272727273
0.278656126482213
0.276679841897233
0.276679841897233
0.274703557312253
0.00592885375494071
0.00395256916996047
0.954545454545455
0.00395256916996047
0
0.00197628458498024
0.0711462450592885
0.849802371541502
0.00197628458498024
0.0296442687747036
0.00395256916996047
0.00197628458498024
0.00197628458498024
0.00197628458498024
0.899209486166008
0.901185770750988
0.901185770750988
0.00988142292490119
0.00592885375494071
0.00197628458498024
0.871541501976285
0.00592885375494071
0.00592885375494071
0.869565217391304
0.875494071146245
0.994071146245059
0.711462450592885
0.703557312252964
0.701581027667984
0.697628458498024
0.695652173913043
0.960474308300395
0.958498023715415
0.956521739130435
0.952569169960474
0.00592885375494071
0.00197628458498024
0.00592885375494071
0.00197628458498024
0.00395256916996047
0.00197628458498024
0.0395256916996047
0.00197628458498024
0.00197628458498024
0.0395256916996047
0.00592885375494071
0.00197628458498024
0.00197628458498024
0.891304347826087
0.891304347826087
0.861660079051383
0.83399209486166
0.00592885375494071
0.00197628458498024
1
0.99802371541502
0.994071146245059
0.988142292490119
0.974308300395257
0.00197628458498024
0.0177865612648221
0.00395256916996047
0.00197628458498024
0.00197628458498024
0.958498023715415
0.958498023715415
0.956521739130435
0.954545454545455
0.952569169960474
0.950592885375494
0.948616600790514
0.946640316205534
0.00197628458498024
0.0158102766798419
0.00197628458498024
0.00395256916996047
0.837944664031621
0.837944664031621
0.284584980237154
0.00197628458498024
0.00197628458498024
0.00197628458498024
0.280632411067194
0.280632411067194
0.272727272727273
0.272727272727273
0.266798418972332
0.260869565217391
0.260869565217391
0.808300395256917
0.679841897233202
0.677865612648221
0.673913043478261
0.733201581027668
1
0.990118577075099
0.988142292490119
0.984189723320158
0.00197628458498024
0.00197628458498024
0.958498023715415
0.952569169960474
0.950592885375494
0.00395256916996047
0.0652173913043478
0.00395256916996047
0.841897233201581
0.841897233201581
0.547430830039526
0.545454545454545
0.00592885375494071
0.00197628458498024
0.00197628458498024
0.0691699604743083
0.00592885375494071
0.00395256916996047
0.00197628458498024
0.00197628458498024
0.675889328063241
0.737154150197628
0.733201581027668
0.731225296442688
1
0.994071146245059
0.990118577075099
0.986166007905138
0.982213438735178
0.972332015810277
0.968379446640316
0.875494071146245
0.873517786561265
0.871541501976285
0.00197628458498024
0.865612648221344
0.867588932806324
0.00197628458498024
0.851778656126482
0.849802371541502
0.847826086956522
0.841897233201581
0.841897233201581
0.839920948616601
0.83596837944664
0.845849802371542
0.772727272727273
0.768774703557312
0.764822134387352
0.822134387351779
0.818181818181818
0.804347826086957
0.879446640316206
0.881422924901186
0.879446640316206
0.877470355731225
0.08300395256917
0.00988142292490119
0.792490118577075
0.0158102766798419
0.851778656126482
0.851778656126482
0.855731225296443
0.853754940711462
0.853754940711462
0.00790513833992095
0.00395256916996047
0.00197628458498024
0.00790513833992095
0.00592885375494071
0.0118577075098814
1
0.99802371541502
0.992094861660079
0.990118577075099
0.986166007905138
0.885375494071146
0.00197628458498024
0.08300395256917
0.0849802371541502
0.08300395256917
0.0790513833992095
0.075098814229249
0.0731225296442688
0.0731225296442688
0.0671936758893281
0.0612648221343874
0.00395256916996047
0.00197628458498024
0.0118577075098814
0.822134387351779
0.820158102766798
0.00592885375494071
0.00395256916996047
0.00790513833992095
0.794466403162055
0.0158102766798419
0.857707509881423
0.855731225296443
0.853754940711462
0.855731225296443
0.853754940711462
0.855731225296443
0.820158102766798
0.820158102766798
0.818181818181818
0.814229249011858
0.808300395256917
0.122529644268775
0.116600790513834
0.00592885375494071
0.0197628458498024
1
0.0138339920948617
0.00197628458498024
0.00988142292490119
0.00197628458498024
0.920948616600791
0.920948616600791
0.924901185770751
0.922924901185771
0.903162055335968
0.041501976284585
0.00197628458498024
0.00197628458498024
0.00395256916996047
0.00592885375494071
0.00197628458498024
0.00395256916996047
0.00197628458498024
0.91501976284585
0.272727272727273
0.270750988142292
0.264822134387352
0.901185770750988
0.899209486166008
0.849802371541502
0.824110671936759
0.822134387351779
0.312252964426877
0.308300395256917
0.357707509881423
0.355731225296443
0.347826086956522
0.851778656126482
0.849802371541502
0.00395256916996047
0.00197628458498024
0.00197628458498024
0.00790513833992095
0.00592885375494071
0.00197628458498024
1
0.978260869565217
0.976284584980237
0.978260869565217
0.976284584980237
0.974308300395257
0.978260869565217
0.0494071146245059
0.00395256916996047
0.00395256916996047
0.00197628458498024
0.0138339920948617
0.0118577075098814
0.00197628458498024
0.00790513833992095
0.00790513833992095
0.00197628458498024
0.00197628458498024
0.920948616600791
0.91897233201581
0.638339920948617
0.638339920948617
0.636363636363636
0.901185770750988
0.863636363636364
0.849802371541502
0.0158102766798419
0.00592885375494071
0.312252964426877
0.308300395256917
0.357707509881423
0.355731225296443
0.00592885375494071
0.00988142292490119
0.00395256916996047
0.99604743083004
0.994071146245059
0.990118577075099
0.972332015810277
0.00395256916996047
0.00197628458498024
0.00790513833992095
0.0118577075098814
0.00197628458498024
0.00592885375494071
0.00197628458498024
0.00988142292490119
0.00197628458498024
0.885375494071146
0.881422924901186
0.877470355731225
0.901185770750988
0.899209486166008
0.733201581027668
0.729249011857708
0.729249011857708
0.731225296442688
0.731225296442688
0.00197628458498024
0.727272727272727
0.766798418972332
0.766798418972332
0.764822134387352
0.764822134387352
0.764822134387352
0.758893280632411
0.758893280632411
0.0573122529644269
0.0118577075098814
0.0513833992094862
0.0494071146245059
0.00395256916996047
0.00197628458498024
0.0909090909090909
1
0.99802371541502
0.994071146245059
0.990118577075099
0.00790513833992095
0.00395256916996047
0.00197628458498024
0.00197628458498024
0.958498023715415
0.956521739130435
0.954545454545455
0.952569169960474
0.950592885375494
0.948616600790514
0.948616600790514
0.83201581027668
0.00988142292490119
0.00395256916996047
0.00988142292490119
0.00197628458498024
0.00197628458498024
0.903162055335968
0.887351778656126
0.885375494071146
0.879446640316206
0.903162055335968
0.897233201581028
0.00395256916996047
0.00988142292490119
0.00592885375494071
0.112648221343874
0.106719367588933
0.00395256916996047
0.00395256916996047
0.106719367588933
0.100790513833992
0.0968379446640316
0.00592885375494071
0.0928853754940712
0.0928853754940712
0.0909090909090909
0.99802371541502
0.0731225296442688
0.00395256916996047
0.0652173913043478
0.0612648221343874
0.0158102766798419
0.00395256916996047
0.00790513833992095
0.00988142292490119
0.225296442687747
0.223320158102767
0.217391304347826
0.911067193675889
0.458498023715415
0.458498023715415
0.454545454545455
0.462450592885375
0.0158102766798419
0.00592885375494071
0.00790513833992095
0.00395256916996047
0.00395256916996047
0.00197628458498024
0.33596837944664
0.395256916996047
0.397233201581028
0.393280632411067
0.25098814229249
0.243083003952569
0.239130434782609
0.245059288537549
0.243083003952569
0.126482213438735
0.118577075098814
0.602766798418972
0.600790513833992
0.50197628458498
0.436758893280632
0.434782608695652
0.430830039525692
1
0.075098814229249
0.0731225296442688
0.00592885375494071
0.00395256916996047
0.920948616600791
0.91897233201581
0.91897233201581
0.911067193675889
0.887351778656126
0.883399209486166
0.922924901185771
0.91897233201581
0.91897233201581
0.91897233201581
0.687747035573123
0.689723320158103
0.691699604743083
0.903162055335968
0.887351778656126
0.41897233201581
0.00395256916996047
0.00197628458498024
0.41501976284585
0.41304347826087
0.411067193675889
0.411067193675889
0.41304347826087
0.407114624505929
0.407114624505929
0.00988142292490119
0.00790513833992095
0.0118577075098814
0.00988142292490119
0.00197628458498024
0.140316205533597
0.140316205533597
0.138339920948617
0.136363636363636
0.136363636363636
0.00592885375494071
0.50395256916996
0.179841897233202
0.175889328063241
0.16600790513834
0.00197628458498024
0.970355731225296
0.962450592885375
0.958498023715415
0.952569169960474
0.909090909090909
0.00197628458498024
0.887351778656126
0.0138339920948617
0.00395256916996047
0.00197628458498024
0.314229249011858
0.312252964426877
0.310276679841897
0.308300395256917
0.306324110671937
0.00592885375494071
0.00395256916996047
0.00197628458498024
0.00790513833992095
0.0118577075098814
0.903162055335968
0.74703557312253
0.75296442687747
0.74901185770751
0.525691699604743
0.00197628458498024
0.00790513833992095
0.00790513833992095
0.00395256916996047
0.00395256916996047
0.764822134387352
0.790513833992095
0.00197628458498024
0.00197628458498024
0.219367588932806
0.00395256916996047
0.984189723320158
0.964426877470356
0.962450592885375
0.958498023715415
0.952569169960474
0.0256916996047431
0.00197628458498024
0.00197628458498024
0.00790513833992095
0.00592885375494071
0.905138339920949
0.58498023715415
0.58498023715415
0.571146245059289
0.573122529644269
0.00592885375494071
0.00395256916996047
0.0118577075098814
0.00197628458498024
0.841897233201581
0.839920948616601
0.839920948616601
0.907114624505929
0.903162055335968
0.901185770750988
0.148221343873518
0.00395256916996047
0.00988142292490119
0.00395256916996047
0.00790513833992095
0.0118577075098814
0.00197628458498024
0.58695652173913
0.58300395256917
0.804347826086957
0.802371541501976
0.800395256916996
0.770750988142292
0.00197628458498024
0.762845849802372
0.302371541501976
0.300395256916996
0.294466403162055
0.292490118577075
0.290513833992095
0.0691699604743083
0.0296442687747036
1
0.994071146245059
0.00395256916996047
0.00395256916996047
0.134387351778656
0.132411067193676
0.130434782608696
0.128458498023715
0.0849802371541502
0.0810276679841897
0.00197628458498024
0.00197628458498024
0.885375494071146
0.847826086956522
0.851778656126482
0.863636363636364
0.857707509881423
0.861660079051383
0.535573122529644
0.588932806324111
0.58498023715415
0.229249011857708
0.00197628458498024
0.349802371541502
0.341897233201581
0.337944664031621
0.33399209486166
0.33201581027668
0.00592885375494071
0.49604743083004
0.00197628458498024
0.00592885375494071
0.00197628458498024
0.00395256916996047
0.00197628458498024
1
0.99604743083004
0.994071146245059
0.990118577075099
0.982213438735178
0.980237154150198
0.978260869565217
0.974308300395257
0.00592885375494071
0.00395256916996047
0.00197628458498024
0.00395256916996047
0.00592885375494071
0.00988142292490119
0.00197628458498024
0.818181818181818
0.818181818181818
0.885375494071146
0.871541501976285
0.0138339920948617
0.00988142292490119
0.00592885375494071
0.00592885375494071
0.00592885375494071
0.209486166007905
0.207509881422925
0.152173913043478
0.150197628458498
0.00395256916996047
0.00197628458498024
0.0553359683794466
0.00197628458498024
0.0494071146245059
0.0494071146245059
0.00197628458498024
0.00197628458498024
1
0.99604743083004
0.992094861660079
0.988142292490119
0.986166007905138
0.00592885375494071
0.00395256916996047
0.954545454545455
0.00395256916996047
0.00197628458498024
0.0711462450592885
0.041501976284585
0.897233201581028
0.895256916996047
0.893280632411067
0.889328063241107
0.889328063241107
0.885375494071146
0.885375494071146
0.881422924901186
0.881422924901186
0.881422924901186
0.739130434782609
0.0118577075098814
0.00988142292490119
0.733201581027668
0.735177865612648
0.743083003952569
0.741106719367589
0.00197628458498024
0.00197628458498024
0.00592885375494071
0.00197628458498024
0.104743083003953
0.124505928853755
0.122529644268775
0.0612648221343874
0.796442687747036
0.794466403162055
0.792490118577075
0.774703557312253
0.768774703557312
1
0.99604743083004
0.992094861660079
0.974308300395257
0.972332015810277
0.968379446640316
0.966403162055336
0.956521739130435
0.942687747035573
0.075098814229249
0.00395256916996047
0.00197628458498024
0.0138339920948617
0.0276679841897233
0.0158102766798419
0.0177865612648221
0.0177865612648221
0.0177865612648221
0.0138339920948617
0.00395256916996047
0.00197628458498024
0.00988142292490119
0.158102766798419
0.156126482213439
0.0316205533596838
0.00395256916996047
0.00197628458498024
0.122529644268775
0.120553359683794
0.118577075098814
0.00592885375494071
0.00395256916996047
0.0256916996047431
0.00197628458498024
0.00395256916996047
0.00395256916996047
0.774703557312253
0.768774703557312
0.764822134387352
0.762845849802372
0.930830039525692
0.245059288537549
0.243083003952569
0.235177865612648
0.211462450592885
0.0197628458498024
0.00197628458498024
0.699604743083004
0.600790513833992
0.598814229249012
0.596837944664032
0.596837944664032
0.594861660079051
0.610671936758893
0.837944664031621
0.0395256916996047
0.00592885375494071
0.00395256916996047
0.00197628458498024
0.00197628458498024
0.0553359683794466
0.0494071146245059
0.041501976284585
0.041501976284585
0.00197628458498024
0.00197628458498024
0.0256916996047431
0.00197628458498024
0.0217391304347826
0.00395256916996047
0.0197628458498024
1
0.99802371541502
0.99604743083004
0.994071146245059
0.992094861660079
0.990118577075099
0.00395256916996047
0.00197628458498024
0.0553359683794466
0.00592885375494071
0.00395256916996047
0.00197628458498024
0.932806324110672
0.930830039525692
0.721343873517787
0.723320158102767
0.721343873517787
0.719367588932806
0.689723320158103
0.00592885375494071
0.00790513833992095
0.00197628458498024
0.697628458498024
0.0968379446640316
0.0948616600790514
0.0909090909090909
0.00395256916996047
0.00197628458498024
0.0177865612648221
0.00395256916996047
0.00197628458498024
0.0118577075098814
0.0553359683794466
0.853754940711462
0.0494071146245059
0.0454545454545455
0.0434782608695652
0.0395256916996047
0.0375494071146245
0.00197628458498024
0.00395256916996047
0.00197628458498024
0.00197628458498024
0.0296442687747036
0.00592885375494071
0.00197628458498024
0.984189723320158
0.0237154150197628
0.00395256916996047
0.00197628458498024
0.00197628458498024
0.845849802371542
0.849802371541502
0.00592885375494071
0.798418972332016
0.790513833992095
0.00197628458498024
0.140316205533597
0.134387351778656
0.00197628458498024
0.138339920948617
0.136363636363636
0.134387351778656
0.124505928853755
0.122529644268775
0.120553359683794
0.118577075098814
0.00790513833992095
0.00197628458498024
0.0118577075098814
0.00395256916996047
0.0118577075098814
0.857707509881423
0.422924901185771
0.420948616600791
0.00395256916996047
0.00395256916996047
0.00197628458498024
1
0.99802371541502
0.99604743083004
0.994071146245059
0.992094861660079
0.990118577075099
0.986166007905138
0.984189723320158
0.851778656126482
0.851778656126482
0.00395256916996047
0.00790513833992095
0.855731225296443
0.00197628458498024
0.00790513833992095
0.845849802371542
0.948616600790514
0.946640316205534
0.944664031620553
0.00790513833992095
0.00592885375494071
0.00790513833992095
0.786561264822134
0.784584980237154
0.782608695652174
0.00395256916996047
0.00197628458498024
0.772727272727273
0.774703557312253
0.772727272727273
0.778656126482213
0.774703557312253
0.00592885375494071
0.00197628458498024
0.00395256916996047
0.00197628458498024
0.00395256916996047
0.00197628458498024
0.432806324110672
0.00395256916996047
0.00197628458498024
0.00592885375494071
1
0.944664031620553
0.942687747035573
0.00197628458498024
0.00197628458498024
0.936758893280632
0.934782608695652
0.932806324110672
0.928853754940711
0.974308300395257
0.974308300395257
0.972332015810277
0.970355731225296
0.966403162055336
0.905138339920949
0.899209486166008
0.897233201581028
0.83399209486166
0.620553359683794
0.00592885375494071
0.618577075098814
0.434782608695652
0.00197628458498024
0.00197628458498024
0.567193675889328
0.565217391304348
0.911067193675889
0.00592885375494071
0.343873517786561
0.339920948616601
0.58695652173913
0.58300395256917
0.58102766798419
0.579051383399209
0.577075098814229
0.456521739130435
0.00197628458498024
0.41897233201581
0.41699604743083
0.853754940711462
0.851778656126482
0.517786561264822
0.00592885375494071
0.148221343873518
0.140316205533597
0.128458498023715
0.460474308300395
0.118577075098814
1
0.0494071146245059
0.00197628458498024
0.966403162055336
0.00790513833992095
0.00592885375494071
0.00592885375494071
0.264822134387352
0.434782608695652
0.0138339920948617
0.363636363636364
0.359683794466403
0.00592885375494071
0.353754940711462
0.351778656126482
0.91501976284585
0.911067193675889
0.355731225296443
0.349802371541502
0.345849802371542
0.00197628458498024
0.339920948616601
0.594861660079051
0.590909090909091
0.58695652173913
0.00197628458498024
0.00790513833992095
0.00197628458498024
0.00790513833992095
0.345849802371542
0.349802371541502
0.347826086956522
0.343873517786561
0.339920948616601
0.458498023715415
0.452569169960474
0.00197628458498024
1
0.99802371541502
0.99604743083004
0.994071146245059
0.00790513833992095
0.00395256916996047
0.00395256916996047
0.972332015810277
0.970355731225296
0.970355731225296
0.976284584980237
0.974308300395257
0.00197628458498024
0
0.00197628458498024
0.0355731225296443
0.033596837944664
0.0158102766798419
0.00592885375494071
0.00592885375494071
0.0118577075098814
0.0652173913043478
0.91304347826087
0.903162055335968
0.00197628458498024
0.899209486166008
0.905138339920949
0.903162055335968
0.903162055335968
0.901185770750988
0.907114624505929
0.903162055335968
0.901185770750988
0.739130434782609
0.00988142292490119
0.00395256916996047
0.00197628458498024
0.697628458498024
0.219367588932806
0.217391304347826
0.193675889328063
0.0355731225296443
0.00197628458498024
0.0316205533596838
0.00395256916996047
0.00197628458498024
0.00592885375494071
0.0632411067193676
0.0632411067193676
0.00197628458498024
0.00395256916996047
0.00395256916996047
0.00197628458498024
0.00197628458498024
0.00592885375494071
0.00395256916996047
0.00197628458498024
0.00197628458498024
0
0.719367588932806
0.723320158102767
0.725296442687747
0.725296442687747
0.723320158102767
0.859683794466403
0.00197628458498024
0.00197628458498024
0.0256916996047431
0.0217391304347826
1
0.909090909090909
0.907114624505929
0.899209486166008
0.891304347826087
0.885375494071146
0.968379446640316
0.950592885375494
0.0118577075098814
0.00395256916996047
0.00197628458498024
0.00592885375494071
0.140316205533597
0.138339920948617
0.132411067193676
0.893280632411067
0.91304347826087
0.102766798418972
0.00592885375494071
0.00592885375494071
0.00197628458498024
0.812252964426877
0.476284584980237
0.466403162055336
0.16798418972332
0.16600790513834
0.16403162055336
0.535573122529644
0.531620553359684
0.527667984189723
0.523715415019763
0.0217391304347826
0.00592885375494071
0.00395256916996047
0.00790513833992095
0.509881422924901
0.00197628458498024
0.0395256916996047
0.00197628458498024
0.00395256916996047
0.0138339920948617
0.00790513833992095
0.00197628458498024
0.00790513833992095
1
0.91304347826087
0.907114624505929
0.901185770750988
0.895256916996047
0.889328063241107
0.970355731225296
0.966403162055336
0.950592885375494
0.00988142292490119
0.00197628458498024
0.905138339920949
0.766798418972332
0.770750988142292
0.768774703557312
0.768774703557312
0.899209486166008
0.644268774703557
0.652173913043478
0.652173913043478
0.650197628458498
0.837944664031621
0.00790513833992095
0.00395256916996047
0.00395256916996047
0.00988142292490119
0.00197628458498024
0.00395256916996047
0.00592885375494071
0.531620553359684
0.527667984189723
0.5
0.49802371541502
0.49604743083004
0.494071146245059
0.849802371541502
0.312252964426877
0.00790513833992095
0.00197628458498024
0.0177865612648221
0.0158102766798419
0.0138339920948617
0.00988142292490119
0.00197628458498024
0.00197628458498024
1
0.994071146245059
0.990118577075099
0.986166007905138
0.980237154150198
0.00395256916996047
0.00395256916996047
0.00395256916996047
0.00197628458498024
0.00395256916996047
0.00790513833992095
0.920948616600791
0.873517786561265
0.863636363636364
0.867588932806324
0.899209486166008
0.893280632411067
0.885375494071146
0.0158102766798419
0.00197628458498024
0.00197628458498024
0.00197628458498024
0.00395256916996047
0.00197628458498024
0.00197628458498024
0.74703557312253
0.745059288537549
0.743083003952569
0.741106719367589
0.737154150197628
0.735177865612648
0.225296442687747
0.217391304347826
0.00197628458498024
1
0.994071146245059
0.988142292490119
0.984189723320158
0.974308300395257
0.972332015810277
0.968379446640316
0.962450592885375
0.899209486166008
0.885375494071146
0.881422924901186
0.00197628458498024
0.936758893280632
0.928853754940711
0.00395256916996047
0.00395256916996047
0.924901185770751
0.926877470355731
0.924901185770751
0.922924901185771
0.920948616600791
0.0118577075098814
0.00197628458498024
0.00988142292490119
0.00197628458498024
0.00197628458498024
0.00395256916996047
0.899209486166008
0.897233201581028
0.895256916996047
0.893280632411067
0.891304347826087
0.891304347826087
0.00592885375494071
0.00395256916996047
0.00197628458498024
0.102766798418972
0.100790513833992
0.00592885375494071
0.610671936758893
0.608695652173913
0.99802371541502
0.00592885375494071
0.124505928853755
0.122529644268775
0.116600790513834
0.0158102766798419
0.00197628458498024
0.00592885375494071
0.00395256916996047
0.00197628458498024
0.00197628458498024
0.00592885375494071
0.00197628458498024
0.0237154150197628
0.0197628458498024
0.0177865612648221
0.0118577075098814
0.00197628458498024
0.00592885375494071
0.00395256916996047
0.00197628458498024
0.00988142292490119
0.00790513833992095
0.901185770750988
0.721343873517787
0.719367588932806
0.717391304347826
0.715415019762846
0.713438735177866
0.711462450592885
0.00197628458498024
0.535573122529644
0.00197628458498024
0.448616600790514
0.837944664031621
0.83596837944664
0.0138339920948617
1
0.00592885375494071
0.00395256916996047
0.00197628458498024
0.968379446640316
0.966403162055336
0.962450592885375
0.960474308300395
0.958498023715415
0.0434782608695652
0.00790513833992095
0.00988142292490119
0.00592885375494071
0.00197628458498024
0.00197628458498024
0.922924901185771
0.920948616600791
0.91897233201581
0.905138339920949
0.00197628458498024
0.903162055335968
0.901185770750988
0.175889328063241
0.1699604743083
0.00592885375494071
0.00197628458498024
0.00988142292490119
0.535573122529644
0.0790513833992095
0.00197628458498024
0.00197628458498024
0.83596837944664
0.814229249011858
1
0.994071146245059
0.988142292490119
0.984189723320158
0.00988142292490119
0.00197628458498024
0.00395256916996047
0.00592885375494071
0.0118577075098814
0.00592885375494071
0.00790513833992095
0.00197628458498024
0.802371541501976
0.00197628458498024
0.00197628458498024
0.00197628458498024
0.00197628458498024
0.0573122529644269
0.0573122529644269
0.0494071146245059
0.00395256916996047
0.00197628458498024
0.466403162055336
0.466403162055336
0.466403162055336
0.41501976284585
0.00395256916996047
0.00197628458498024
0.00197628458498024
0.49802371541502
0.438735177865613
0.796442687747036
0.849802371541502
0.00592885375494071
0.00197628458498024
0.00197628458498024
1
0.99604743083004
0.992094861660079
0.986166007905138
0.982213438735178
0.950592885375494
0.808300395256917
0.802371541501976
0.00395256916996047
0.00592885375494071
0.796442687747036
0.818181818181818
0.810276679841897
0.782608695652174
0.778656126482213
0.91304347826087
0.91304347826087
0.911067193675889
0.909090909090909
0.909090909090909
0.907114624505929
0.780632411067194
0.901185770750988
0.899209486166008
0.00197628458498024
0.00197628458498024
0.00592885375494071
0.849802371541502
0.847826086956522
0.845849802371542
0.843873517786561
0.00395256916996047
0.837944664031621
0.411067193675889
0.401185770750988
0.403162055335968
0.369565217391304
0.00790513833992095
0.361660079051383
0.00790513833992095
0.363636363636364
0.365612648221344
0.363636363636364
0.359683794466403
0.796442687747036
0.849802371541502
0.741106719367589
0.00197628458498024
0.00592885375494071
0.00395256916996047
0.754940711462451
0.00790513833992095
0.00197628458498024
0.209486166007905
0.207509881422925
0.205533596837945
0.00197628458498024
0.00592885375494071
0.00197628458498024
0.00592885375494071
0.355731225296443
0.91501976284585
0.701581027667984
0.00395256916996047
0.00197628458498024
0.6699604743083
0.205533596837945
0.203557312252964
0.199604743083004
0.195652173913043
0.217391304347826
0.00395256916996047
0.00197628458498024
0.673913043478261
0.644268774703557
0.66403162055336
0.660079051383399
0.608695652173913
0.00395256916996047
1
0.99802371541502
0.99604743083004
0.994071146245059
0.992094861660079
0.990118577075099
0.988142292490119
0.984189723320158
0.984189723320158
0.982213438735178
0.219367588932806
0.00395256916996047
0.00197628458498024
0.00395256916996047
0.00395256916996047
0.00197628458498024
0.725296442687747
0.922924901185771
0.579051383399209
0.58102766798419
0.579051383399209
0.561264822134387
0.00197628458498024
0.00592885375494071
0.041501976284585
0.681818181818182
0.00395256916996047
0.00197628458498024
0.671936758893281
0.6699604743083
0.460474308300395
0.454545454545455
0.6699604743083
0.66600790513834
0.66798418972332
0.66403162055336
0.646245059288538
0.66600790513834
0.656126482213439
0.654150197628458
0.0375494071146245
1
0.889328063241107
0.887351778656126
0.883399209486166
0.855731225296443
0.847826086956522
0.841897233201581
0.928853754940711
0.934782608695652
0.930830039525692
0.922924901185771
0.928853754940711
0.266798418972332
0.00197628458498024
0.215415019762846
0.818181818181818
0.824110671936759
0.0118577075098814
0.00395256916996047
0.00197628458498024
0.0533596837944664
0.00395256916996047
0.0316205533596838
0.0355731225296443
0.0316205533596838
0.00395256916996047
0.0513833992094862
0.0513833992094862
0.0474308300395257
0.0454545454545455
0.0434782608695652
0.041501976284585
0.00395256916996047
0.00197628458498024
0.847826086956522
0.863636363636364
0.395256916996047
0.395256916996047
0.00197628458498024
0.393280632411067
0.839920948616601
0.776679841897233
0.756916996047431
0.814229249011858
0.806324110671937
1
0.889328063241107
0.883399209486166
0.851778656126482
0.847826086956522
0.0118577075098814
0.942687747035573
0.0158102766798419
0.928853754940711
0.266798418972332
0.260869565217391
0.258893280632411
0.256916996047431
0.0177865612648221
0.00790513833992095
0.00197628458498024
0.00197628458498024
0.00197628458498024
0.00395256916996047
0.00988142292490119
0.0355731225296443
0.0316205533596838
0.0197628458498024
0.0573122529644269
0.00395256916996047
0.00197628458498024
0.00197628458498024
0.0355731225296443
0.033596837944664
0.0138339920948617
0.00988142292490119
0.00197628458498024
0.863636363636364
0.460474308300395
0.458498023715415
0.454545454545455
0.452569169960474
0.450592885375494
0.839920948616601
0.772727272727273
0.00790513833992095
0.00592885375494071
0.00395256916996047
0.986166007905138
0.986166007905138
0.984189723320158
0.982213438735178
0.974308300395257
0.976284584980237
0.0691699604743083
0.00790513833992095
0.895256916996047
0.201581027667984
0.197628458498024
0.191699604743083
0.183794466403162
0.256916996047431
0.00988142292490119
0.00395256916996047
0.00790513833992095
0.00592885375494071
0.446640316205534
0.444664031620553
0.442687747035573
0.440711462450593
0.438735177865613
0.577075098814229
0.559288537549407
0.539525691699605
0.8300395256917
0.837944664031621
0.83399209486166
0.83399209486166
0.00592885375494071
0.685770750988142
0.685770750988142
0.00988142292490119
0.703557312252964
0.695652173913043
0.693675889328063
0.691699604743083
0.691699604743083
0.689723320158103
0.812252964426877
0.00395256916996047
0.00197628458498024
1
0.99802371541502
0.992094861660079
0.00197628458498024
0.984189723320158
0.974308300395257
0.972332015810277
0.897233201581028
0.00197628458498024
0.897233201581028
0.681818181818182
0.679841897233202
0.675889328063241
0.6699604743083
0.66798418972332
0.671936758893281
0.00395256916996047
0.00197628458498024
0.00197628458498024
0.00197628458498024
0.616600790513834
0.16798418972332
0.16403162055336
0.160079051383399
0.590909090909091
0.00197628458498024
0.00592885375494071
0.0375494071146245
0.0355731225296443
0.00197628458498024
0.0395256916996047
0.0454545454545455
0.717391304347826
0.00197628458498024
0.703557312252964
0.00395256916996047
0.0316205533596838
0.0118577075098814
1
0.994071146245059
0.990118577075099
0.986166007905138
0.865612648221344
0.00395256916996047
0.00197628458498024
0.112648221343874
0.00395256916996047
0.00592885375494071
0.754940711462451
0.00988142292490119
0.0118577075098814
0.745059288537549
0.349802371541502
0.341897233201581
0.00197628458498024
0.00790513833992095
0.339920948616601
0.337944664031621
0.33596837944664
0.337944664031621
0.33596837944664
0.294466403162055
0.278656126482213
0.00197628458498024
0.276679841897233
0.268774703557312
0.268774703557312
0.0118577075098814
0.274703557312253
0.276679841897233
0.276679841897233
0.274703557312253
0.130434782608696
0.0197628458498024
0.0158102766798419
0.00197628458498024
0.565217391304348
0.565217391304348
0.563241106719368
0.563241106719368
0.0118577075098814
0.00197628458498024
1
0.99802371541502
0.992094861660079
0.988142292490119
0.970355731225296
0.855731225296443
0.855731225296443
0.851778656126482
0.849802371541502
0.849802371541502
0.847826086956522
0.209486166007905
0.0177865612648221
0.124505928853755
0.0118577075098814
0.75098814229249
0.74901185770751
0.74703557312253
0.745059288537549
0.745059288537549
0.393280632411067
0.391304347826087
0.383399209486166
0.00592885375494071
0.00197628458498024
0.00197628458498024
0.0355731225296443
0.0375494071146245
0.0296442687747036
0.0177865612648221
0.0138339920948617
0.00988142292490119
0.0138339920948617
0.00197628458498024
0.16403162055336
0.00592885375494071
0.148221343873518
0.00395256916996047
0.266798418972332
0.264822134387352
0.268774703557312
0.0158102766798419
0.00395256916996047
1
0.99802371541502
0.988142292490119
0.994071146245059
0.559288537549407
0.555335968379447
0.541501976284585
0.539525691699605
0.428853754940711
0.00395256916996047
0.00592885375494071
0.00395256916996047
0.00197628458498024
0.739130434782609
0.739130434782609
0.737154150197628
0.735177865612648
0.733201581027668
0.731225296442688
0.150197628458498
0.00197628458498024
0.58102766798419
0.00395256916996047
0.871541501976285
0.867588932806324
0.863636363636364
0.861660079051383
0.837944664031621
0.00395256916996047
0.00395256916996047
0.893280632411067
0.891304347826087
0.820158102766798
0.822134387351779
0.820158102766798
0.818181818181818
0.816205533596838
0.820158102766798
0.822134387351779
0.863636363636364
0.859683794466403
0.857707509881423
0.282608695652174
0.851778656126482
0.00197628458498024
0.00197628458498024
0.990118577075099
0.559288537549407
0.555335968379447
0.543478260869565
0.00395256916996047
0.00592885375494071
0.841897233201581
0.843873517786561
0.841897233201581
0.100790513833992
0.211462450592885
0.00395256916996047
0.207509881422925
0.205533596837945
0.201581027667984
0.343873517786561
0.150197628458498
0.727272727272727
0.91897233201581
0.91699604743083
0.91304347826087
0.00395256916996047
0.00197628458498024
0.00197628458498024
0.891304347826087
0.0632411067193676
0.0592885375494071
0.00395256916996047
0.00592885375494071
0.00197628458498024
0.227272727272727
0.00197628458498024
1
0.992094861660079
0.579051383399209
0.569169960474308
0.541501976284585
0.537549407114625
0.517786561264822
0.507905138339921
0.50197628458498
0.505928853754941
0.00197628458498024
0.511857707509881
0.00197628458498024
0.0316205533596838
0.041501976284585
0.0217391304347826
0.033596837944664
0.0177865612648221
0.0158102766798419
0.00592885375494071
0.00395256916996047
0.00790513833992095
0.00592885375494071
0.00197628458498024
0.00197628458498024
0.0118577075098814
0.00395256916996047
0.00197628458498024
0.00197628458498024
0.828063241106719
0.387351778656126
0.383399209486166
0.369565217391304
0.359683794466403
0.347826086956522
0.00197628458498024
0.436758893280632
1
0.58102766798419
0.579051383399209
0.571146245059289
0.549407114624506
0.541501976284585
0.533596837944664
0.517786561264822
0.507905138339921
0.50395256916996
0.00197628458498024
0.505928853754941
0.527667984189723
0.533596837944664
0.525691699604743
0.521739130434783
0.521739130434783
0.472332015810277
0.470355731225296
0.470355731225296
0.00395256916996047
0.00592885375494071
0.00790513833992095
0.00790513833992095
0.00988142292490119
0.456521739130435
0.889328063241107
0.887351778656126
0.885375494071146
0.857707509881423
0.00592885375494071
0.0375494071146245
0.00790513833992095
0.841897233201581
0.839920948616601
0.837944664031621
0.83596837944664
0.83399209486166
0.83201581027668
0.828063241106719
0.828063241106719
0.424901185770751
0.150197628458498
0.00197628458498024
0.316205533596838
0.314229249011858
1
0.762845849802372
0.760869565217391
0.756916996047431
0.00197628458498024
0.00197628458498024
0.231225296442688
0.25296442687747
0.292490118577075
0.152173913043478
0.152173913043478
0.0118577075098814
0.00197628458498024
0.660079051383399
0.533596837944664
0.00197628458498024
0.264822134387352
0.262845849802372
0.260869565217391
0.272727272727273
0.274703557312253
0.00395256916996047
0.00592885375494071
0.262845849802372
0.260869565217391
0.258893280632411
0.847826086956522
0.845849802371542
0.106719367588933
0.741106719367589
0.00197628458498024
0.782608695652174
0.780632411067194
0.786561264822134
0.466403162055336
0.507905138339921
0.50395256916996
0.5
0.494071146245059
0.484189723320158
0.482213438735178
0.0612648221343874
0.00197628458498024
1
0.760869565217391
0.758893280632411
0.756916996047431
0.74901185770751
0.74703557312253
0.0197628458498024
0.00395256916996047
0.00197628458498024
0.675889328063241
0.673913043478261
0.671936758893281
0.6699604743083
0.731225296442688
0.727272727272727
0.041501976284585
0.114624505928854
0.0158102766798419
0.0138339920948617
0.0118577075098814
0.0158102766798419
0.00197628458498024
0.00790513833992095
0.00592885375494071
0.00395256916996047
0.00197628458498024
0.041501976284585
0.00592885375494071
0.00197628458498024
0
0.0592885375494071
0.00592885375494071
0.00395256916996047
0.00197628458498024
0.786561264822134
0.00197628458498024
0.00197628458498024
0.505928853754941
0.50197628458498
0.5
0.494071146245059
0.00197628458498024
0.00197628458498024
0.0454545454545455
0.0434782608695652
0.0395256916996047
0.0355731225296443
0.00592885375494071
0.00592885375494071
0.00197628458498024
0.00197628458498024
0.0118577075098814
0.802371541501976
0.272727272727273
0.270750988142292
0.264822134387352
0.262845849802372
0.373517786561265
0.371541501976285
0.367588932806324
0.00197628458498024
0.00988142292490119
0.343873517786561
0.893280632411067
0.891304347826087
0.891304347826087
0.00197628458498024
0.00395256916996047
0.867588932806324
0.320158102766798
0.318181818181818
0.316205533596838
0.845849802371542
0.83201581027668
0.8300395256917
0.561264822134387
0.555335968379447
0.58300395256917
0.545454545454545
0.58102766798419
0.541501976284585
1
0.99802371541502
0.99604743083004
0.994071146245059
0.0513833992094862
0.00197628458498024
0.00197628458498024
0.938735177865613
0.944664031620553
0.942687747035573
0.142292490118577
0.140316205533597
0.138339920948617
0.134387351778656
0.0118577075098814
0.00988142292490119
0.00592885375494071
0.272727272727273
0.377470355731225
0.373517786561265
0.369565217391304
0.361660079051383
0.351778656126482
0.349802371541502
0.00395256916996047
0.00197628458498024
0.00197628458498024
0.00592885375494071
0.00197628458498024
0.00197628458498024
0.867588932806324
0.539525691699605
0.537549407114625
0.00988142292490119
0.00197628458498024
0.58300395256917
1
0.99604743083004
0.302371541501976
0.298418972332016
0.294466403162055
0.292490118577075
0.278656126482213
0.00592885375494071
0.00592885375494071
0.00988142292490119
0.272727272727273
0.270750988142292
0.268774703557312
0.264822134387352
0.258893280632411
0.889328063241107
0.00197628458498024
0.885375494071146
0.00197628458498024
0.00197628458498024
0.885375494071146
0.885375494071146
0.885375494071146
0.883399209486166
0.881422924901186
0.879446640316206
0.00592885375494071
0.389328063241107
0.387351778656126
0.387351778656126
0.822134387351779
0.83596837944664
0.0612648221343874
0.00592885375494071
0.00197628458498024
0.0118577075098814
0.754940711462451
0.725296442687747
0.788537549407115
0.756916996047431
0.782608695652174
0.74901185770751
0.0355731225296443
0.00395256916996047
0.00592885375494071
0.00197628458498024
0.0454545454545455
0.99802371541502
0.689723320158103
0.685770750988142
0.683794466403162
0.681818181818182
0.0395256916996047
0.00197628458498024
0.00197628458498024
0.0118577075098814
0.00988142292490119
0.00790513833992095
0.00395256916996047
0
0.0375494071146245
0.0355731225296443
0.00197628458498024
0.0316205533596838
0.0296442687747036
0.0276679841897233
0.0217391304347826
0.00197628458498024
0.881422924901186
0.484189723320158
0.482213438735178
0.480237154150198
0.484189723320158
0.480237154150198
0.853754940711462
0.0217391304347826
0.00592885375494071
0.00790513833992095
0.00197628458498024
0.00197628458498024
0.00395256916996047
0.756916996047431
0.782608695652174
0.743083003952569
0.75098814229249
0.0849802371541502
0.0731225296442688
0.00790513833992095
0.00197628458498024
0.00395256916996047
1
0.99604743083004
0.992094861660079
0.986166007905138
0.982213438735178
0.978260869565217
0.774703557312253
0.772727272727273
0.758893280632411
0.772727272727273
0.754940711462451
0.00592885375494071
0.00197628458498024
0.00197628458498024
0.91897233201581
0.932806324110672
0.91304347826087
0.00197628458498024
0.00197628458498024
0.804347826086957
0.800395256916996
0.798418972332016
0.796442687747036
0.790513833992095
0.00197628458498024
0.891304347826087
0.00592885375494071
0.00197628458498024
0.00197628458498024
0.00197628458498024
0.00197628458498024
0.407114624505929
0.405138339920949
0.401185770750988
0.401185770750988
0.399209486166008
0.397233201581028
0.337944664031621
0.33596837944664
1
0.994071146245059
0.992094861660079
0.988142292490119
0.984189723320158
0.980237154150198
0.976284584980237
0.974308300395257
0.00395256916996047
0.00197628458498024
0.00988142292490119
0.920948616600791
0.920948616600791
0.91897233201581
0.924901185770751
0.922924901185771
0.920948616600791
0.91699604743083
0.932806324110672
0.91304347826087
0.893280632411067
0.920948616600791
0.91897233201581
0.114624505928854
0.00197628458498024
0.108695652173913
0.00197628458498024
0.0256916996047431
0.0138339920948617
0.00988142292490119
0.00592885375494071
0.00592885375494071
0.00395256916996047
0.00197628458498024
0.869565217391304
0.00790513833992095
0.00592885375494071
0.00197628458498024
1
0.00395256916996047
0.0158102766798419
0.00395256916996047
0.00592885375494071
0.00592885375494071
0.0158102766798419
0.383399209486166
0.381422924901186
0.379446640316206
0.942687747035573
0.00197628458498024
0.0158102766798419
0.00790513833992095
0.00592885375494071
0.00395256916996047
0.00197628458498024
0.0158102766798419
0.00395256916996047
0.00197628458498024
0.00592885375494071
0.00197628458498024
0.843873517786561
0.849802371541502
0.841897233201581
0.839920948616601
0.837944664031621
0.847826086956522
0.8300395256917
0.8300395256917
0.816205533596838
0.00395256916996047
0.00197628458498024
0.00790513833992095
0.0118577075098814
0.00395256916996047
0.00197628458498024
0.820158102766798
0.816205533596838
0.982213438735178
0.974308300395257
0.972332015810277
0.972332015810277
0.970355731225296
0.968379446640316
0.966403162055336
0.411067193675889
0.0118577075098814
0.00197628458498024
0.0158102766798419
0.0118577075098814
0.355731225296443
0.355731225296443
0.357707509881423
0.355731225296443
0.353754940711462
0.0177865612648221
0.0118577075098814
0.00197628458498024
0.575098814229249
0.573122529644269
0.891304347826087
0.889328063241107
0.889328063241107
0.0454545454545455
0.00592885375494071
0.041501976284585
0.0118577075098814
0.00197628458498024
0.00395256916996047
0.0237154150197628
0.0197628458498024
0.851778656126482
0.00197628458498024
0.00790513833992095
0.00592885375494071
0.00197628458498024
0.00988142292490119
0.00197628458498024
0.778656126482213
0.822134387351779
0.820158102766798
0.814229249011858
0.988142292490119
0.610671936758893
0.600790513833992
0.598814229249012
0.592885375494071
0.592885375494071
0.0533596837944664
0.0454545454545455
0.00197628458498024
0.033596837944664
0.00395256916996047
0.00197628458498024
0.0296442687747036
0.00197628458498024
0.00197628458498024
0.83201581027668
0.839920948616601
0.837944664031621
0.841897233201581
0.804347826086957
0.800395256916996
0.804347826086957
0.66798418972332
0.428853754940711
0.422924901185771
0.00790513833992095
0.00395256916996047
0.00197628458498024
0.00197628458498024
0.0138339920948617
0.00592885375494071
0.00395256916996047
0.00197628458498024
0.187747035573123
0.185770750988142
0.185770750988142
0.179841897233202
0.181818181818182
0.158102766798419
0.177865612648221
0.160079051383399
0.673913043478261
0.00197628458498024
1
0.99802371541502
0.99604743083004
0.994071146245059
0.990118577075099
0.612648221343874
0.600790513833992
0.596837944664032
0.592885375494071
0.0316205533596838
0.0118577075098814
0.00592885375494071
0.00197628458498024
0.0118577075098814
0.393280632411067
0.41304347826087
0.389328063241107
0.387351778656126
0.91699604743083
0.0533596837944664
0.00592885375494071
0.0138339920948617
0.0138339920948617
0.00790513833992095
0.671936758893281
0.420948616600791
0.00197628458498024
0.00197628458498024
0.0177865612648221
0.0158102766798419
0.00592885375494071
0.00197628458498024
0.405138339920949
0.407114624505929
0.407114624505929
0.405138339920949
0.403162055335968
0.855731225296443
0.660079051383399
0.0988142292490119
0.00197628458498024
0.0948616600790514
0.104743083003953
0.100790513833992
0.00395256916996047
0.00395256916996047
1
0.173913043478261
0.1699604743083
0.162055335968379
0.00395256916996047
0.00790513833992095
0.966403162055336
0.488142292490119
0.474308300395257
0.00790513833992095
0.00197628458498024
0.0138339920948617
0.349802371541502
0.347826086956522
0.826086956521739
0.8300395256917
0.725296442687747
0.717391304347826
0.00395256916996047
0.00197628458498024
0.717391304347826
0.715415019762846
0.715415019762846
0.711462450592885
0.120553359683794
0.116600790513834
0.112648221343874
0.00395256916996047
0.00197628458498024
0.00592885375494071
0.00197628458498024
0.0177865612648221
0.351778656126482
0.347826086956522
0.345849802371542
0.341897233201581
0.339920948616601
0.5
0.00197628458498024
0.49802371541502
0.826086956521739
0.778656126482213
0.00988142292490119
1
0.173913043478261
0.1699604743083
0.162055335968379
0.152173913043478
0.972332015810277
0.966403162055336
0.488142292490119
0.484189723320158
0.474308300395257
0.00592885375494071
0.00197628458498024
0.454545454545455
0.458498023715415
0.456521739130435
0.0988142292490119
0.0948616600790514
0.0928853754940712
0.0889328063241107
0.903162055335968
0.00395256916996047
0.0118577075098814
0.00395256916996047
0.00395256916996047
0.00790513833992095
0.00197628458498024
0.00197628458498024
0.347826086956522
0.345849802371542
0.00592885375494071
0.00197628458498024
0.424901185770751
0.420948616600791
0.511857707509881
0.505928853754941
0.5
0.00395256916996047
0.00197628458498024
1
0.962450592885375
0.954545454545455
0.938735177865613
0.00592885375494071
0.00197628458498024
0.00790513833992095
0.00197628458498024
0.00592885375494071
0.00395256916996047
0.00395256916996047
0.00197628458498024
0.0474308300395257
0.00988142292490119
0.00395256916996047
0.00592885375494071
0.905138339920949
0.903162055335968
0.0671936758893281
0.0592885375494071
0.041501976284585
0.841897233201581
0.00197628458498024
0.00592885375494071
0.0118577075098814
0.00197628458498024
0.00395256916996047
0.00790513833992095
0.776679841897233
0.00197628458498024
1
0.960474308300395
0.956521739130435
0.952569169960474
0.00197628458498024
0.00197628458498024
0.934782608695652
0.932806324110672
0.930830039525692
0.928853754940711
0.907114624505929
0.907114624505929
0.00197628458498024
0.00197628458498024
0.855731225296443
0.940711462450593
0.936758893280632
0.936758893280632
0.934782608695652
0.00790513833992095
0.00395256916996047
0.00790513833992095
0.00395256916996047
0.00197628458498024
0.00197628458498024
0.83399209486166
0.83201581027668
0.8300395256917
0.828063241106719
0.857707509881423
0.308300395256917
0.0138339920948617
0.00197628458498024
0.118577075098814
0.134387351778656
0.108695652173913
0.0434782608695652
0.0197628458498024
0.0177865612648221
0.00592885375494071
0.00197628458498024
0.782608695652174
0.782608695652174
1
0.99604743083004
0.992094861660079
0.986166007905138
0.940711462450593
0.936758893280632
0.932806324110672
0.901185770750988
0.00197628458498024
0.00790513833992095
0.00395256916996047
0.00197628458498024
0.911067193675889
0.00592885375494071
0.00197628458498024
0.932806324110672
0.930830039525692
0.928853754940711
0.924901185770751
0.922924901185771
0.00395256916996047
0.00197628458498024
0.922924901185771
0.920948616600791
0.91897233201581
0.91699604743083
0.91501976284585
0.911067193675889
0.909090909090909
0.907114624505929
0.00197628458498024
0.00790513833992095
0.108695652173913
0.865612648221344
0.837944664031621
0.8300395256917
1
0.99604743083004
0.992094861660079
0.988142292490119
0.986166007905138
0.944664031620553
0.00395256916996047
0.893280632411067
0.893280632411067
0.891304347826087
0.00395256916996047
0.0138339920948617
0.0118577075098814
0.00197628458498024
0.00395256916996047
0.00592885375494071
0.00197628458498024
0.00197628458498024
0.907114624505929
0.0316205533596838
0.0276679841897233
0.00395256916996047
0.00197628458498024
0.00395256916996047
0.857707509881423
0.826086956521739
0.8300395256917
0.83399209486166
1
0.994071146245059
0.988142292490119
0.986166007905138
0.984189723320158
0.982213438735178
0.978260869565217
0.158102766798419
0.138339920948617
0.00592885375494071
0.0177865612648221
0.00988142292490119
0.922924901185771
0.926877470355731
0.940711462450593
0.940711462450593
0.936758893280632
0.934782608695652
0.926877470355731
0.922924901185771
0.0177865612648221
0.00395256916996047
0.00790513833992095
0.227272727272727
0.227272727272727
0.227272727272727
0.146245059288538
0.00592885375494071
0.075098814229249
0.0731225296442688
0.837944664031621
0.00197628458498024
0.00790513833992095
0.00790513833992095
0.00592885375494071
0.00395256916996047
0.00197628458498024
0.517786561264822
0.513833992094862
0.513833992094862
0.816205533596838
0.806324110671937
0.810276679841897
0.00395256916996047
0.00197628458498024
1
0.99604743083004
0.992094861660079
0.00197628458498024
0.976284584980237
0.812252964426877
0.806324110671937
0.802371541501976
0.00395256916996047
0.0197628458498024
0.00592885375494071
0.00395256916996047
0.00197628458498024
0.938735177865613
0.936758893280632
0.934782608695652
0.928853754940711
0.924901185770751
0.41897233201581
0.00197628458498024
0.302371541501976
0.298418972332016
0.296442687747036
0.288537549407115
0.282608695652174
0.274703557312253
0.00395256916996047
0.00197628458498024
0.268774703557312
0.774703557312253
0.770750988142292
0.00197628458498024
0.766798418972332
0.745059288537549
0.505928853754941
0.49604743083004
0.494071146245059
0.806324110671937
0.806324110671937
0.280632411067194
0.0177865612648221
0.00197628458498024
0.00592885375494071
0.0118577075098814
0.810276679841897
0.361660079051383
0.359683794466403
0.357707509881423
1
0.792490118577075
0.790513833992095
0.788537549407115
0.786561264822134
0.776679841897233
0.00395256916996047
0.00197628458498024
0.968379446640316
0.966403162055336
0.966403162055336
0.962450592885375
0.00197628458498024
0.0276679841897233
0.00592885375494071
0.00395256916996047
0.00197628458498024
0.00988142292490119
0.00988142292490119
0.00395256916996047
0.00988142292490119
0.324110671936759
0.324110671936759
0.326086956521739
0.324110671936759
0.318181818181818
0.241106719367589
0.314229249011858
0.312252964426877
0.162055335968379
0.00395256916996047
0.00395256916996047
0.00197628458498024
0.00395256916996047
0.00197628458498024
0.0494071146245059
0.0454545454545455
1
0.00197628458498024
0.199604743083004
0.00592885375494071
0.00395256916996047
0.00395256916996047
0.00395256916996047
0.958498023715415
0.00395256916996047
0.00395256916996047
0.00395256916996047
0.00197628458498024
0.926877470355731
0.592885375494071
0.588932806324111
0.588932806324111
0.596837944664032
0.592885375494071
0.0731225296442688
0.00395256916996047
0.00197628458498024
0.00395256916996047
0.00197628458498024
0.0790513833992095
0.0770750988142292
0.0513833992094862
0.00197628458498024
0.00197628458498024
0.00790513833992095
0.00592885375494071
1
0.99802371541502
0.994071146245059
0.994071146245059
0.992094861660079
0.990118577075099
0.986166007905138
0.976284584980237
0.00395256916996047
0.00197628458498024
0.00592885375494071
0.00395256916996047
0.00197628458498024
0.454545454545455
0.452569169960474
0.452569169960474
0.428853754940711
0.00197628458498024
0.00592885375494071
0.00197628458498024
0.00197628458498024
0.422924901185771
0.434782608695652
0.422924901185771
0.420948616600791
0.41897233201581
0.903162055335968
0.901185770750988
0.899209486166008
0.897233201581028
0.772727272727273
0.770750988142292
0.00197628458498024
0.00197628458498024
0.106719367588933
0.986166007905138
0.140316205533597
0.138339920948617
0.132411067193676
0.128458498023715
0.126482213438735
0.891304347826087
0.887351778656126
0.865612648221344
0.863636363636364
0.863636363636364
0.00197628458498024
0.00197628458498024
0.424901185770751
0.426877470355731
0.00592885375494071
0.0158102766798419
0.426877470355731
0.0118577075098814
0.00790513833992095
0.00197628458498024
0.00395256916996047
0.00197628458498024
0.00395256916996047
0.00592885375494071
0.883399209486166
0.764822134387352
0.772727272727273
0.770750988142292
1
0.99604743083004
0.992094861660079
0.986166007905138
0.982213438735178
0.00395256916996047
0.00197628458498024
0.00988142292490119
0.00395256916996047
0.00395256916996047
0.00395256916996047
0.0691699604743083
0.00395256916996047
0.00197628458498024
0.776679841897233
0.00197628458498024
0.472332015810277
0.462450592885375
0.460474308300395
0.405138339920949
0.312252964426877
0.308300395256917
0.00988142292490119
0.00197628458498024
0.0474308300395257
0.345849802371542
0.703557312252964
0.0217391304347826
0.691699604743083
0.857707509881423
0.00592885375494071
0.00197628458498024
0.33596837944664
0.841897233201581
0.185770750988142
0.0632411067193676
0.0612648221343874
0.0592885375494071
0.0573122529644269
0.00592885375494071
0.00197628458498024
0.00197628458498024
1
0.994071146245059
0.990118577075099
0.986166007905138
0.982213438735178
0.962450592885375
0.00592885375494071
0.00197628458498024
0.865612648221344
0.863636363636364
0.863636363636364
0.865612648221344
0.857707509881423
0.794466403162055
0.00395256916996047
0.00197628458498024
0.00197628458498024
0.00395256916996047
0.472332015810277
0.464426877470356
0.472332015810277
0.464426877470356
0.464426877470356
0.405138339920949
0.401185770750988
0.00988142292490119
0.00395256916996047
0.00197628458498024
0.00592885375494071
0.00197628458498024
0.673913043478261
0.687747035573123
0.511857707509881
0.83399209486166
0.49802371541502
0.322134387351779
0.3300395256917
0.671936758893281
0.66798418972332
0.594861660079051
0.00395256916996047
0.00197628458498024
0.181818181818182
0.177865612648221
0.187747035573123
0.183794466403162
0.102766798418972
0.108695652173913
0.0691699604743083
