1	2.14	1.64852	0.0544
2	1.55403	1.78182	0.0544
3	2.27298	2.23032	0.0136
4	2.31585	2.18921	0.0136
5	2.12962	2.14883	0.0136
6	1.9321	2.15122	0.0136
7	1.90209	2.13698	0.0136
8	1.89563	2.18976	0.0136
9	1.94728	2.17379	0.0136
10	2.23461	2.2579	0.0136
11	2.18738	2.19125	0.0136
12	2.32383	2.26872	0.0136
13	2.26526	2.18218	0.0136
14	2.32866	2.29554	0.0136
15	2.35066	2.1933	0.0136
16	2.257	2.15554	0.0136
17	2.37601	2.18279	0.0136
18	1.78084	2.19194	0.0136
19	2.3472	2.24733	0.0136
-990688	2.33956	0.285359	0.0136
21	2.05762	2.26406	0.0136
-1.74156e+06	0.932218	1.26829	0.0136
23	2.07014	2.11493	0.0136
24	1.78781	2.14877	0.0136
25	1.91341	2.21034	0.0136
26	2.29187	2.17636	0.0136
-2.43646e+06	1.48666	2.48073	0.0136
28	2.16464	2.24099	0.0136
29	2.33578	2.17052	0.0136
30	2.24591	2.23304	0.0136
31	2.29955	2.22447	0.0136
32	1.76306	2.21368	0.0136
33	1.53992	2.22294	0.0136
34	1.85253	2.18184	0.0136
35	2.22352	2.33215	0.0136
36	2.20674	2.35357	0.0136
37	2.08927	2.30839	0.0136
38	2.18026	2.26326	0.0136
39	2.06361	2.1741	0.0136
40	1.9734	2.16622	0.0136
41	1.98651	2.21147	0.0136
42	1.83867	2.13046	0.0136
43	2.01161	2.1652	0.0136
44	2.27435	2.38316	0.0136
45	2.23884	2.30503	0.0136
46	2.2231	2.28284	0.0136
47	2.25019	2.2802	0.0136
48	1.76835	2.16777	0.0136
49	1.80761	2.19913	0.0136
50	2.0055	2.25442	0.0136
51	2.21883	2.23574	0.0136
52	2.30495	2.33495	0.0136
53	2.33491	2.14324	0.0136
54	2.32502	2.21483	0.0136
55	2.11048	2.24622	0.0136
56	2.03642	2.17636	0.0136
57	1.87116	2.20165	0.0136
58	1.87701	2.16993	0.0136
59	1.85106	2.15468	0.0136
60	1.8648	2.11777	0.0136
61	1.70073	2.22504	0.0136
62	1.74126	2.17026	0.0136
63	1.7392	2.2006	0.0136
64	1.81452	2.14297	0.0136
65	1.96158	2.22233	0.0136
66	1.98345	2.2385	0.0136
67	2.303	2.28649	0.0136
68	2.07904	2.3336	0.0136
69	2.19174	2.23837	0.0136
70	2.26247	2.35855	0.0136
-3.07572e+06	2.07299	1.06616	0.0136
72	1.92234	2.18465	0.0136
73	2.01783	2.19622	0.0136
74	2.03464	2.21965	0.0136
75	1.9669	2.19263	0.0136
76	2.00857	2.22739	0.0136
77	1.81352	2.11452	0.0136
78	1.87551	2.14277	0.0136
79	1.94196	2.20349	0.0136
80	2.06156	2.22413	0.0136
81	2.17192	2.16876	0.0136
82	1.90562	2.2364	0.0136
83	2.36589	2.13312	0.0136
84	2.16896	2.28826	0.0136
85	2.2075	2.26054	0.0136
86	2.29165	2.31122	0.0136
87	2.26592	2.3024	0.0136
88	1.98128	2.29053	0.0136
89	2.07805	2.24577	0.0136
90	1.99302	2.18506	0.0136
91	2.13317	2.19655	0.0136
92	2.14799	2.07473	0.0136
93	2.16811	2.05638	0.0136
94	2.19876	2.11623	0.0136
95	2.10609	2.19923	0.0136
96	2.18301	2.13843	0.0136
97	2.22309	2.15327	0.0136
98	2.19901	2.16601	0.0136
99	2.35163	2.22049	0.0136
100	2.25717	2.20819	0.0136
101	2.36105	2.15998	0.0136
102	1.69532	1.96188	0.0136
103	2.07375	2.28605	0.0136
104	2.08507	2.07299	0.0136
105	1.90456	2.16407	0.0136
106	2.05197	2.19868	0.0136
107	2.15659	2.14495	0.0136
108	2.15434	2.0301	0.0136
109	2.20005	2.08832	0.0136
110	2.22527	2.10993	0.0136
111	2.24143	2.13307	0.0136
112	2.25224	2.10518	0.0136
113	1.85325	2.22212	0.0136
114	2.2796	2.10143	0.0136
115	2.17594	2.21621	0.0136
116	2.2301	2.2109	0.0136
117	2.26169	2.25521	0.0136
-1.89927e+06	0.526896	1.82143	0.0136
119	1.84169	2.10343	0.0136
120	2.0263	2.27195	0.0136
121	2.07539	2.14958	0.0136
122	2.11777	2.17411	0.0136
123	2.07899	2.20186	0.0136
124	2.17059	1.98334	0.0136
125	2.17358	2.01061	0.0136
126	2.19782	2.06083	0.0136
127	2.03661	2.24677	0.0136
128	2.12177	2.22147	0.0136
129	2.22833	2.0829	0.0136
130	2.29519	2.07726	0.0136
131	2.14177	2.29074	0.0136
132	2.23863	2.17573	0.0136
133	2.2145	2.18856	0.0136
134	2.35538	2.3015	0.0136
135	1.76166	2.13987	0.0136
136	1.05181	1.99855	0.0136
137	2.04568	2.12902	0.0136
138	2.09068	2.17681	0.0136
139	2.15467	2.11391	0.0136
140	2.17246	2.0923	0.0136
141	2.19781	1.97696	0.0136
142	2.18566	2.03558	0.0136
143	2.21797	2.04074	0.0136
144	2.26979	2.127	0.0136
145	2.24806	2.06417	0.0136
146	2.27557	2.01595	0.0136
147	2.27742	2.33465	0.0136
148	2.35078	2.27429	0.0136
149	2.29093	2.25077	0.0136
150	2.32059	2.24171	0.0136
151	1.78434	2.09502	0.0136
152	2.13037	1.94862	0.0136
153	2.09744	2.10031	0.0136
154	2.12489	2.09055	0.0136
155	2.13358	2.04839	0.0136
156	2.14651	2.00356	0.0136
157	2.20288	2.00544	0.0136
158	2.23419	2.01862	0.0136
159	2.27271	1.98842	0.0136
160	0.240157	1.51715	0.0136
161	2.26524	2.04152	0.0136
162	2.17423	2.39928	0.0136
163	2.14234	2.31793	0.0136
164	2.28376	2.20232	0.0136
165	2.27731	2.27749	0.0136
166	2.10957	2.29011	0.0136
167	1.14695	2.15073	0.0136
168	1.97452	2.26419	0.0136
169	2.11513	1.99545	0.0136
170	2.1283	2.12147	0.0136
171	2.10252	2.15158	0.0136
172	2.14484	2.17145	0.0136
173	2.28567	1.92253	0.0136
174	2.23057	1.96076	0.0136
175	0.191576	0.967999	0.0136
176	2.20283	2.40086	0.0136
177	2.05622	2.38358	0.0136
178	2.07851	2.36086	0.0136
179	2.31169	2.15769	0.0136
180	2.21831	2.37819	0.0136
181	1.29779	2.214	0.0136
182	2.19117	2.37628	0.0136
183	1.78228	2.12214	0.0136
184	2.09756	2.03762	0.0136
185	2.15559	1.92986	0.0136
186	2.12663	2.3414	0.0136
187	2.11093	2.06418	0.0136
188	2.12274	2.02163	0.0136
189	2.2206	1.93488	0.0136
190	2.23314	1.99027	0.0136
191	2.06219	2.31225	0.0136
192	2.37422	2.23565	0.0136
193	2.11517	2.31673	0.0136
194	2.20303	2.21359	0.0136
195	1.77166	2.23996	0.0136
196	2.23524	2.3567	0.0136
197	1.78963	2.21954	0.0136
198	1.80032	2.17292	0.0136
199	1.45323	2.25523	0.0136
200	1.74363	2.23271	0.0136
201	2.14886	2.21884	0.0136
202	2.04607	2.33419	0.0136
203	2.09177	2.38461	0.0136
204	2.13833	1.97671	0.0136
205	2.16243	1.95637	0.0136
206	2.27491	0.509736	0.0136
207	2.42411	0.926301	0.0136
208	2.25068	2.32952	0.0136
209	2.32977	2.32278	0.0136
210	2.11921	2.38631	0.0136
-3.36088e+06	1.63769	1.78362	0.0136
212	1.80101	2.24424	0.0136
213	2.09463	2.22412	0.0136
214	1.82113	2.22592	0.0136
215	1.83948	2.246	0.0136
216	1.12933	2.12393	0.0136
217	2.146	2.39519	0.0136
218	2.19601	2.28544	0.0136
219	2.15134	1.90049	0.0136
220	2.17983	1.91225	0.0136
221	2.18957	1.93903	0.0136
222	2.21724	1.9035	0.0136
223	2.04681	2.28982	0.0136
224	2.17953	2.35145	0.0136
225	2.09396	2.26783	0.0136
226	2.16943	2.31546	0.0136
227	2.16024	2.1939	0.0136
228	1.77204	2.06228	0.0136
229	1.95264	2.24803	0.0136
230	1.92524	2.25525	0.0136
231	1.89195	2.25992	0.0136
232	1.93302	2.22919	0.0136
233	1.7977	2.07132	0.0136
234	2.10407	2.409	0.0136
235	2.1538	2.34261	0.0136
236	2.10773	2.36145	0.0136
237	2.16659	1.87571	0.0136
238	2.28998	2.35877	0.0136
239	2.24593	2.38172	0.0136
240	2.16407	2.37404	0.0136
241	2.1532	2.26602	0.0136
242	2.21175	2.30763	0.0136
243	1.81932	2.08795	0.0136
244	1.31896	2.19025	0.0136
245	1.82691	2.16719	0.0136
246	1.87996	2.22739	0.0136
247	1.86618	2.25123	0.0136
248	1.36373	2.26729	0.0136
249	1.83462	2.20231	0.0136
250	2.03038	2.31187	0.0136
251	2.04099	2.36096	0.0136
252	2.19363	2.32792	0.0136
253	2.28462	2.15013	0.0136
254	2.00849	2.294	0.0136
255	2.1261	2.26849	0.0136
256	2.31736	2.35916	0.0136
257	2.13802	2.3661	0.0136
258	2.13758	2.24375	0.0136
