1
0.00395256916996047
0.00592885375494071
0.409090909090909
0.780632411067194
0.00197628458498024
0.796442687747036
1
0.0928853754940712
0.100790513833992
0.41897233201581
0.00395256916996047
0.0375494071146245
0.0138339920948617
0.800395256916996
0.00790513833992095
0.794466403162055
1
0.405138339920949
0.00790513833992095
0.00790513833992095
0.00197628458498024
0.345849802371542
0.944664031620553
0.00790513833992095
0.00592885375494071
0.108695652173913
0.00197628458498024
0.00395256916996047
1
0.0612648221343874
0.00790513833992095
0.600790513833992
0.460474308300395
0.0652173913043478
0.00790513833992095
1
0.974308300395257
0.885375494071146
0.0434782608695652
0.91897233201581
0.0632411067193676
0.818181818181818
1
0.0434782608695652
0.00197628458498024
0.91897233201581
0.841897233201581
0.818181818181818
0.828063241106719
1
0.00197628458498024
0.00592885375494071
0.974308300395257
0.972332015810277
0.0138339920948617
0.928853754940711
0.905138339920949
0.0296442687747036
0.0731225296442688
0.818181818181818
1
0.0513833992094862
0.928853754940711
0.895256916996047
0.00988142292490119
0.00395256916996047
0.818181818181818
1
0.264822134387352
0.00592885375494071
0.922924901185771
0.00395256916996047
0.922924901185771
0.00395256916996047
0.00592885375494071
0.183794466403162
0.588932806324111
1
0.306324110671937
0.264822134387352
0.920948616600791
0.521739130434783
0.102766798418972
0.00988142292490119
0.00395256916996047
1
0.00395256916996047
0.104743083003953
0.00592885375494071
0.954545454545455
0.00592885375494071
0.00592885375494071
0.0434782608695652
0.041501976284585
0.00395256916996047
0.895256916996047
0.0118577075098814
0.0355731225296443
1
0.00197628458498024
0.869565217391304
0.00790513833992095
0.00592885375494071
0.875494071146245
0.00197628458498024
0.00988142292490119
0.00395256916996047
1
0.00395256916996047
0.00395256916996047
0.00592885375494071
0.00395256916996047
0.00790513833992095
0.00790513833992095
0.0158102766798419
0.0158102766798419
0.00592885375494071
0.895256916996047
0.00197628458498024
1
0.106719367588933
0.00395256916996047
0.00395256916996047
0.00395256916996047
0.033596837944664
0.00790513833992095
0.0158102766798419
0.895256916996047
0.00395256916996047
0.857707509881423
1
0.0968379446640316
0.00592885375494071
0.907114624505929
0.00197628458498024
0.0731225296442688
0.00395256916996047
0.00790513833992095
0.83399209486166
1
0.0118577075098814
0.0197628458498024
0.0217391304347826
0.00988142292490119
0.905138339920949
0.00395256916996047
0.16403162055336
0.83201581027668
0.837944664031621
1
0.561264822134387
0.339920948616601
0.345849802371542
0.00592885375494071
0.389328063241107
0.00197628458498024
0.00197628458498024
0.774703557312253
0.0375494071146245
1
0.00395256916996047
0.563241106719368
0.0731225296442688
0.00197628458498024
0.0573122529644269
0.865612648221344
0.00197628458498024
1
0.00592885375494071
0.938735177865613
0.276679841897233
0.00395256916996047
0.00988142292490119
0.142292490118577
0.106719367588933
0.764822134387352
1
0.936758893280632
0.00592885375494071
0.0138339920948617
0.0118577075098814
0.0434782608695652
0.0434782608695652
0.703557312252964
1
0.0158102766798419
0.00197628458498024
0.207509881422925
0.00197628458498024
0.687747035573123
0.00197628458498024
0.671936758893281
0.00197628458498024
1
0.33201581027668
0.345849802371542
0.729249011857708
0.041501976284585
0.687747035573123
0.00197628458498024
0.00988142292490119
0.00197628458498024
1
0.00790513833992095
0.889328063241107
0.650197628458498
0.00197628458498024
0.652173913043478
0.642292490118577
0.541501976284585
0.00197628458498024
0.00592885375494071
0.00395256916996047
1
0.778656126482213
0.0375494071146245
0.652173913043478
0.254940711462451
0.620553359683794
0.00395256916996047
0.511857707509881
0.00988142292490119
0.812252964426877
1
0.0118577075098814
0.0177865612648221
0.175889328063241
0.16798418972332
0.0256916996047431
0.00197628458498024
0.00592885375494071
0.00592885375494071
0.00197628458498024
0.0158102766798419
1
0.00395256916996047
0.0296442687747036
0.175889328063241
0.709486166007905
0.454545454545455
0.796442687747036
0.00988142292490119
1
0.984189723320158
0.0138339920948617
1
0.986166007905138
0.952569169960474
1
0.116600790513834
0.00395256916996047
0.033596837944664
0.00790513833992095
0.00197628458498024
0.895256916996047
0.891304347826087
0.8300395256917
0.869565217391304
1
0.00592885375494071
0.00395256916996047
0.00395256916996047
0.0395256916996047
0.0395256916996047
0.905138339920949
0.00592885375494071
0.00395256916996047
0.885375494071146
0.8300395256917
1
0.0177865612648221
0.00592885375494071
0.948616600790514
0.0237154150197628
0.841897233201581
0.00395256916996047
0.00592885375494071
0.280632411067194
1
0.944664031620553
0.0138339920948617
0.83596837944664
0.00790513833992095
0.00790513833992095
0.812252964426877
0.679841897233202
1
0.867588932806324
0.867588932806324
0.857707509881423
0.764822134387352
0.855731225296443
0.855731225296443
0.00790513833992095
1
0.980237154150198
0.0869565217391304
0.0810276679841897
0.0731225296442688
0.0197628458498024
0.766798418972332
0.00988142292490119
0.794466403162055
1
0.00197628458498024
0.00197628458498024
0.920948616600791
0.033596837944664
0.00790513833992095
0.00395256916996047
0.00395256916996047
0.91897233201581
0.853754940711462
0.00395256916996047
1
0.920948616600791
0.00197628458498024
0.0434782608695652
0.91501976284585
0.314229249011858
0.00592885375494071
0.849802371541502
0.00395256916996047
1
1
0.00790513833992095
0.00988142292490119
0.950592885375494
0.901185770750988
0.895256916996047
0.729249011857708
0.0533596837944664
0.00197628458498024
1
0.00790513833992095
0.00592885375494071
0.901185770750988
0.901185770750988
0.00395256916996047
0.00790513833992095
0.110671936758893
0.106719367588933
0.0889328063241107
1
0.0652173913043478
0.91897233201581
0.00790513833992095
0.00395256916996047
0.00395256916996047
0.3300395256917
1
0.920948616600791
0.41304347826087
0.397233201581028
0.138339920948617
1
0.893280632411067
0.00790513833992095
0.839920948616601
0.527667984189723
0.0138339920948617
0.00197628458498024
0.00197628458498024
0.800395256916996
0.302371541501976
0.290513833992095
1
0.00790513833992095
0.893280632411067
0.839920948616601
0.839920948616601
0.00395256916996047
0.58695652173913
1
0.978260869565217
0.00988142292490119
0.209486166007905
0.00395256916996047
0.0118577075098814
0.00197628458498024
0.00592885375494071
1
0.0158102766798419
0.818181818181818
0.00592885375494071
0.00592885375494071
0.195652173913043
0.207509881422925
0.0533596837944664
0.0494071146245059
0.00790513833992095
0.00592885375494071
1
0.968379446640316
0.00790513833992095
0.0691699604743083
0.889328063241107
0.00790513833992095
0.733201581027668
0.00197628458498024
0.144268774703557
0.104743083003953
0.0474308300395257
1
0.986166007905138
0.00592885375494071
0.00395256916996047
0.158102766798419
0.00395256916996047
0.00197628458498024
0.122529644268775
0.0296442687747036
0.74901185770751
0.792490118577075
1
0.681818181818182
0.0573122529644269
0.0553359683794466
0.0454545454545455
0.0375494071146245
0.0237154150197628
0.0177865612648221
1
0.928853754940711
0.0612648221343874
0.0118577075098814
0.0553359683794466
0.0553359683794466
0.0237154150197628
1
0.0138339920948617
0.843873517786561
0.922924901185771
0.140316205533597
0.138339920948617
0.122529644268775
0.0138339920948617
0.851778656126482
1
0.847826086956522
0.00592885375494071
0.790513833992095
0.00197628458498024
0.770750988142292
0.00395256916996047
0.00395256916996047
0.853754940711462
0.00395256916996047
1
0.00197628458498024
0.0573122529644269
0.0533596837944664
0.345849802371542
0.594861660079051
0.592885375494071
0.0118577075098814
0.49802371541502
1
0.00197628458498024
0.936758893280632
0.0731225296442688
0.262845849802372
0.343873517786561
0.00592885375494071
0.00197628458498024
0.00395256916996047
0.851778656126482
0.343873517786561
1
0.00592885375494071
0.0711462450592885
0.00395256916996047
0.899209486166008
0.725296442687747
0.033596837944664
1
0.00197628458498024
0.0691699604743083
0.00395256916996047
0.00395256916996047
0.00197628458498024
0.739130434782609
0.0276679841897233
1
0.83596837944664
0.460474308300395
0.162055335968379
0.0158102766798419
0.0355731225296443
0.00790513833992095
1
0.905138339920949
0.00790513833992095
0.00592885375494071
0.535573122529644
0.0395256916996047
0.00592885375494071
1
0.905138339920949
0.00197628458498024
0.0138339920948617
0.924901185770751
0.00988142292490119
0.00395256916996047
0.00592885375494071
0.00790513833992095
0.00197628458498024
0.891304347826087
0.00197628458498024
1
0.944664031620553
0.920948616600791
0.00395256916996047
0.0138339920948617
0.0138339920948617
0.0118577075098814
0.00395256916996047
0.891304347826087
0.891304347826087
0.102766798418972
1
0.00790513833992095
0.00592885375494071
0.00592885375494071
0.0316205533596838
0.00988142292490119
0.00592885375494071
0.00988142292490119
0.00988142292490119
1
0.124505928853755
0.00592885375494071
0.00988142292490119
0.91897233201581
0.891304347826087
0.903162055335968
0.00592885375494071
0.395256916996047
1
0.0276679841897233
0.0237154150197628
0.818181818181818
0.909090909090909
0.780632411067194
0.00395256916996047
0.0612648221343874
0.0612648221343874
0.837944664031621
0.00197628458498024
0.409090909090909
0.00197628458498024
1
0.00592885375494071
0.8300395256917
0.849802371541502
0.845849802371542
0.843873517786561
0.355731225296443
0.0138339920948617
1
0.209486166007905
0.00790513833992095
0.693675889328063
0.662055335968379
1
0.00988142292490119
0.00395256916996047
0.695652173913043
0.671936758893281
0.662055335968379
1
0.258893280632411
0.0533596837944664
0.0355731225296443
0.0296442687747036
0.0494071146245059
0.00197628458498024
0.841897233201581
0.841897233201581
0.393280632411067
1
0.00988142292490119
0.00197628458498024
0.00395256916996047
0.0316205533596838
0.00790513833992095
0.00592885375494071
0.00395256916996047
0.0355731225296443
0.033596837944664
1
0.897233201581028
0.614624505928854
0.616600790513834
0.705533596837945
0.0553359683794466
0.00197628458498024
0.00395256916996047
1
0.988142292490119
0.0573122529644269
0.616600790513834
0.0375494071146245
0.00197628458498024
0.136363636363636
0.00592885375494071
0.766798418972332
1
0.114624505928854
0.636363636363636
0.0118577075098814
0.339920948616601
0.272727272727273
0.268774703557312
0.565217391304348
0.00988142292490119
1
0.754940711462451
0.00197628458498024
0.33596837944664
0.033596837944664
0.00395256916996047
0.294466403162055
1
0.00395256916996047
0.00395256916996047
0.193675889328063
0.83201581027668
0.875494071146245
0.223320158102767
1
0.00790513833992095
0.430830039525692
0.207509881422925
0.725296442687747
0.00592885375494071
0.865612648221344
0.00197628458498024
0.00395256916996047
0.282608695652174
0.243083003952569
1
0.00592885375494071
0.523715415019763
0.0217391304347826
0.00395256916996047
0.00395256916996047
0.00395256916996047
0.00592885375494071
0.00197628458498024
0.83201581027668
1
0.509881422924901
0.0118577075098814
0.00790513833992095
0.456521739130435
0.839920948616601
0.316205533596838
1
0.231225296442688
0.658102766798419
0.274703557312253
0.262845849802372
0.00197628458498024
0.507905138339921
0.505928853754941
1
0.675889328063241
0.658102766798419
0.274703557312253
0.00197628458498024
0.104743083003953
0.00197628458498024
0.0118577075098814
0.843873517786561
0.784584980237154
0.00592885375494071
0.492094861660079
0.733201581027668
1
0.00395256916996047
0.00790513833992095
0.00790513833992095
0.800395256916996
0.00592885375494071
0.343873517786561
0.00197628458498024
1
0.00197628458498024
0.00592885375494071
0.140316205533597
0.264822134387352
0.367588932806324
0.00197628458498024
0.00395256916996047
0.00197628458498024
0.867588932806324
0.569169960474308
1
0.272727272727273
0.00592885375494071
0.885375494071146
0.0513833992094862
1
0.00197628458498024
0.0118577075098814
0.00592885375494071
0.0375494071146245
0.0138339920948617
0.00395256916996047
0.0118577075098814
0.75296442687747
0.00197628458498024
1
0.91897233201581
0.922924901185771
0.00197628458498024
0.00395256916996047
0.00790513833992095
0.00592885375494071
0.867588932806324
0.869565217391304
1
0.00790513833992095
0.91501976284585
0.922924901185771
0.075098814229249
0.897233201581028
0.0256916996047431
0.863636363636364
1
0.577075098814229
0.0256916996047431
0.0197628458498024
0.843873517786561
0.00395256916996047
0.00790513833992095
0.780632411067194
1
0.383399209486166
0.942687747035573
0.00988142292490119
0.575098814229249
0.041501976284585
0.0375494071146245
0.00790513833992095
0.0118577075098814
0.0118577075098814
0.780632411067194
1
0.0434782608695652
0.0118577075098814
0.897233201581028
0.00592885375494071
0.0138339920948617
0.403162055335968
1
0.00592885375494071
0.0118577075098814
0.385375494071146
0.0158102766798419
0.41897233201581
0.405138339920949
0.0928853754940712
1
0.970355731225296
0.00395256916996047
0.456521739130435
0.00592885375494071
0.0197628458498024
0.0158102766798419
0.49802371541502
1
0.962450592885375
0.450592885375494
0.00395256916996047
0.00790513833992095
0.00988142292490119
0.00197628458498024
0.347826086956522
0.424901185770751
0.00197628458498024
0.33201581027668
1
0.00395256916996047
0.91699604743083
0.00790513833992095
0.0118577075098814
0.00395256916996047
0.00197628458498024
0.0494071146245059
0.00592885375494071
0.905138339920949
0.00988142292490119
0.0158102766798419
0.00197628458498024
0.822134387351779
0.782608695652174
1
0.00395256916996047
0.934782608695652
0.0118577075098814
0.855731225296443
0.00988142292490119
0.00395256916996047
0.00592885375494071
0.905138339920949
0.0158102766798419
0.00197628458498024
0.772727272727273
1
0.033596837944664
0.0494071146245059
0.911067193675889
0.00592885375494071
0.00395256916996047
0.00197628458498024
0.00197628458498024
0.00197628458498024
0.922924901185771
0.114624505928854
0.00592885375494071
0.8300395256917
1
0.903162055335968
0.00395256916996047
0.00197628458498024
0.932806324110672
0.922924901185771
0.00790513833992095
0.8300395256917
1
0.00790513833992095
0.221343873517787
0.0770750988142292
0.74901185770751
0.00988142292490119
0.517786561264822
0.00197628458498024
1
0.982213438735178
0.926877470355731
0.924901185770751
0.00592885375494071
0.0177865612648221
0.260869565217391
1
0.960474308300395
0.00395256916996047
0.0276679841897233
0.00988142292490119
0.00592885375494071
0.00395256916996047
0.926877470355731
0.00790513833992095
0.00395256916996047
0.041501976284585
0.041501976284585
1
0.00395256916996047
0.968379446640316
0.0296442687747036
0.924901185770751
0.00592885375494071
0.0790513833992095
0.0217391304347826
1
0.00790513833992095
0.00592885375494071
0.855731225296443
0.0118577075098814
0.428853754940711
0.432806324110672
0.00592885375494071
0.116600790513834
0.106719367588933
1
0.00988142292490119
0.426877470355731
0.0197628458498024
0.0138339920948617
0.00395256916996047
0.00395256916996047
0.00592885375494071
0.766798418972332
0.772727272727273
1
0.00790513833992095
0.0612648221343874
0.472332015810277
0.0494071146245059
0.00592885375494071
0.00197628458498024
1
0.00197628458498024
0.00395256916996047
0.776679841897233
0.0533596837944664
0.371541501976285
0.00988142292490119
