0.717391304347826
0.709486166007905
0.709486166007905
0.294466403162055
0.292490118577075
0.290513833992095
0.905138339920949
0.237154150197628
0.0889328063241107
0.0909090909090909
0.144268774703557
0.612648221343874
0.529644268774704
0.683794466403162
0.1699604743083
0.00395256916996047
0.00197628458498024
0.140316205533597
0.146245059288538
0.142292490118577
0.0770750988142292
0.0612648221343874
0.033596837944664
0.0296442687747036
0.563241106719368
0.00592885375494071
0.00592885375494071
0.0138339920948617
0.00197628458498024
0.146245059288538
0.717391304347826
0.707509881422925
0.00395256916996047
0.00197628458498024
0.00790513833992095
0.721343873517787
0.482213438735178
0.480237154150198
0.628458498023715
0.614624505928854
0.529644268774704
0.373517786561265
0.604743083003953
0.602766798418972
0.00197628458498024
0.756916996047431
0.780632411067194
0.778656126482213
0.776679841897233
0.488142292490119
0.00988142292490119
0.00197628458498024
0.0256916996047431
0.00790513833992095
0.00988142292490119
0.199604743083004
0.197628458498024
0.00395256916996047
0.189723320158103
0.187747035573123
0.0395256916996047
0.00592885375494071
0.00197628458498024
1
0.00197628458498024
0.00395256916996047
0.00197628458498024
0.794466403162055
0.940711462450593
0.865612648221344
0.861660079051383
0.00395256916996047
0.00197628458498024
0.104743083003953
0.100790513833992
0.146245059288538
0.00790513833992095
0.00197628458498024
0.0592885375494071
0.0256916996047431
0.0217391304347826
0.0296442687747036
0.00395256916996047
0.760869565217391
0.00197628458498024
0.00395256916996047
0.83596837944664
0.00197628458498024
0.851778656126482
0.00197628458498024
0.804347826086957
0.774703557312253
1
0.227272727272727
0.217391304347826
0.215415019762846
0.0395256916996047
0.00197628458498024
0.140316205533597
0.940711462450593
0.932806324110672
0.00395256916996047
0.00395256916996047
0.130434782608696
0.715415019762846
0.764822134387352
0.758893280632411
0.00988142292490119
0.00395256916996047
0.00395256916996047
0.897233201581028
0.837944664031621
0.851778656126482
0.855731225296443
0.0573122529644269
0.0533596837944664
0.00790513833992095
0.99802371541502
0.994071146245059
0.988142292490119
0.887351778656126
0.411067193675889
0.367588932806324
0.778656126482213
0.824110671936759
0.8300395256917
0.828063241106719
0.798418972332016
0.00395256916996047
0.0355731225296443
0.00395256916996047
0.0177865612648221
0.0177865612648221
0.893280632411067
0.893280632411067
0.885375494071146
0.693675889328063
0.693675889328063
0.693675889328063
0.691699604743083
0.600790513833992
0.347826086956522
0.339920948616601
0.563241106719368
0.0177865612648221
0.00197628458498024
0.219367588932806
0.241106719367589
0.00197628458498024
0.00395256916996047
1
0.99802371541502
0.990118577075099
0.986166007905138
0.454545454545455
0.369565217391304
0.363636363636364
0.0118577075098814
0.0118577075098814
0.0237154150197628
0.889328063241107
0.891304347826087
0.83399209486166
0.0197628458498024
0.83399209486166
0.0197628458498024
0.0197628458498024
0.00197628458498024
0.693675889328063
0.695652173913043
0.3300395256917
0.235177865612648
0.00395256916996047
0.00790513833992095
0.0237154150197628
0.00197628458498024
0.245059288537549
0.363636363636364
0.00395256916996047
0.075098814229249
0.00197628458498024
0.158102766798419
0.00592885375494071
0.75098814229249
0.74901185770751
0.74703557312253
0.677865612648221
0.33399209486166
0.33201581027668
0.654150197628458
0.0158102766798419
0.00790513833992095
0.0177865612648221
0.00197628458498024
0.879446640316206
0.843873517786561
0.140316205533597
0.128458498023715
0.0197628458498024
0.0928853754940712
0.0711462450592885
0.0454545454545455
0.0177865612648221
0.0138339920948617
0.00395256916996047
0.00197628458498024
0.205533596837945
0.201581027667984
0.266798418972332
0.264822134387352
0.00790513833992095
0.00790513833992095
0.00197628458498024
0.74703557312253
0.709486166007905
0.33596837944664
0.00790513833992095
0.00592885375494071
0.0177865612648221
0.891304347826087
0.00395256916996047
0.00197628458498024
0.0296442687747036
0.00592885375494071
0.0355731225296443
0.0217391304347826
0.00790513833992095
0.00197628458498024
0.824110671936759
0.849802371541502
0.312252964426877
0.209486166007905
0.0513833992094862
0.0533596837944664
0.0454545454545455
0.0355731225296443
0.00395256916996047
0.00988142292490119
0.075098814229249
0.99604743083004
0.992094861660079
0.274703557312253
0.266798418972332
0.00790513833992095
0.00395256916996047
0.00395256916996047
0.171936758893281
0.00395256916996047
0.0731225296442688
0.0711462450592885
0.0553359683794466
0.0454545454545455
0.00197628458498024
0.91699604743083
0.717391304347826
0.857707509881423
0.865612648221344
0.861660079051383
0.857707509881423
0.853754940711462
0.662055335968379
0.0177865612648221
0.233201581027668
0.229249011857708
0.387351778656126
0.282608695652174
0.270750988142292
0.00197628458498024
1
0.99802371541502
0.99604743083004
0.575098814229249
0.822134387351779
0.693675889328063
0.00197628458498024
0.855731225296443
0.855731225296443
0.774703557312253
0.778656126482213
0.774703557312253
0.784584980237154
0.00197628458498024
0.0118577075098814
0.286561264822134
0.91699604743083
0.865612648221344
0.863636363636364
0.857707509881423
0.851778656126482
0.810276679841897
0.345849802371542
0.00197628458498024
0.401185770750988
0.241106719367589
0.245059288537549
0.476284584980237
0.551383399209486
1
0.99802371541502
0.99604743083004
0.994071146245059
0.992094861660079
0.990118577075099
0.442687747035573
0.436758893280632
0.3300395256917
0.337944664031621
0.1699604743083
0.171936758893281
0.171936758893281
0.1699604743083
0.0988142292490119
0.118577075098814
0.116600790513834
0.0474308300395257
0.181818181818182
0.377470355731225
0.357707509881423
0.08300395256917
0.00988142292490119
0.00395256916996047
0.0158102766798419
0.033596837944664
0.00197628458498024
0.102766798418972
0.00197628458498024
0.628458498023715
0.472332015810277
0.434782608695652
0.337944664031621
0.632411067193676
0.630434782608696
0.628458498023715
0.796442687747036
0.563241106719368
0.683794466403162
0.685770750988142
0.683794466403162
0.379446640316206
0.377470355731225
0.547430830039526
0.456521739130435
0.16798418972332
0.0138339920948617
0.310276679841897
0.312252964426877
0.310276679841897
0.112648221343874
0.00790513833992095
0.58102766798419
0.626482213438735
0.624505928853755
0.160079051383399
0.0671936758893281
0.0533596837944664
1
0.99802371541502
0.280632411067194
0.272727272727273
0.270750988142292
0.266798418972332
0.179841897233202
0.638339920948617
0.254940711462451
0.926877470355731
0.0118577075098814
0.00592885375494071
0.00395256916996047
0.600790513833992
0.658102766798419
0.0118577075098814
0.00395256916996047
0.256916996047431
0.278656126482213
0.276679841897233
0.478260869565217
0.50395256916996
0.282608695652174
0.280632411067194
0.00988142292490119
0.99604743083004
0.703557312252964
0.683794466403162
0.622529644268775
0.707509881422925
0.713438735177866
0.656126482213439
0.75098814229249
0.745059288537549
0.754940711462451
0.306324110671937
0.254940711462451
0.600790513833992
0.0118577075098814
0.341897233201581
0.452569169960474
0.436758893280632
0.725296442687747
0.391304347826087
0.385375494071146
0.507905138339921
0.50197628458498
0.209486166007905
0.205533596837945
1
0.99604743083004
0.992094861660079
0.988142292490119
0.899209486166008
0.00395256916996047
0.00197628458498024
0.0553359683794466
0.0494071146245059
0.0177865612648221
0.0118577075098814
0.00197628458498024
0.0395256916996047
0.0197628458498024
0.00197628458498024
0.907114624505929
0.901185770750988
0.557312252964427
0.549407114624506
0.0158102766798419
0.452569169960474
0.16600790513834
0.146245059288538
0.600790513833992
0.596837944664032
0.310276679841897
0.00197628458498024
1
0.99604743083004
0.992094861660079
0.988142292490119
0.00790513833992095
0.00592885375494071
0.00395256916996047
0.00790513833992095
0.00592885375494071
0.00592885375494071
0.00395256916996047
0.00197628458498024
0.899209486166008
0.557312252964427
0.549407114624506
0.561264822134387
0.00197628458498024
0.00197628458498024
0.41699604743083
0.108695652173913
0.00790513833992095
0.598814229249012
0.594861660079051
0.280632411067194
0.00790513833992095
0.00592885375494071
0.99802371541502
0.407114624505929
0.405138339920949
0.403162055335968
0.401185770750988
0.399209486166008
0.563241106719368
0.658102766798419
0.768774703557312
0.592885375494071
0.58300395256917
0.58102766798419
0.58300395256917
0.588932806324111
0.638339920948617
0.681818181818182
0.879446640316206
0.00790513833992095
0.199604743083004
0.201581027667984
0.00395256916996047
0.00197628458498024
0.00592885375494071
0.00395256916996047
0.00988142292490119
0.00197628458498024
0.885375494071146
0.877470355731225
1
0.99802371541502
0.990118577075099
0.58102766798419
0.142292490118577
0.00790513833992095
0.268774703557312
0.0869565217391304
0.0652173913043478
0.0948616600790514
0.00197628458498024
0.00790513833992095
0.00197628458498024
0.00197628458498024
0.213438735177866
0.0592885375494071
0.0474308300395257
0.033596837944664
0.0276679841897233
0.0197628458498024
0.00988142292490119
0.0790513833992095
0.0770750988142292
0.00395256916996047
0.0612648221343874
0.972332015810277
0.968379446640316
0.966403162055336
0.962450592885375
0.00592885375494071
0.00395256916996047
0.00395256916996047
0.00197628458498024
0.00395256916996047
0.00988142292490119
0.727272727272727
0.727272727272727
0.727272727272727
0.284584980237154
0.462450592885375
0.897233201581028
0.357707509881423
0.355731225296443
0.270750988142292
0.264822134387352
0.266798418972332
0.00197628458498024
0.00395256916996047
0.0276679841897233
0.00197628458498024
0.00197628458498024
0.00197628458498024
0.00790513833992095
0.839920948616601
1
0.972332015810277
0.966403162055336
0.962450592885375
0.956521739130435
0.956521739130435
0.420948616600791
0.422924901185771
0.792490118577075
0.00197628458498024
0.0770750988142292
0.0553359683794466
0.0355731225296443
0.0177865612648221
0.464426877470356
0.907114624505929
0.00592885375494071
0.00197628458498024
0.0573122529644269
0.0494071146245059
0.0256916996047431
0.0217391304347826
0.0177865612648221
0.00988142292490119
0.841897233201581
0.25098814229249
0.254940711462451
0.256916996047431
1
0.845849802371542
0.843873517786561
0.187747035573123
0.185770750988142
0.278656126482213
0.256916996047431
0.946640316205534
0.403162055335968
0.401185770750988
0.403162055335968
0.00592885375494071
0.58102766798419
0.0217391304347826
0.00197628458498024
0.434782608695652
0.438735177865613
0.436758893280632
0.239130434782609
0.717391304347826
0.705533596837945
0.703557312252964
0.693675889328063
0.616600790513834
0.602766798418972
0.278656126482213
0.270750988142292
0.00197628458498024
0.847826086956522
0.843873517786561
0.00395256916996047
0.658102766798419
0.656126482213439
0.66798418972332
0.942687747035573
0.946640316205534
0.00592885375494071
0.00395256916996047
0.395256916996047
0.393280632411067
0.0810276679841897
0.00197628458498024
0.0513833992094862
0.0177865612648221
0.00197628458498024
0.0158102766798419
0.879446640316206
0.0533596837944664
0.0296442687747036
0.741106719367589
0.715415019762846
0.705533596837945
0.697628458498024
0.695652173913043
0.6699604743083
0.618577075098814
0.612648221343874
0.217391304347826
0.99802371541502
0.391304347826087
0.691699604743083
0.529644268774704
0.523715415019763
0.104743083003953
0.00988142292490119
0.0118577075098814
0.00395256916996047
0.0177865612648221
0.474308300395257
0.472332015810277
0.563241106719368
0.533596837944664
0.00395256916996047
0.00197628458498024
0.00790513833992095
0.00592885375494071
0.00197628458498024
0.0217391304347826
0.00988142292490119
0.00395256916996047
0.853754940711462
0.853754940711462
0.851778656126482
0.0177865612648221
0.0256916996047431
0.0197628458498024
1
0.600790513833992
0.598814229249012
0.594861660079051
0.592885375494071
0.152173913043478
0.156126482213439
0.144268774703557
0.140316205533597
0.138339920948617
0.0671936758893281
0.00395256916996047
0.0177865612648221
0.0217391304347826
0.399209486166008
0.379446640316206
0.379446640316206
0.401185770750988
0.399209486166008
0.00197628458498024
0.00197628458498024
0.00790513833992095
0.00197628458498024
0.00592885375494071
0.00395256916996047
0.00790513833992095
0.00197628458498024
0
0.00988142292490119
1
0.99802371541502
0.99604743083004
0.978260869565217
0.367588932806324
0.806324110671937
0.0138339920948617
0.0118577075098814
0.559288537549407
0.559288537549407
0.802371541501976
0.679841897233202
0.677865612648221
0.25098814229249
0.239130434782609
0.237154150197628
0.128458498023715
0.00197628458498024
0.737154150197628
0.00395256916996047
0.00197628458498024
0.525691699604743
0.00988142292490119
0.00197628458498024
0.00988142292490119
0.345849802371542
0.723320158102767
0.881422924901186
0.130434782608696
0.992094861660079
0.1699604743083
0.00395256916996047
0.00592885375494071
0.245059288537549
0.804347826086957
0.802371541501976
0.677865612648221
0.58102766798419
0.407114624505929
0.403162055335968
0.486166007905138
0.162055335968379
0.00395256916996047
0.0395256916996047
0.505928853754941
0.00790513833992095
0.00592885375494071
0.788537549407115
0.00790513833992095
0.00197628458498024
0.41304347826087
0.879446640316206
0.00592885375494071
1
0.994071146245059
0.326086956521739
0.314229249011858
0.310276679841897
0.420948616600791
0.41897233201581
0.00197628458498024
0.0217391304347826
0.00395256916996047
0.0138339920948617
0.0296442687747036
0.00592885375494071
0.474308300395257
0.474308300395257
0.470355731225296
0.513833992094862
0.660079051383399
0.112648221343874
0.302371541501976
0.00790513833992095
0.286561264822134
0.444664031620553
0.444664031620553
1
0.99604743083004
0.223320158102767
0.215415019762846
0.513833992094862
0.00395256916996047
0.268774703557312
0.221343873517787
0.203557312252964
0.644268774703557
0.0652173913043478
0.282608695652174
0.280632411067194
0.33201581027668
0.302371541501976
0.873517786561265
0.0118577075098814
0.00197628458498024
0.00197628458498024
0.00395256916996047
0.00197628458498024
0.156126482213439
0.513833992094862
0.652173913043478
0.00592885375494071
0.00592885375494071
0.41304347826087
0.715415019762846
0.988142292490119
0.986166007905138
0.452569169960474
0.450592885375494
0.440711462450593
0.515810276679842
0.517786561264822
0.521739130434783
0.940711462450593
0.199604743083004
0.189723320158103
0.343873517786561
0.802371541501976
0.776679841897233
0.794466403162055
0.00197628458498024
0.432806324110672
0.215415019762846
0.292490118577075
0.288537549407115
0.0810276679841897
0.0790513833992095
1
0.99604743083004
0.371541501976285
0.00197628458498024
0.363636363636364
0.154150197628458
0.505928853754941
0.221343873517787
0.0671936758893281
0.0375494071146245
0.00988142292490119
0.519762845849802
0.940711462450593
0.195652173913043
0.189723320158103
0.185770750988142
0.442687747035573
0.00592885375494071
0.0770750988142292
0.075098814229249
0.00395256916996047
0.00197628458498024
0.0474308300395257
0.041501976284585
0.00790513833992095
0.430830039525692
0.213438735177866
0.292490118577075
0.288537549407115
0.00790513833992095
0.788537549407115
0.00988142292490119
0.00592885375494071
0.00395256916996047
0.00197628458498024
0.782608695652174
0.764822134387352
0.699604743083004
0.701581027667984
0.788537549407115
0.490118577075099
0.484189723320158
0.486166007905138
0.480237154150198
0.590909090909091
0.590909090909091
0.590909090909091
0.472332015810277
0.260869565217391
0.0731225296442688
0.0434782608695652
0.0237154150197628
0.0138339920948617
0.00395256916996047
0.0197628458498024
0.802371541501976
1
0.99802371541502
0.99604743083004
0.994071146245059
0.984189723320158
0.978260869565217
0.00988142292490119
0.0909090909090909
0.00592885375494071
0.00197628458498024
0.784584980237154
0.764822134387352
0.74901185770751
0.788537549407115
0.280632411067194
0.282608695652174
0.272727272727273
0.322134387351779
0.326086956521739
0.189723320158103
0.472332015810277
0.41897233201581
0.128458498023715
0.110671936758893
0.106719367588933
0.00988142292490119
0.00395256916996047
0.00395256916996047
0.361660079051383
1
0.99604743083004
0.992094861660079
0.930830039525692
0.634387351778656
0.173913043478261
0.379446640316206
0.217391304347826
0.359683794466403
0.33399209486166
0.33201581027668
0.213438735177866
0.211462450592885
0.272727272727273
0.24901185770751
0.266798418972332
0.162055335968379
0.00592885375494071
0.00197628458498024
0.150197628458498
0.294466403162055
0.292490118577075
0.602766798418972
0.0158102766798419
0.841897233201581
0.434782608695652
0.424901185770751
0.41897233201581
0.0869565217391304
1
0.994071146245059
0.456521739130435
0.58695652173913
0.381422924901186
0.114624505928854
0.0118577075098814
0.0118577075098814
0.00395256916996047
0.596837944664032
0.407114624505929
0.436758893280632
0.555335968379447
0.553359683794466
0.296442687747036
0.00988142292490119
0.00592885375494071
0.00197628458498024
0.00197628458498024
0.290513833992095
0.782608695652174
0.426877470355731
0.545454545454545
0.679841897233202
0.677865612648221
0.241106719367589
0.00592885375494071
0.00395256916996047
0.00988142292490119
1
0.99802371541502
0.99604743083004
0.122529644268775
0.110671936758893
0.00197628458498024
0.654150197628458
0.650197628458498
0.480237154150198
0.446640316205534
0.00197628458498024
0.00592885375494071
0.00592885375494071
0.808300395256917
0.851778656126482
0.687747035573123
0.685770750988142
0.00197628458498024
0.0118577075098814
0.00592885375494071
0.0177865612648221
0.994071146245059
0.306324110671937
0.857707509881423
0.697628458498024
0.697628458498024
0.654150197628458
0.656126482213439
0.652173913043478
0.652173913043478
0.262845849802372
0.260869565217391
0.0968379446640316
0.0948616600790514
0.264822134387352
0.262845849802372
0.116600790513834
0.112648221343874
0.08300395256917
0.0790513833992095
0.00395256916996047
0.00790513833992095
0.0553359683794466
0.0494071146245059
0.729249011857708
0.727272727272727
0.16403162055336
0.136363636363636
0.134387351778656
0.118577075098814
0.110671936758893
0.106719367588933
0.0652173913043478
0.99604743083004
0.992094861660079
0.988142292490119
0.254940711462451
0.245059288537549
0.00197628458498024
0.00197628458498024
0.697628458498024
0.697628458498024
0.701581027667984
0.517786561264822
0.519762845849802
0.00592885375494071
0.233201581027668
0.575098814229249
0.58498023715415
0.577075098814229
0.00197628458498024
0.0118577075098814
0.361660079051383
0.446640316205534
0.442687747035573
0.719367588932806
0.719367588932806
0.782608695652174
0.782608695652174
1
0.99802371541502
0.994071146245059
0.990118577075099
0.0138339920948617
0.0711462450592885
0.656126482213439
0.660079051383399
0.697628458498024
0.701581027667984
0.932806324110672
0.41501976284585
0.00197628458498024
0.233201581027668
0.614624505928854
0.612648221343874
0.590909090909091
0.571146245059289
0.569169960474308
0.00790513833992095
0.58498023715415
0.590909090909091
0.452569169960474
0.0553359683794466
0.00790513833992095
0.00592885375494071
0.00197628458498024
0.00592885375494071
0.00197628458498024
0.99802371541502
0.99802371541502
0.99604743083004
0.994071146245059
0.992094861660079
0.50395256916996
0.5
0.316205533596838
0.221343873517787
0.235177865612648
0.00790513833992095
0.00592885375494071
0.549407114624506
0.541501976284585
0.83399209486166
0.00197628458498024
0.697628458498024
0.737154150197628
0.00197628458498024
0.0237154150197628
0.00592885375494071
0.00197628458498024
0.00197628458498024
0.0158102766798419
0.0849802371541502
0.08300395256917
0.00197628458498024
0.00790513833992095
0.454545454545455
0.318181818181818
0.310276679841897
0.241106719367589
0.233201581027668
0.112648221343874
0.00197628458498024
0.100790513833992
0.102766798418972
0.397233201581028
0.0355731225296443
0.0177865612648221
0.00790513833992095
0.00197628458498024
0.697628458498024
0.00197628458498024
0.171936758893281
0.16798418972332
0.0612648221343874
0.0217391304347826
0.00197628458498024
0.0316205533596838
0.0237154150197628
0.0138339920948617
0.0474308300395257
0.00197628458498024
0.954545454545455
0.952569169960474
0.948616600790514
0.00197628458498024
0.341897233201581
0.339920948616601
0.33596837944664
0.381422924901186
0.274703557312253
0.268774703557312
0.270750988142292
0.00592885375494071
0.041501976284585
0.00197628458498024
0.816205533596838
0.824110671936759
0.822134387351779
0.855731225296443
0.778656126482213
0.903162055335968
0.432806324110672
0.424901185770751
0.00197628458498024
0.488142292490119
0.492094861660079
0.0217391304347826
0.00197628458498024
0.254940711462451
0.254940711462451
0.956521739130435
0.952569169960474
0.948616600790514
0.302371541501976
0.326086956521739
0.0770750988142292
0.0573122529644269
0.349802371541502
0.276679841897233
0.266798418972332
0.254940711462451
0.0118577075098814
0.134387351778656
0.136363636363636
0.128458498023715
0.112648221343874
0.0316205533596838
0.0177865612648221
0.0118577075098814
0.901185770750988
0.424901185770751
0.523715415019763
0.381422924901186
0.673913043478261
0.0355731225296443
0.00592885375494071
0.0138339920948617
1
0.99802371541502
0.994071146245059
0.411067193675889
0.00197628458498024
0.519762845849802
0.492094861660079
0.658102766798419
0.662055335968379
0.274703557312253
0.648221343873518
0.612648221343874
0.606719367588933
0.600790513833992
0.768774703557312
0.0158102766798419
0.00592885375494071
0.0197628458498024
0.00197628458498024
0.0158102766798419
0.881422924901186
0.0553359683794466
0.0395256916996047
0.0138339920948617
0.0118577075098814
0.0118577075098814
0.575098814229249
0.565217391304348
0.565217391304348
0.515810276679842
0.355731225296443
0.345849802371542
0.290513833992095
0.286561264822134
0.671936758893281
0.00197628458498024
0.50197628458498
0.505928853754941
0.00395256916996047
0.00197628458498024
0.0217391304347826
0.0138339920948617
0.0158102766798419
0.00197628458498024
0.00790513833992095
0.00592885375494071
0.00592885375494071
0.00197628458498024
0.00197628458498024
0.725296442687747
0.800395256916996
0.818181818181818
0.818181818181818
0.00395256916996047
0.743083003952569
0.624505928853755
0.620553359683794
0.430830039525692
0.00790513833992095
0.00197628458498024
0.430830039525692
0.428853754940711
0.426877470355731
0.50197628458498
0.484189723320158
0.946640316205534
0.339920948616601
0.339920948616601
0.00790513833992095
0.00197628458498024
0.00395256916996047
0.00790513833992095
0.00197628458498024
0.0849802371541502
0.041501976284585
0.0395256916996047
0.00197628458498024
0.033596837944664
0.0276679841897233
0.717391304347826
0.0869565217391304
0.00592885375494071
0.00197628458498024
0.739130434782609
0.739130434782609
0.733201581027668
0.349802371541502
0.00790513833992095
0.00592885375494071
0.00395256916996047
0.00197628458498024
0.395256916996047
0.397233201581028
0.241106719367589
0.243083003952569
0.235177865612648
0.177865612648221
0.16403162055336
0.0118577075098814
0.00790513833992095
0.432806324110672
0.383399209486166
0.379446640316206
0.855731225296443
0.847826086956522
0.110671936758893
0.723320158102767
0.711462450592885
1
0.719367588932806
0.717391304347826
0.00395256916996047
0.00790513833992095
0.944664031620553
0.911067193675889
0.940711462450593
0.938735177865613
0.434782608695652
0.00197628458498024
0.211462450592885
0.16798418972332
0.725296442687747
0.721343873517787
0.709486166007905
0.662055335968379
0.136363636363636
0.134387351778656
0.0691699604743083
0.0513833992094862
0.00197628458498024
0.0474308300395257
0.0256916996047431
0.0138339920948617
0.00197628458498024
1
0.00592885375494071
0.272727272727273
0.262845849802372
0.00988142292490119
0.00197628458498024
0.911067193675889
0.484189723320158
0.476284584980237
0.49802371541502
0.91304347826087
0.0138339920948617
0.160079051383399
0.00395256916996047
0.00395256916996047
0.0454545454545455
0.0434782608695652
0.00395256916996047
0.0217391304347826
0.0256916996047431
0.0217391304347826
0.00395256916996047
0.00197628458498024
0.703557312252964
0.703557312252964
0.701581027667984
0.695652173913043
0.00395256916996047
0.00197628458498024
0.00197628458498024
0.00790513833992095
0.735177865612648
0.733201581027668
0.270750988142292
0.371541501976285
0.260869565217391
0.0197628458498024
0.00592885375494071
0.00395256916996047
0.444664031620553
0.444664031620553
0.442687747035573
0.760869565217391
0.00395256916996047
0.0158102766798419
0.0237154150197628
0.339920948616601
0.337944664031621
0.33399209486166
0.00395256916996047
0.276679841897233
0.00988142292490119
0.00395256916996047
0.00592885375494071
0.00395256916996047
0.00988142292490119
0.00592885375494071
0.00197628458498024
1
0.739130434782609
0.735177865612648
0.00395256916996047
0.00988142292490119
0.00197628458498024
0.0158102766798419
0.00197628458498024
0.762845849802372
0.760869565217391
0.756916996047431
0.654150197628458
0.673913043478261
0.677865612648221
0.00592885375494071
0.33596837944664
0.328063241106719
0.314229249011858
0.282608695652174
0.397233201581028
0.561264822134387
0.0118577075098814
0.0632411067193676
0.0395256916996047
0.00395256916996047
0.0118577075098814
0.00395256916996047
0.312252964426877
0.312252964426877
0.316205533596838
0.920948616600791
0.91699604743083
0.91501976284585
0.91304347826087
0.911067193675889
0.00790513833992095
0.00988142292490119
0.102766798418972
0.420948616600791
0.41501976284585
0.0118577075098814
0.187747035573123
0.610671936758893
0.233201581027668
0.458498023715415
0.420948616600791
0.411067193675889
0.741106719367589
0.731225296442688
0.735177865612648
0.219367588932806
0.108695652173913
0.262845849802372
0.00592885375494071
0.00197628458498024
0.00197628458498024
0.00395256916996047
0.00197628458498024
0.00592885375494071
0.91501976284585
0.911067193675889
0.911067193675889
0.33596837944664
0.3300395256917
0.355731225296443
0.41304347826087
0.490118577075099
0.486166007905138
0.00197628458498024
0.16798418972332
0.705533596837945
0.826086956521739
0.654150197628458
0.00395256916996047
0.0158102766798419
0.618577075098814
0.422924901185771
0.420948616600791
0.741106719367589
0.733201581027668
0.737154150197628
0.729249011857708
0.213438735177866
0.00988142292490119
0.00395256916996047
0.531620553359684
0.00395256916996047
0.0889328063241107
0.08300395256917
0.0810276679841897
0.0316205533596838
0.0197628458498024
1
0.814229249011858
0.812252964426877
0.810276679841897
0.806324110671937
0.984189723320158
0.650197628458498
0.0138339920948617
0.537549407114625
0.531620553359684
0.296442687747036
0.373517786561265
0.00988142292490119
0.245059288537549
0.233201581027668
0.363636363636364
0.148221343873518
0.0197628458498024
0.768774703557312
0.739130434782609
0.739130434782609
0.00395256916996047
0.0711462450592885
0.0573122529644269
0.00197628458498024
0.00197628458498024
0.0395256916996047
0.851778656126482
0.00197628458498024
0.00988142292490119
0.132411067193676
0.130434782608696
0.179841897233202
0.075098814229249
1
0.806324110671937
0.984189723320158
0.535573122529644
0.537549407114625
0.533596837944664
0.296442687747036
0.377470355731225
0.162055335968379
0.156126482213439
0.154150197628458
0.108695652173913
0.00395256916996047
0.0217391304347826
0.199604743083004
0.845849802371542
0.895256916996047
0.114624505928854
0.104743083003953
0.08300395256917
0.790513833992095
0.792490118577075
0.792490118577075
0.739130434782609
0.739130434782609
0.758893280632411
0.812252964426877
0.569169960474308
0.573122529644269
0.571146245059289
0.241106719367589
0.00197628458498024
0.00592885375494071
0.0138339920948617
0.928853754940711
0.926877470355731
0.0434782608695652
0.146245059288538
0.116600790513834
0.00395256916996047
0.00197628458498024
0.00197628458498024
0.0118577075098814
0.00592885375494071
0.377470355731225
0.0256916996047431
0.0217391304347826
0.00197628458498024
0.102766798418972
0.041501976284585
0.00197628458498024
0.00197628458498024
0.00988142292490119
0.00197628458498024
0.0316205533596838
0.960474308300395
0.950592885375494
0.934782608695652
0.588932806324111
0.58695652173913
0.58695652173913
0.428853754940711
0.426877470355731
0.152173913043478
0.00395256916996047
0.00197628458498024
0.00197628458498024
0.00592885375494071
0.0553359683794466
0.381422924901186
0.108695652173913
0.796442687747036
0.802371541501976
0.814229249011858
0.00197628458498024
0.367588932806324
0.0197628458498024
0.0138339920948617
0.0434782608695652
0.00592885375494071
0.458498023715415
0.456521739130435
1
0.994071146245059
0.897233201581028
0.895256916996047
0.978260869565217
0.974308300395257
0.579051383399209
0.00197628458498024
0.391304347826087
0.272727272727273
0.268774703557312
0.231225296442688
0.221343873517787
0.824110671936759
0.0770750988142292
0.00197628458498024
0.00395256916996047
0.0671936758893281
0.0592885375494071
0.00197628458498024
0.0553359683794466
0.0256916996047431
0.00197628458498024
0.00592885375494071
0.00197628458498024
0.00197628458498024
0.867588932806324
0.875494071146245
0.66403162055336
0.310276679841897
0.563241106719368
1
0.994071146245059
0.990118577075099
0.984189723320158
0.901185770750988
0.575098814229249
0.185770750988142
0.171936758893281
0.160079051383399
0.00197628458498024
0.00197628458498024
0.0118577075098814
0.00592885375494071
0.00988142292490119
0.0296442687747036
0.0217391304347826
0.0217391304347826
0.00197628458498024
0.0138339920948617
0.00197628458498024
0.00197628458498024
0.00395256916996047
0.00197628458498024
0.871541501976285
0.875494071146245
0.66403162055336
0.00790513833992095
0.00395256916996047
0.00197628458498024
0.00395256916996047
0.992094861660079
0.618577075098814
0.620553359683794
0.705533596837945
0.199604743083004
0.199604743083004
0.0770750988142292
0.0118577075098814
0.00592885375494071
0.454545454545455
0.0197628458498024
0.00197628458498024
0.00790513833992095
0.371541501976285
0.367588932806324
0.33399209486166
0.324110671936759
0.296442687747036
0.650197628458498
0.00592885375494071
0.654150197628458
0.879446640316206
0.796442687747036
0.258893280632411
0.345849802371542
0.565217391304348
0.571146245059289
0.774703557312253
0.6699604743083
1
0.99802371541502
0.99604743083004
0.992094861660079
0.361660079051383
0.0138339920948617
0.00197628458498024
0.00395256916996047
0.00197628458498024
0.456521739130435
0.110671936758893
0.00197628458498024
0.367588932806324
0.33399209486166
0.308300395256917
0.25098814229249
0.877470355731225
0.794466403162055
0.341897233201581
0.361660079051383
0.565217391304348
0.569169960474308
0.766798418972332
0.772727272727273
0.175889328063241
1
0.99802371541502
0.99604743083004
0.994071146245059
0.992094861660079
0.990118577075099
0.114624505928854
0.00197628458498024
0.0889328063241107
0.00790513833992095
0.00592885375494071
0.0395256916996047
0.033596837944664
0.00197628458498024
0.0197628458498024
0.00197628458498024
0.00197628458498024
0.00790513833992095
0.00197628458498024
0.883399209486166
0.91501976284585
0.389328063241107
0.00395256916996047
0.00395256916996047
0.91699604743083
0.91501976284585
0.91304347826087
0.911067193675889
0.889328063241107
0.849802371541502
0.83596837944664
0.83201581027668
0.808300395256917
0.0158102766798419
0.0256916996047431
0.00592885375494071
0.00197628458498024
0.00592885375494071
0.883399209486166
0.885375494071146
0.883399209486166
0.899209486166008
0.91304347826087
0.00395256916996047
0.00197628458498024
0.00197628458498024
0.00197628458498024
0.00197628458498024
0.00395256916996047
0.00197628458498024
0.379446640316206
0.379446640316206
0.377470355731225
0.590909090909091
0.00197628458498024
0.934782608695652
0.932806324110672
0.930830039525692
0.911067193675889
0.907114624505929
0.901185770750988
0.00197628458498024
0.899209486166008
0.897233201581028
0.924901185770751
0.932806324110672
0.928853754940711
0.00790513833992095
0.00988142292490119
0.00592885375494071
0.00197628458498024
0.482213438735178
0.472332015810277
0.422924901185771
0.628458498023715
0.818181818181818
0.260869565217391
0.256916996047431
0.25296442687747
0.225296442687747
0.221343873517787
1
0.99802371541502
0.99604743083004
0.994071146245059
0.992094861660079
0.990118577075099
0.986166007905138
0.984189723320158
0.00592885375494071
0.00395256916996047
0.00197628458498024
0.00395256916996047
0.00197628458498024
0.00790513833992095
0.934782608695652
0.932806324110672
0
0.895256916996047
0.899209486166008
0.903162055335968
0.899209486166008
0.901185770750988
0.899209486166008
0.486166007905138
0.00790513833992095
0.41897233201581
0.41699604743083
0.136363636363636
0.122529644268775
0.861660079051383
0.859683794466403
0.851778656126482
0.972332015810277
0.535573122529644
0.160079051383399
0.442687747035573
0.440711462450593
0.00197628458498024
0.592885375494071
0.00197628458498024
0.515810276679842
0.513833992094862
0.511857707509881
0.0573122529644269
0.0770750988142292
0.0237154150197628
0.0217391304347826
0.0118577075098814
0.444664031620553
0.444664031620553
0.444664031620553
0.545454545454545
0.00592885375494071
0.385375494071146
0.567193675889328
0.573122529644269
0.567193675889328
0.565217391304348
0.243083003952569
0.223320158102767
0.0118577075098814
0.00197628458498024
1
0.865612648221344
0.845849802371542
0.189723320158103
0.130434782608696
0.136363636363636
0.286561264822134
0.286561264822134
0.00395256916996047
0.00197628458498024
0.527667984189723
0.519762845849802
0.567193675889328
0.810276679841897
0.808300395256917
0.00592885375494071
0.33201581027668
0.3300395256917
0.3300395256917
0.328063241106719
0.375494071146245
0.379446640316206
0.00197628458498024
0.3300395256917
0.205533596837945
0.158102766798419
0.00197628458498024
0.598814229249012
0.567193675889328
0.567193675889328
0.0454545454545455
0.00197628458498024
0.00197628458498024
0.292490118577075
1
0.901185770750988
0.891304347826087
0.555335968379447
0.932806324110672
0.620553359683794
0.620553359683794
0.0138339920948617
0.233201581027668
0.00592885375494071
0.00197628458498024
0.691699604743083
0.00395256916996047
0.531620553359684
0.529644268774704
0.527667984189723
0.0158102766798419
0.00395256916996047
0.00197628458498024
0.00197628458498024
0.00592885375494071
0.889328063241107
0.08300395256917
0.0513833992094862
0.0494071146245059
0.00395256916996047
0.936758893280632
0.938735177865613
0.193675889328063
0.156126482213439
0.24901185770751
0.264822134387352
0.00197628458498024
0.233201581027668
0.00197628458498024
0.764822134387352
0.907114624505929
0.00197628458498024
0.675889328063241
0.697628458498024
0.691699604743083
0.531620553359684
0.00197628458498024
0.00395256916996047
0.0138339920948617
0.0118577075098814
0.879446640316206
0.885375494071146
0.889328063241107
0.889328063241107
0.00395256916996047
0.99802371541502
0.213438735177866
0.0256916996047431
0.0237154150197628
0.0138339920948617
0.142292490118577
0.140316205533597
0.0711462450592885
0.00395256916996047
0.24901185770751
0.24901185770751
0.845849802371542
0.920948616600791
0.268774703557312
0.853754940711462
0.91304347826087
0.08300395256917
0.0790513833992095
0.00395256916996047
0.00197628458498024
0.00395256916996047
0.00988142292490119
0.00197628458498024
0.822134387351779
0.820158102766798
0.814229249011858
0.565217391304348
0.99802371541502
0.99604743083004
0.992094861660079
0.768774703557312
0.766798418972332
0.766798418972332
0.0256916996047431
0.00395256916996047
0.3300395256917
0.3300395256917
0.624505928853755
0.616600790513834
0.00197628458498024
0.920948616600791
0.482213438735178
0.480237154150198
0.181818181818182
0.100790513833992
0.298418972332016
0.296442687747036
0.284584980237154
0.822134387351779
0.828063241106719
0.697628458498024
0.00395256916996047
0.209486166007905
0.207509881422925
0.719367588932806
0.719367588932806
0.00395256916996047
0.00197628458498024
0.928853754940711
0.91897233201581
0.442687747035573
0.440711462450593
0.00197628458498024
0.219367588932806
0.154150197628458
0.0118577075098814
0.00395256916996047
0.00197628458498024
0.00790513833992095
0.889328063241107
0.885375494071146
0.83399209486166
0.41897233201581
0.221343873517787
0.00197628458498024
0.134387351778656
0.466403162055336
0.00395256916996047
0.928853754940711
0.924901185770751
0.00790513833992095
0.0691699604743083
0.505928853754941
0.233201581027668
0.0454545454545455
0.00592885375494071
0.00197628458498024
0.00197628458498024
0.0177865612648221
0.00988142292490119
0.00395256916996047
0
0.891304347826087
0.887351778656126
0.83399209486166
0.83201581027668
0.555335968379447
0.41897233201581
0.00197628458498024
0.436758893280632
0.434782608695652
0.434782608695652
0.215415019762846
0.231225296442688
0.709486166007905
0.0849802371541502
0.341897233201581
0.0138339920948617
1
0.403162055335968
0.395256916996047
0.401185770750988
0.863636363636364
0.290513833992095
0.33399209486166
0.363636363636364
0.193675889328063
0.00790513833992095
0.00592885375494071
0.0810276679841897
0.00197628458498024
0.733201581027668
0.00197628458498024
0.804347826086957
0.361660079051383
0.33596837944664
0.33399209486166
0.0434782608695652
0.00395256916996047
0.00197628458498024
0.116600790513834
0.114624505928854
0.112648221343874
0.630434782608696
0.00592885375494071
0.00197628458498024
0.58498023715415
0.58300395256917
0.579051383399209
0.573122529644269
0.877470355731225
0.861660079051383
0.561264822134387
0.114624505928854
0.0889328063241107
0.00395256916996047
0.0197628458498024
0.130434782608696
0.00592885375494071
0.739130434782609
0.806324110671937
0.788537549407115
0.365612648221344
0.359683794466403
0.33201581027668
0.452569169960474
0.282608695652174
0.446640316205534
0.444664031620553
0.442687747035573
0.440711462450593
0.0118577075098814
0.527667984189723
0.527667984189723
0.525691699604743
0.626482213438735
0.622529644268775
0.620553359683794
1
0.179841897233202
0.162055335968379
0.950592885375494
0.0158102766798419
0.0711462450592885
0.0711462450592885
0.0691699604743083
0.0553359683794466
0.0494071146245059
0.867588932806324
0.794466403162055
0.470355731225296
0.379446640316206
0.387351778656126
0.324110671936759
0.201581027667984
0.857707509881423
0.857707509881423
0.0533596837944664
0.0909090909090909
0.0731225296442688
0.00790513833992095
0.0118577075098814
0.0118577075098814
0.0138339920948617
0.0256916996047431
0.808300395256917
0.812252964426877
0.808300395256917
0.891304347826087
0.00790513833992095
0.794466403162055
0.389328063241107
0.383399209486166
0.381422924901186
0.381422924901186
0.075098814229249
0.0533596837944664
0.00790513833992095
0.660079051383399
0.138339920948617
0.136363636363636
0.0158102766798419
0.00592885375494071
0.0177865612648221
0.0118577075098814
0.00197628458498024
0.00790513833992095
0.976284584980237
0.974308300395257
0.00197628458498024
0.00197628458498024
0.66403162055336
0.00197628458498024
0.656126482213439
0.241106719367589
0.245059288537549
0.233201581027668
0.00197628458498024
0.142292490118577
0.120553359683794
0.654150197628458
0.0158102766798419
0.041501976284585
0.041501976284585
0.0177865612648221
0.00395256916996047
1
0.00197628458498024
0.00197628458498024
0.00790513833992095
0.00592885375494071
0.00592885375494071
0.960474308300395
0.177865612648221
0.0691699604743083
0.181818181818182
0.00395256916996047
0.0118577075098814
0.08300395256917
0.243083003952569
0.16600790513834
0.140316205533597
0.604743083003953
0.588932806324111
0.624505928853755
0.551383399209486
0.50395256916996
0.470355731225296
0.466403162055336
0.828063241106719
0.00988142292490119
0.0177865612648221
0.0118577075098814
0.171936758893281
0.1699604743083
0.156126482213439
0.154150197628458
0.106719367588933
0.104743083003953
0.00395256916996047
0.075098814229249
0.00197628458498024
0.132411067193676
0.134387351778656
0.132411067193676
0.128458498023715
0.0316205533596838
0.0237154150197628
0.0177865612648221
0.00395256916996047
0.897233201581028
0.895256916996047
0.897233201581028
0.00197628458498024
0.245059288537549
0.245059288537549
0.893280632411067
0.642292490118577
0.486166007905138
0.99802371541502
0.99802371541502
0.816205533596838
0.0909090909090909
0.0849802371541502
0.08300395256917
0.00197628458498024
0.0790513833992095
0.0889328063241107
0.822134387351779
0.820158102766798
0.818181818181818
0.816205533596838
0.723320158102767
0.715415019762846
0.895256916996047
0.897233201581028
0.893280632411067
0.897233201581028
0.00790513833992095
0.0237154150197628
0.628458498023715
0.620553359683794
0.00197628458498024
0.00197628458498024
0.122529644268775
1
0.994071146245059
0.952569169960474
0.956521739130435
0.982213438735178
0.08300395256917
0.0494071146245059
0.00395256916996047
0.389328063241107
0.83201581027668
0.887351778656126
0.209486166007905
0.0118577075098814
0.00197628458498024
0.0217391304347826
0.187747035573123
0.189723320158103
0.142292490118577
0.134387351778656
0.0948616600790514
0.0909090909090909
0.041501976284585
0.0276679841897233
0.00395256916996047
0.00197628458498024
0.00197628458498024
0.00395256916996047
0.883399209486166
0.885375494071146
0.883399209486166
0.99802371541502
0.99604743083004
0.952569169960474
0.205533596837945
0.146245059288538
0.144268774703557
0.535573122529644
0.00395256916996047
0.00395256916996047
0.0731225296442688
0.00592885375494071
0.0118577075098814
0.00197628458498024
0.00197628458498024
0.713438735177866
0.00197628458498024
0.00197628458498024
0.00395256916996047
0.00197628458498024
0.00395256916996047
0.0237154150197628
0.00790513833992095
0.00197628458498024
0
0.885375494071146
0.00395256916996047
0.99802371541502
0.994071146245059
0.420948616600791
0.41897233201581
0.0118577075098814
0.00395256916996047
0.00197628458498024
0.393280632411067
0.393280632411067
0.403162055335968
0.399209486166008
0.397233201581028
0.219367588932806
0.221343873517787
0.217391304347826
0.00988142292490119
0.658102766798419
0.654150197628458
0.660079051383399
0.519762845849802
0.177865612648221
0.033596837944664
0.00395256916996047
0.00197628458498024
0.381422924901186
0.41897233201581
0.3300395256917
0.328063241106719
0.0494071146245059
0.00197628458498024
0.99604743083004
0.00592885375494071
0.00395256916996047
0.557312252964427
0.00988142292490119
0.00790513833992095
0.557312252964427
0.00592885375494071
0.0197628458498024
0.154150197628458
0.156126482213439
0.0790513833992095
0.0691699604743083
0.0770750988142292
0.00395256916996047
0.0197628458498024
0.00988142292490119
0.00197628458498024
0.0395256916996047
0.0375494071146245
0.00197628458498024
0.1699604743083
0.16798418972332
0.134387351778656
0.126482213438735
0.00395256916996047
0.00197628458498024
0.409090909090909
0.405138339920949
0.405138339920949
0.675889328063241
0.480237154150198
0.478260869565217
0.322134387351779
0.310276679841897
0.239130434782609
0.0118577075098814
0.0138339920948617
0.310276679841897
0.308300395256917
0.743083003952569
0.853754940711462
0.729249011857708
0.733201581027668
0.837944664031621
0.828063241106719
0.00197628458498024
0.828063241106719
0.822134387351779
0.818181818181818
0.911067193675889
0.911067193675889
0.545454545454545
0.596837944664032
0.00790513833992095
0.0138339920948617
0.00988142292490119
0.124505928853755
0.00395256916996047
0.231225296442688
0.227272727272727
0.00988142292490119
0.00395256916996047
0.99802371541502
0.99802371541502
0.474308300395257
0.320158102766798
0.310276679841897
0.241106719367589
0.223320158102767
0.0652173913043478
0.0217391304347826
0.0513833992094862
0.754940711462451
0.00592885375494071
0.00395256916996047
0.851778656126482
0.729249011857708
0.731225296442688
0.841897233201581
0.83201581027668
0.318181818181818
0.00395256916996047
0.274703557312253
0.284584980237154
0.298418972332016
0.292490118577075
0.144268774703557
0.140316205533597
0.118577075098814
0.227272727272727
0.662055335968379
0.00988142292490119
0.0592885375494071
0.00197628458498024
0.00197628458498024
0.243083003952569
0.0118577075098814
0.112648221343874
0.944664031620553
0.389328063241107
0.466403162055336
0.490118577075099
0.0158102766798419
0.448616600790514
0.422924901185771
0.444664031620553
0.857707509881423
0.0237154150197628
0.00197628458498024
0.08300395256917
0.0237154150197628
0.0237154150197628
0.00592885375494071
0.211462450592885
0.871541501976285
0.869565217391304
1
0.99802371541502
0.932806324110672
0.924901185770751
0.91699604743083
0.225296442687747
0.221343873517787
0.278656126482213
0.276679841897233
0.903162055335968
0.814229249011858
0.658102766798419
0.660079051383399
0.66600790513834
0.660079051383399
0.820158102766798
0.0197628458498024
0.0118577075098814
0.0691699604743083
0.0671936758893281
0.0395256916996047
0.0276679841897233
0.58102766798419
0.592885375494071
0.588932806324111
0.594861660079051
0.658102766798419
0.486166007905138
0.00197628458498024
0.99802371541502
0.99802371541502
0.99604743083004
0.681818181818182
0.717391304347826
0.711462450592885
0.707509881422925
0.472332015810277
0.468379446640316
0.00197628458498024
0.347826086956522
0.345849802371542
0.00197628458498024
0.00197628458498024
0.74703557312253
0.74901185770751
0.74901185770751
0.74703557312253
0.735177865612648
0.162055335968379
0
0.0711462450592885
0.217391304347826
0.116600790513834
0.0889328063241107
0.99604743083004
0.986166007905138
0.984189723320158
0.982213438735178
0.717391304347826
0.709486166007905
0.468379446640316
0.00988142292490119
0.00197628458498024
0.00790513833992095
0.608695652173913
0.608695652173913
0.00988142292490119
0.00395256916996047
0.543478260869565
0.179841897233202
0.177865612648221
0.150197628458498
0.622529644268775
0.0533596837944664
0.0454545454545455
0.0118577075098814
0.150197628458498
0.217391304347826
0.114624505928854
0.0948616600790514
0.00592885375494071
0.99604743083004
0.974308300395257
0.66403162055336
0.215415019762846
0.00592885375494071
0.00197628458498024
0.644268774703557
0.644268774703557
0.225296442687747
0.270750988142292
0.683794466403162
0.122529644268775
0.104743083003953
0.102766798418972
0.0513833992094862
0.0553359683794466
0.432806324110672
0.0118577075098814
0.00790513833992095
0.456521739130435
0.454545454545455
0.885375494071146
0.851778656126482
0.800395256916996
0.727272727272727
0.879446640316206
0.772727272727273
1
0.99802371541502
0.768774703557312
0.766798418972332
0.764822134387352
0.982213438735178
0.972332015810277
0.74901185770751
0.74703557312253
0.00197628458498024
0.395256916996047
0.393280632411067
0.434782608695652
0.411067193675889
0.108695652173913
0.0592885375494071
0.0434782608695652
0.83201581027668
0.41699604743083
0.41699604743083
0.683794466403162
0.16798418972332
0.24901185770751
0.00790513833992095
0.00592885375494071
0.00395256916996047
0.889328063241107
0.792490118577075
0.796442687747036
0.00790513833992095
0.00592885375494071
1
0.99802371541502
0.994071146245059
0.990118577075099
0.369565217391304
0.367588932806324
0.207509881422925
0.00592885375494071
0.162055335968379
0.160079051383399
0.952569169960474
0.00395256916996047
0.00197628458498024
0.318181818181818
0.804347826086957
0.588932806324111
0.58695652173913
0.579051383399209
0.579051383399209
0.00395256916996047
0.0177865612648221
0.58695652173913
0.00197628458498024
0.160079051383399
0.00988142292490119
1
0.994071146245059
0.990118577075099
0.986166007905138
0.533596837944664
0.00592885375494071
0.446640316205534
0.00988142292490119
0.00790513833992095
0.16600790513834
0.16403162055336
0.00395256916996047
0.00197628458498024
0.00197628458498024
0.58300395256917
0.58300395256917
0.58300395256917
0.579051383399209
0.318181818181818
0.0948616600790514
0.66403162055336
0.614624505928854
0.0375494071146245
1
0.535573122529644
0.529644268774704
0.525691699604743
0.517786561264822
0.130434782608696
0.673913043478261
0.0217391304347826
0.0197628458498024
0.0177865612648221
0.0217391304347826
0.865612648221344
0.926877470355731
0.685770750988142
0.0138339920948617
0.0256916996047431
0.0118577075098814
0.00395256916996047
0.00197628458498024
0.00395256916996047
0.00395256916996047
0.00790513833992095
0.00790513833992095
0.527667984189723
0.525691699604743
0.517786561264822
0.863636363636364
0.0948616600790514
0.0928853754940712
0.00197628458498024
0.0454545454545455
0.0118577075098814
0.00592885375494071
0.0810276679841897
0.0454545454545455
0.0592885375494071
0.00988142292490119
0.0612648221343874
0.205533596837945
0.0652173913043478
0.00988142292490119
0.818181818181818
0.814229249011858
0.814229249011858
0.814229249011858
0.814229249011858
0.0217391304347826
0.0158102766798419
0.00395256916996047
0.00197628458498024
0.636363636363636
0.594861660079051
0.397233201581028
0.357707509881423
0.478260869565217
0.0790513833992095
0.454545454545455
0.401185770750988
0.420948616600791
0.41304347826087
0.41897233201581
0.160079051383399
0.00988142292490119
0.810276679841897
0.798418972332016
0.760869565217391
0.197628458498024
0.16798418972332
0.183794466403162
0.187747035573123
0.0928853754940712
0.136363636363636
0.0118577075098814
0.711462450592885
1
0.634387351778656
0.626482213438735
0.171936758893281
0.355731225296443
0.041501976284585
0.00988142292490119
0.0118577075098814
0.00988142292490119
0.00790513833992095
0.00790513833992095
0.804347826086957
0.800395256916996
0.0256916996047431
0.0237154150197628
0.0177865612648221
0.0948616600790514
0.116600790513834
0.0533596837944664
0.134387351778656
0.124505928853755
0.108695652173913
0.818181818181818
1
0.0138339920948617
0.00395256916996047
0.00790513833992095
0.434782608695652
0.430830039525692
0.223320158102767
0.75296442687747
0.0237154150197628
0.0237154150197628
0.00197628458498024
0.363636363636364
0.359683794466403
0.359683794466403
0.00197628458498024
0.0118577075098814
0.446640316205534
0.444664031620553
0.928853754940711
0.924901185770751
0.00197628458498024
0.08300395256917
0.0118577075098814
0.0316205533596838
0.0256916996047431
0.563241106719368
0.547430830039526
0.0138339920948617
0.74901185770751
0.739130434782609
0.00197628458498024
0.0197628458498024
0.899209486166008
0.444664031620553
0.448616600790514
0.00197628458498024
0.0118577075098814
0.0118577075098814
0.00592885375494071
0.0138339920948617
0.215415019762846
