0.717391304347826	13.9986
0.709486166007905	1.36799999999999
0.709486166007905	2.4006
0.294466403162055	1.69200000000001
0.292490118577075	10.983
0.290513833992095	0.112000000000023
0.905138339920949	10.759
0.237154150197628	19.624
0.0889328063241107	4.55199999999996
0.0909090909090909	5.56200000000001
0.144268774703557	18.536
0.612648221343874	3.214
0.529644268774704	5.55800000000005
0.683794466403162	2.11399999999998
0.1699604743083	8.72800000000001
0.00395256916996047	6.20900000000006
0.00197628458498024	7.096
0.140316205533597	17.1909999999999
0.146245059288538	0.427000000000021
0.142292490118577	0.384000000000015
0.0770750988142292	0.952999999999975
0.0612648221343874	0.298999999999978
0.033596837944664	15.869
0.0296442687747036	11.399
0.563241106719368	9.97200000000009
0.00592885375494071	4.09999999999991
0.00592885375494071	15.658
0.0138339920948617	7.01300000000003
0.00197628458498024	11.463
0.146245059288538	19.231
0.717391304347826	5.67010000000001
0.707509881422925	15.4847
0.00395256916996047	0.899000000000001
0.00197628458498024	8.351
0.00790513833992095	9.512
0.721343873517787	15.162
0.482213438735178	13.667
0.480237154150198	11.095
0.628458498023715	1.96999999999997
0.614624505928854	1.34100000000001
0.529644268774704	2.43200000000002
0.373517786561265	5.17699999999996
0.604743083003953	5.56400000000002
0.602766798418972	4.67700000000002
0.00197628458498024	2.48599999999999
0.756916996047431	0.131999999999948
0.780632411067194	0.596000000000004
0.778656126482213	1.31299999999999
0.776679841897233	3.15000000000009
0.488142292490119	6.71999999999991
0.00988142292490119	4.78500000000008
0.00197628458498024	10.829
0.0256916996047431	8.26800000000003
0.00790513833992095	10.88
0.00988142292490119	19.2959999999999
0.199604743083004	11.2380000000001
0.197628458498024	8.44799999999998
0.00395256916996047	13.623
0.189723320158103	2.20600000000002
0.187747035573123	5.827
0.0395256916996047	5.80799999999999
0.00592885375494071	7.68899999999996
0.00197628458498024	3.84500000000003
1	2.8635
0.00197628458498024	10.8974
0.00395256916996047	2.1193
0.00197628458498024	9.7941
0.794466403162055	0.552999999999997
0.940711462450593	3.19100000000003
0.865612648221344	0.425999999999988
0.861660079051383	9.488
0.00395256916996047	0.476999999999975
0.00197628458498024	4.05400000000003
0.104743083003953	17.753
0.100790513833992	3.48400000000004
0.146245059288538	3.25700000000001
0.00790513833992095	6.47199999999998
0.00197628458498024	8.43700000000001
0.0592885375494071	16.697
0.0256916996047431	2
0.0217391304347826	11.867
0.0296442687747036	11.432
0.00395256916996047	14.369
0.760869565217391	9.64699999999993
0.00197628458498024	8.33800000000008
0.00395256916996047	14.203
0.83596837944664	3.923
0.00197628458498024	3.77499999999998
0.851778656126482	11.296
0.00197628458498024	3.96999999999991
0.804347826086957	0.132000000000062
0.774703557312253	5.15999999999997
1	0.547800000000002
0.227272727272727	10.8424
0.217391304347826	1.4922
0.215415019762846	0.452399999999997
0.0395256916996047	8.84799999999998
0.00197628458498024	9.24299999999999
0.140316205533597	1.73000000000002
0.940711462450593	4.83999999999997
0.932806324110672	11.193
0.00395256916996047	5.66699999999997
0.00395256916996047	12.423
0.130434782608696	13.543
0.715415019762846	4.75400000000002
0.764822134387352	0.171000000000049
0.758893280632411	1.01599999999996
0.00988142292490119	15.505
0.00395256916996047	1.71899999999994
0.00395256916996047	3.79700000000003
0.897233201581028	11.6560000000001
0.837944664031621	8.68999999999994
0.851778656126482	0.817000000000007
0.855731225296443	2.05000000000007
0.0573122529644269	10.236
0.0533596837944664	10.976
0.00790513833992095	1.29300000000001
0.99802371541502	16.7106
0.994071146245059	3.73809999999999
0.988142292490119	13.4477
0.887351778656126	0.466000000000008
0.411067193675889	2.899
0.367588932806324	11.519
0.778656126482213	5.58799999999999
0.824110671936759	0.320999999999998
0.8300395256917	2.697
0.828063241106719	0.557999999999993
0.798418972332016	5.06799999999998
0.00395256916996047	7.339
0.0355731225296443	13.379
0.00395256916996047	9.29000000000002
0.0177865612648221	13.568
0.0177865612648221	10.826
0.893280632411067	8.38200000000001
0.893280632411067	8.34100000000001
0.885375494071146	7.34800000000001
0.693675889328063	1.18899999999996
0.693675889328063	9.98500000000001
0.693675889328063	8.59100000000001
0.691699604743083	0.00999999999999091
0.600790513833992	17.97
0.347826086956522	4.27200000000005
0.339920948616601	7.57099999999991
0.563241106719368	11.4160000000001
0.0177865612648221	19.603
0.00197628458498024	8.06000000000006
0.219367588932806	0.326000000000022
0.241106719367589	3.01299999999992
0.00197628458498024	5.31100000000004
0.00395256916996047	10.131
1	16.3995
0.99802371541502	7.3779
0.990118577075099	0.77600000000001
0.986166007905138	12.874
0.454545454545455	3.58800000000002
0.369565217391304	4.00899999999999
0.363636363636364	2.82500000000002
0.0118577075098814	9.48099999999999
0.0118577075098814	12.331
0.0237154150197628	10.957
0.889328063241107	0.00499999999999545
0.891304347826087	1.06199999999995
0.83399209486166	6.02100000000002
0.0197628458498024	18.285
0.83399209486166	16.226
0.0197628458498024	6.858
0.0197628458498024	9.49799999999999
0.00197628458498024	9.041
0.693675889328063	12.927
0.695652173913043	6.04499999999996
0.3300395256917	3.71799999999996
0.235177865612648	2.63499999999999
0.00395256916996047	7.25099999999998
0.00790513833992095	10.79
0.0237154150197628	19.077
0.00197628458498024	4.65200000000004
0.245059288537549	14.606
0.363636363636364	6.029
0.00395256916996047	14.7810000000001
0.075098814229249	10.891
0.00197628458498024	13.808
0.158102766798419	8.75999999999999
0.00592885375494071	6.54100000000005
0.75098814229249	2.3001
0.74901185770751	2.3501
0.74703557312253	18.6841
0.677865612648221	1.01100000000001
0.33399209486166	2.642
0.33201581027668	0.479000000000013
0.654150197628458	0.211999999999989
0.0158102766798419	10.589
0.00790513833992095	11.455
0.0177865612648221	8.435
0.00197628458498024	3.77100000000002
0.879446640316206	2.435
0.843873517786561	16.209
0.140316205533597	4.928
0.128458498023715	5.62800000000004
0.0197628458498024	11.64
0.0928853754940712	6.54399999999998
0.0711462450592885	18.688
0.0454545454545455	14.534
0.0177865612648221	6.34300000000007
0.0138339920948617	11.2189999999999
0.00395256916996047	8.76200000000006
0.00197628458498024	5.59899999999993
0.205533596837945	0.98700000000008
0.201581027667984	16.1149999999999
0.266798418972332	5.17200000000003
0.264822134387352	3.69000000000005
0.00790513833992095	1.36599999999999
0.00790513833992095	8.25800000000004
0.00197628458498024	11.563
0.74703557312253	3.5485
0.709486166007905	7.5578
0.33596837944664	5.74799999999999
0.00790513833992095	11.508
0.00592885375494071	11.367
0.0177865612648221	14.307
0.891304347826087	0.00200000000000955
0.00395256916996047	13.396
0.00197628458498024	14.089
0.0296442687747036	3.779
0.00592885375494071	0.80600000000004
0.0355731225296443	11.755
0.0217391304347826	8.45800000000008
0.00790513833992095	10.598
0.00197628458498024	16.548
0.824110671936759	4.45500000000004
0.849802371541502	1.61099999999999
0.312252964426877	18.523
0.209486166007905	7.51699999999994
0.0513833992094862	12.3280000000001
0.0533596837944664	19.7139999999999
0.0454545454545455	19.984
0.0355731225296443	17.919
0.00395256916996047	5.59399999999994
0.00988142292490119	13.614
0.075098814229249	19.293
0.99604743083004	2.67429999999999
0.992094861660079	2.8852
0.274703557312253	17.748
0.266798418972332	5.91999999999999
0.00790513833992095	3.55600000000001
0.00395256916996047	5.25900000000001
0.00395256916996047	11.643
0.171936758893281	6.46199999999999
0.00395256916996047	9.94200000000001
0.0731225296442688	7.83100000000002
0.0711462450592885	5.29599999999999
0.0553359683794466	6.68199999999996
0.0454545454545455	19.808
0.00197628458498024	0.436000000000035
0.91699604743083	1.62700000000007
0.717391304347826	0.833999999999946
0.857707509881423	0.512000000000057
0.865612648221344	0.940999999999917
0.861660079051383	1.27500000000009
0.857707509881423	0.00299999999992906
0.853754940711462	1.76100000000008
0.662055335968379	3.976
0.0177865612648221	11.353
0.233201581027668	5.62599999999998
0.229249011857708	19.6030000000001
0.387351778656126	9.702
0.282608695652174	12.851
0.270750988142292	5.43200000000002
0.00197628458498024	15.724
1	1.9556
0.99802371541502	1.42360000000001
0.99604743083004	12.4317
0.575098814229249	1.199
0.822134387351779	0.632000000000005
0.693675889328063	17.343
0.00197628458498024	5.083
0.855731225296443	6.66299999999995
0.855731225296443	0.182000000000016
0.774703557312253	4.85500000000002
0.778656126482213	1.82599999999996
0.774703557312253	0
0.784584980237154	8.98200000000003
0.00197628458498024	7.197
0.0118577075098814	12.284
0.286561264822134	2.53800000000001
0.91699604743083	11.7479999999999
0.865612648221344	4.995
0.863636363636364	17.327
0.857707509881423	16.788
0.851778656126482	10.194
0.810276679841897	7.52100000000007
0.345849802371542	1.00400000000002
0.00197628458498024	3.81700000000001
0.401185770750988	8.46799999999996
0.241106719367589	11.92
0.245059288537549	11.5650000000001
0.476284584980237	0.918999999999983
0.551383399209486	2.24900000000002
1	0.976700000000001
0.99802371541502	0.000499999999995282
0.99604743083004	0.366600000000005
0.994071146245059	0.936999999999998
0.992094861660079	3.782
0.990118577075099	8.56899999999999
0.442687747035573	3.86699999999999
0.436758893280632	10.041
0.3300395256917	17.763
0.337944664031621	8.53899999999999
0.1699604743083	2.05000000000001
0.171936758893281	15.157
0.171936758893281	6.95400000000001
0.1699604743083	16.364
0.0988142292490119	11.778
0.118577075098814	6.57900000000001
0.116600790513834	10.589
0.0474308300395257	4.83299999999997
0.181818181818182	2.46600000000007
0.377470355731225	13.74
0.357707509881423	0.711999999999989
0.08300395256917	5.80999999999995
0.00988142292490119	7.06100000000004
0.00395256916996047	10.006
0.0158102766798419	16.865
0.033596837944664	15.989
0.00197628458498024	11.371
0.102766798418972	19.244
0.00197628458498024	0.668000000000006
0.628458498023715	14.4059999999999
0.472332015810277	2.26400000000001
0.434782608695652	9.447
0.337944664031621	6.44
0.632411067193676	0.144999999999982
0.630434782608696	1.012
0.628458498023715	1.00999999999999
0.796442687747036	7.94599999999997
0.563241106719368	0.836999999999989
0.683794466403162	1.63400000000001
0.685770750988142	7.81800000000004
0.683794466403162	6.15899999999999
0.379446640316206	3.81799999999998
0.377470355731225	2.62900000000002
0.547430830039526	13.3969999999999
0.456521739130435	4.34900000000005
0.16798418972332	8.85699999999997
0.0138339920948617	7.10500000000002
0.310276679841897	0.00199999999995271
0.312252964426877	0.349000000000046
0.310276679841897	5.65099999999995
0.112648221343874	13.1790000000001
0.00790513833992095	10.105
0.58102766798419	3.99199999999996
0.626482213438735	1.84000000000003
0.624505928853755	17.4979999999999
0.160079051383399	0.197000000000003
0.0671936758893281	13.5250000000001
0.0533596837944664	15.0949999999999
1	19.018
0.99802371541502	0.519000000000005
0.280632411067194	0.622000000000014
0.272727272727273	0.605000000000018
0.270750988142292	2.15600000000001
0.266798418972332	8.625
0.179841897233202	4.50699999999995
0.638339920948617	18.497
0.254940711462451	1.476
0.926877470355731	5.108
0.0118577075098814	12.025
0.00592885375494071	17.8900000000001
0.00395256916996047	11.4469999999999
0.600790513833992	11.3320000000001
0.658102766798419	1.07499999999993
0.0118577075098814	14.244
0.00395256916996047	0.479000000000042
0.256916996047431	5.279
0.278656126482213	1.02499999999998
0.276679841897233	6.40899999999999
0.478260869565217	9.86700000000008
0.50395256916996	1.79499999999996
0.282608695652174	0.787000000000035
0.280632411067194	6.64199999999994
0.00988142292490119	12.4050000000001
0.99604743083004	12.646
0.703557312252964	4.09199999999998
0.683794466403162	15.358
0.622529644268775	4.74299999999999
0.707509881422925	1.202
0.713438735177866	1.48499999999996
0.656126482213439	0.424000000000035
0.75098814229249	0.442000000000007
0.745059288537549	11.171
0.754940711462451	3.39499999999998
0.306324110671937	0.40300000000002
0.254940711462451	18.698
0.600790513833992	3.73800000000006
0.0118577075098814	15.731
0.341897233201581	13.87
0.452569169960474	4.96600000000001
0.436758893280632	0
0.725296442687747	10.136
0.391304347826087	0.197000000000003
0.385375494071146	0.670000000000073
0.507905138339921	3.12699999999995
0.50197628458498	2.89599999999996
0.209486166007905	11.2619999999999
0.205533596837945	0.581999999999994
1	13.2038
0.99604743083004	3.5531
0.992094861660079	0.00240000000000862
0.988142292490119	12.463
0.899209486166008	3.25569999999999
0.00395256916996047	1.343
0.00197628458498024	12.806
0.0553359683794466	0.412000000000006
0.0494071146245059	2.34700000000001
0.0177865612648221	4.73999999999998
0.0118577075098814	8.48600000000002
0.00197628458498024	1.22
0.0395256916996047	18.672
0.0197628458498024	13.261
0.00197628458498024	0.175000000000011
0.907114624505929	0.879999999999995
0.901185770750988	7.31300000000005
0.557312252964427	6.23199999999997
0.549407114624506	0.0040000000000191
0.0158102766798419	2.50700000000006
0.452569169960474	11.639
0.16600790513834	12.418
0.146245059288538	11.409
0.600790513833992	1.76800000000003
0.596837944664032	1.13699999999994
0.310276679841897	8.53200000000004
0.00197628458498024	12.144
1	15.5122
0.99604743083004	1.99010000000001
0.992094861660079	3.376
0.988142292490119	2.65750000000001
0.00790513833992095	0.966500000000011
0.00592885375494071	7.834
0.00395256916996047	9.95299999999997
0.00790513833992095	18.53
0.00592885375494071	8.98400000000001
0.00592885375494071	14.051
0.00395256916996047	5.76900000000001
0.00197628458498024	15.6
0.899209486166008	8.358
0.557312252964427	4.78300000000002
0.549407114624506	4.74400000000003
0.561264822134387	2.80899999999997
0.00197628458498024	0.899999999999977
0.00197628458498024	5.08799999999997
0.41699604743083	11.972
0.108695652173913	4.16800000000001
0.00790513833992095	12.322
0.598814229249012	0.199000000000069
0.594861660079051	3.76499999999999
0.280632411067194	3.01199999999994
0.00790513833992095	0.960999999999899
0.00592885375494071	3.3950000000001
0.99802371541502	5.749
0.407114624505929	8.19300000000001
0.405138339920949	8.292
0.403162055335968	0.718999999999994
0.401185770750988	12.895
0.399209486166008	2.86499999999998
0.563241106719368	11.396
0.658102766798419	11.513
0.768774703557312	0.000999999999976353
0.592885375494071	3.01499999999999
0.58300395256917	0.637
0.58102766798419	9.51499999999999
0.58300395256917	7.34300000000002
0.588932806324111	2.38200000000001
0.638339920948617	16.7719999999999
0.681818181818182	3.78700000000003
0.879446640316206	15.028
0.00790513833992095	8.55799999999999
0.199604743083004	4.75099999999998
0.201581027667984	3.16300000000001
0.00395256916996047	2.13600000000008
0.00197628458498024	9.88599999999997
0.00592885375494071	13.473
0.00395256916996047	16.461
0.00988142292490119	17.567
0.00197628458498024	0.990999999999985
0.885375494071146	0.00900000000001455
0.877470355731225	2.42200000000003
1	18.604
0.99802371541502	0.38300000000001
0.990118577075099	5.27600000000001
0.58102766798419	0.150999999999982
0.142292490118577	5.21199999999999
0.00790513833992095	7.322
0.268774703557312	8.54199999999997
0.0869565217391304	19.748
0.0652173913043478	9.35700000000003
0.0948616600790514	14.512
0.00197628458498024	4.19900000000001
0.00790513833992095	18.652
0.00197628458498024	9.28899999999999
0.00197628458498024	1.10500000000002
0.213438735177866	17.446
0.0592885375494071	8.2879999999999
0.0474308300395257	3.33000000000004
0.033596837944664	2.49000000000001
0.0276679841897233	8.68700000000001
0.0197628458498024	9.51999999999998
0.00988142292490119	10.831
0.0790513833992095	14.6950000000001
0.0770750988142292	3.28399999999999
0.00395256916996047	13.7569999999999
0.0612648221343874	12.2710000000001
0.972332015810277	0.583299999999994
0.968379446640316	1.28359999999999
0.966403162055336	1.4983
0.962450592885375	4.88800000000001
0.00592885375494071	1.36000000000001
0.00395256916996047	3.55199999999999
0.00395256916996047	0.48599999999999
0.00197628458498024	1.96499999999997
0.00395256916996047	7.202
0.00988142292490119	9.54300000000001
0.727272727272727	0.997000000000014
0.727272727272727	0.728000000000009
0.727272727272727	3.99199999999996
0.284584980237154	3.71300000000002
0.462450592885375	14.699
0.897233201581028	0.908999999999992
0.357707509881423	1.16200000000003
0.355731225296443	6.06100000000004
0.270750988142292	3.69899999999996
0.264822134387352	0.00200000000006639
0.266798418972332	4.44899999999996
0.00197628458498024	4.26099999999997
0.00395256916996047	10.63
0.0276679841897233	7.75300000000004
0.00197628458498024	3.53899999999999
0.00197628458498024	8.45400000000006
0.00197628458498024	9.91999999999996
0.00790513833992095	15.9060000000001
0.839920948616601	3.024
1	6.7032
0.972332015810277	12.3866
0.966403162055336	7.7289
0.962450592885375	2.148
0.956521739130435	2.512
0.956521739130435	9.36799999999999
0.420948616600791	4.78800000000001
0.422924901185771	10.909
0.792490118577075	1.60699999999997
0.00197628458498024	1.73599999999999
0.0770750988142292	0.566000000000031
0.0553359683794466	3.786
0.0355731225296443	15.353
0.0177865612648221	7.71999999999997
0.464426877470356	3.13099999999997
0.907114624505929	1.38999999999999
0.00592885375494071	2.96199999999999
0.00197628458498024	0.671000000000049
0.0573122529644269	5.91699999999992
0.0494071146245059	16.845
0.0256916996047431	7.77700000000004
0.0217391304347826	5.81499999999994
0.0177865612648221	12.495
0.00988142292490119	9.29700000000003
0.841897233201581	15.024
0.25098814229249	4.13400000000001
0.254940711462451	10.9010000000001
0.256916996047431	8.19899999999996
1	12.9964
0.845849802371542	9.03930000000001
0.843873517786561	0.476600000000005
0.187747035573123	4.10999999999999
0.185770750988142	12.825
0.278656126482213	5.72200000000001
0.256916996047431	2.749
0.946640316205534	8.73000000000002
0.403162055335968	4.29200000000003
0.401185770750988	13.079
0.403162055335968	18.02
0.00592885375494071	19.137
0.58102766798419	5.06200000000001
0.0217391304347826	16.057
0.00197628458498024	13.527
0.434782608695652	0.822000000000003
0.438735177865613	1.33199999999999
0.436758893280632	0.809999999999945
0.239130434782609	4.66899999999998
0.717391304347826	0.163000000000011
0.705533596837945	7.02300000000002
0.703557312252964	1.69200000000001
0.693675889328063	4.28599999999994
0.616600790513834	0.199000000000069
0.602766798418972	2.13199999999995
0.278656126482213	5.11700000000008
0.270750988142292	1.63299999999992
0.00197628458498024	5.19400000000007
0.847826086956522	1.2758
0.843873517786561	0.664199999999994
0.00395256916996047	6.09200000000001
0.658102766798419	7.791
0.656126482213439	4.82399999999998
0.66798418972332	0.154000000000025
0.942687747035573	1.36600000000001
0.946640316205534	2.31400000000002
0.00592885375494071	15.042
0.00395256916996047	5.30300000000005
0.395256916996047	5.92299999999994
0.393280632411067	1.226
0.0810276679841897	0.980000000000018
0.00197628458498024	3.32999999999998
0.0513833992094862	7.62299999999999
0.0177865612648221	8
0.00197628458498024	7.89099999999996
0.0158102766798419	14.818
0.879446640316206	15.3240000000001
0.0533596837944664	15.2189999999999
0.0296442687747036	3.08800000000008
0.741106719367589	15.7859999999999
0.715415019762846	0.759999999999991
0.705533596837945	1.56000000000006
0.697628458498024	2.85400000000004
0.695652173913043	11.949
0.6699604743083	9.77999999999997
0.618577075098814	7.42900000000009
0.612648221343874	19.7139999999999
0.217391304347826	3.43900000000008
0.99802371541502	6.24679999999999
0.391304347826087	0.442999999999998
0.691699604743083	0.772999999999996
0.529644268774704	6.31899999999999
0.523715415019763	19.712
0.104743083003953	10.737
0.00988142292490119	8.74100000000004
0.0118577075098814	10.303
0.00395256916996047	6.928
0.0177865612648221	10.611
0.474308300395257	3.43000000000001
0.472332015810277	5.70100000000002
0.563241106719368	2.18600000000004
0.533596837944664	7.02499999999998
0.00395256916996047	12.519
0.00197628458498024	8.08800000000008
0.00790513833992095	13.679
0.00592885375494071	18.158
0.00197628458498024	4.95600000000002
0.0217391304347826	18.888
0.00988142292490119	10.059
0.00395256916996047	13.716
0.853754940711462	1.88999999999999
0.853754940711462	9.03999999999996
0.851778656126482	3.37900000000002
0.0177865612648221	8.83900000000006
0.0256916996047431	6.18700000000001
0.0197628458498024	2.28700000000003
1	0.277799999999999
0.600790513833992	0.0254999999999939
0.598814229249012	2.00800000000001
0.594861660079051	9.21499999999999
0.592885375494071	1.80599999999998
0.152173913043478	12.682
0.156126482213439	1.28599999999997
0.144268774703557	13.312
0.140316205533597	3.99699999999999
0.138339920948617	8.00999999999999
0.0671936758893281	17.661
0.00395256916996047	1.95999999999998
0.0177865612648221	19.326
0.0217391304347826	14.136
0.399209486166008	8.291
0.379446640316206	0.05499999999995
0.379446640316206	9.11599999999999
0.401185770750988	9.35000000000002
0.399209486166008	3.63900000000001
0.00197628458498024	8.26999999999998
0.00197628458498024	13.443
0.00790513833992095	10.9930000000001
0.00197628458498024	16
0.00592885375494071	19.664
0.00395256916996047	14.716
0.00790513833992095	2.51599999999996
0.00197628458498024	1.98099999999999
0	0.01400000000001
0.00988142292490119	11.099
1	10.2555
0.99802371541502	2.973
0.99604743083004	0.177000000000007
0.978260869565217	1.21200000000002
0.367588932806324	4.38800000000001
0.806324110671937	15.08
0.0138339920948617	7.71300000000002
0.0118577075098814	15.701
0.559288537549407	0.42999999999995
0.559288537549407	0.310000000000002
0.802371541501976	8.96100000000001
0.679841897233202	3.54399999999998
0.677865612648221	2.11700000000002
0.25098814229249	16.425
0.239130434782609	3.87100000000004
0.237154150197628	2.58400000000006
0.128458498023715	9.31899999999996
0.00197628458498024	0.227999999999952
0.737154150197628	7.447
0.00395256916996047	1.37700000000007
0.00197628458498024	6.06499999999994
0.525691699604743	0.486999999999966
0.00988142292490119	9.95600000000002
0.00197628458498024	4.48799999999994
0.00988142292490119	10.0160000000001
0.345849802371542	12.895
0.723320158102767	5.47799999999995
0.881422924901186	11.9000000000001
0.130434782608696	16.6319999999999
0.992094861660079	17.299
0.1699604743083	18.241
0.00395256916996047	4.095
0.00592885375494071	11.809
0.245059288537549	8.488
0.804347826086957	3.53399999999999
0.802371541501976	13.055
0.677865612648221	12.94
0.58102766798419	9.90600000000006
0.407114624505929	0.00199999999995271
0.403162055335968	6.06799999999998
0.486166007905138	8.44000000000005
0.162055335968379	6.21299999999997
0.00395256916996047	10.366
0.0395256916996047	0.874000000000024
0.505928853754941	6.79100000000005
0.00790513833992095	12.332
0.00592885375494071	0.274000000000001
0.788537549407115	11.134
0.00790513833992095	1.95999999999992
0.00197628458498024	0.0769999999999982
0.41304347826087	5.4430000000001
0.879446640316206	12.3599999999999
0.00592885375494071	12.8290000000001
1	6.22670000000001
0.994071146245059	0.582099999999997
0.326086956521739	0.284999999999997
0.314229249011858	3.608
0.310276679841897	8.54300000000001
0.420948616600791	0.25200000000001
0.41897233201581	8.214
0.00197628458498024	1.00799999999998
0.0217391304347826	11.497
0.00395256916996047	10.598
0.0138339920948617	13.557
0.0296442687747036	7.59300000000002
0.00592885375494071	17.68
0.474308300395257	16.8579999999999
0.474308300395257	11.335
0.470355731225296	17.5559999999999
0.513833992094862	4.71400000000006
0.660079051383399	9.05799999999999
0.112648221343874	16.46
0.302371541501976	1.01900000000001
0.00790513833992095	11.0599999999999
0.286561264822134	13.433
0.444664031620553	11.226
0.444664031620553	4.25599999999997
1	5.1682
0.99604743083004	0.488900000000001
0.223320158102767	13.989
0.215415019762846	2.49099999999999
0.513833992094862	4.25399999999999
0.00395256916996047	1.953
0.268774703557312	13.809
0.221343873517787	0.536000000000001
0.203557312252964	4.87899999999996
0.644268774703557	4.13300000000004
0.0652173913043478	10.688
0.282608695652174	3.61399999999998
0.280632411067194	3.80399999999997
0.33201581027668	11.472
0.302371541501976	3.58299999999997
0.873517786561265	4.899
0.0118577075098814	3.2170000000001
0.00197628458498024	3.21399999999994
0.00197628458498024	1.404
0.00395256916996047	15.8100000000001
0.00197628458498024	19.7009999999999
0.156126482213439	18.6420000000001
0.513833992094862	1.83299999999997
0.652173913043478	2.524
0.00592885375494071	1.74000000000001
0.00592885375494071	12.332
0.41304347826087	0.354000000000042
0.715415019762846	3.34400000000005
0.988142292490119	1.096
0.986166007905138	17.365
0.452569169960474	0.728000000000009
0.450592885375494	16.938
0.440711462450593	6.928
0.515810276679842	1.37900000000002
0.517786561264822	6.29399999999998
0.521739130434783	15.083
0.940711462450593	11.155
0.199604743083004	1.74700000000001
0.189723320158103	19.8330000000001
0.343873517786561	6.36899999999991
0.802371541501976	10.547
0.776679841897233	19.9720000000001
0.794466403162055	3.6819999999999
0.00197628458498024	18.5580000000001
0.432806324110672	0.641999999999939
0.215415019762846	0.769999999999982
0.292490118577075	2.04000000000008
0.288537549407115	5.27799999999991
0.0810276679841897	1.27800000000002
0.0790513833992095	5.21699999999998
1	14.9249
0.99604743083004	0.0730000000000075
0.371541501976285	3.294
0.00197628458498024	3.432
0.363636363636364	10.429
0.154150197628458	19.72
0.505928853754941	5.44099999999997
0.221343873517787	6.226
0.0671936758893281	16.847
0.0375494071146245	11.919
0.00988142292490119	6.11200000000002
0.519762845849802	14.279
0.940711462450593	3.76100000000002
0.195652173913043	4.92199999999997
0.189723320158103	18.1619999999999
0.185770750988142	13.119
0.442687747035573	18.938
0.00592885375494071	7.19900000000007
0.0770750988142292	12.9109999999999
0.075098814229249	14.5170000000001
0.00395256916996047	12.427
0.00197628458498024	9.52099999999996
0.0474308300395257	12.898
0.041501976284585	6.06999999999994
0.00790513833992095	12.077
0.430830039525692	3.09100000000001
0.213438735177866	17.155
0.292490118577075	4.6690000000001
0.288537549407115	19.688
0.00790513833992095	12.973
0.788537549407115	0.0010000000000332
0.00988142292490119	8.423
0.00592885375494071	8.01599999999996
0.00395256916996047	10.076
0.00197628458498024	14.155
0.782608695652174	16.08
0.764822134387352	4.01999999999998
0.699604743083004	0.375
0.701581027667984	0.107000000000085
0.788537549407115	2.55499999999995
0.490118577075099	8.59500000000003
0.484189723320158	16.503
0.486166007905138	7.12899999999991
0.480237154150198	0.0180000000000291
0.590909090909091	0.353000000000065
0.590909090909091	6.976
0.590909090909091	5.84799999999996
0.472332015810277	8.32799999999997
0.260869565217391	2.06899999999996
0.0731225296442688	4.64400000000001
0.0434782608695652	0.816000000000031
0.0237154150197628	11.304
0.0138339920948617	5.33699999999999
0.00395256916996047	19.6740000000001
0.0197628458498024	14.237
0.802371541501976	13.131
1	0.108000000000004
0.99802371541502	1.64600000000002
0.99604743083004	1.02099999999999
0.994071146245059	1.90800000000002
0.984189723320158	19.883
0.978260869565217	6.732
0.00988142292490119	2.46899999999999
0.0909090909090909	11.646
0.00592885375494071	2.34499999999997
0.00197628458498024	11.984
0.784584980237154	4.67099999999999
0.764822134387352	0.531000000000006
0.74901185770751	13.579
0.788537549407115	6.08899999999994
0.280632411067194	4.846
0.282608695652174	0.315000000000055
0.272727272727273	6.64699999999993
0.322134387351779	0.461999999999989
0.326086956521739	3.697
0.189723320158103	10.0880000000001
0.472332015810277	15.3159999999999
0.41897233201581	1.85700000000008
0.128458498023715	1.04099999999994
0.110671936758893	10.828
0.106719367588933	12.967
0.00988142292490119	4.851
0.00395256916996047	8.8839999999999
0.00395256916996047	0.216000000000008
0.361660079051383	4.62699999999995
1	9.9068
0.99604743083004	5.7715
0.992094861660079	0.826999999999998
0.930830039525692	1.916
0.634387351778656	2.91399999999999
0.173913043478261	8.09
0.379446640316206	9.21299999999999
0.217391304347826	18.808
0.359683794466403	16.923
0.33399209486166	8.09299999999996
0.33201581027668	12.2790000000001
0.213438735177866	7.61499999999995
0.211462450592885	12.361
0.272727272727273	0.000999999999976353
0.24901185770751	19.774
0.266798418972332	2.10900000000004
0.162055335968379	3.93299999999999
0.00592885375494071	12.4839999999999
0.00197628458498024	9.33600000000001
0.150197628458498	19.2570000000001
0.294466403162055	1.92499999999995
0.292490118577075	7.02699999999993
0.602766798418972	3.83199999999999
0.0158102766798419	12.2860000000001
0.841897233201581	13.775
0.434782608695652	1.42700000000002
0.424901185770751	1.38900000000001
0.41897233201581	2.69999999999993
0.0869565217391304	18.466
1	10.7291
0.994071146245059	16.0244
0.456521739130435	1.38200000000001
0.58695652173913	2.39400000000001
0.381422924901186	8.13199999999998
0.114624505928854	10.253
0.0118577075098814	18.595
0.0118577075098814	7.779
0.00395256916996047	10.502
0.596837944664032	11.885
0.407114624505929	1.18600000000004
0.436758893280632	3.75199999999995
0.555335968379447	1.83500000000004
0.553359683794466	3.11599999999999
0.296442687747036	4.23000000000002
0.00988142292490119	0.754999999999995
0.00592885375494071	5.85199999999998
0.00197628458498024	4.66600000000005
0.00197628458498024	0.155999999999949
0.290513833992095	13.702
0.782608695652174	6.58000000000004
0.426877470355731	2.41399999999999
0.545454545454545	2.92700000000002
0.679841897233202	3.03399999999999
0.677865612648221	3.82500000000005
0.241106719367589	14.923
0.00592885375494071	2.84699999999998
0.00395256916996047	9.09799999999996
0.00988142292490119	13.61
1	0.0111999999999952
0.99802371541502	0.0279999999999916
0.99604743083004	2.60500000000002
0.122529644268775	0.0999999999999943
0.110671936758893	1.63
0.00197628458498024	6.66299999999998
0.654150197628458	4.10399999999998
0.650197628458498	3.75299999999999
0.480237154150198	5.226
0.446640316205534	0.347000000000037
0.00197628458498024	1.61899999999997
0.00592885375494071	2.125
0.00592885375494071	8.53799999999995
0.808300395256917	1.15300000000002
0.851778656126482	2.18600000000004
0.687747035573123	8.82500000000005
0.685770750988142	11.827
0.00197628458498024	5.73099999999999
0.0118577075098814	16.178
0.00592885375494071	19.603
0.0177865612648221	18.01
0.994071146245059	10.375
0.306324110671937	4.815
0.857707509881423	8.94899999999998
0.697628458498024	1.36200000000002
0.697628458498024	7.75899999999999
0.654150197628458	7.07400000000001
0.656126482213439	1.96299999999997
0.652173913043478	1.726
0.652173913043478	1.38
0.262845849802372	3.47700000000003
0.260869565217391	1.77999999999997
0.0968379446640316	6.38200000000001
0.0948616600790514	16.239
0.264822134387352	1.57599999999996
0.262845849802372	8.08800000000002
0.116600790513834	7.48900000000003
0.112648221343874	8.45899999999995
0.08300395256917	7.84900000000005
0.0790513833992095	17.115
0.00395256916996047	12.2049999999999
0.00790513833992095	11.14
0.0553359683794466	3.61700000000008
0.0494071146245059	2.41499999999996
0.729249011857708	15.376
0.727272727272727	3.99700000000007
0.16403162055336	15.0839999999999
0.136363636363636	0.489000000000033
0.134387351778656	3.31299999999999
0.118577075098814	16.658
0.110671936758893	1.11500000000001
0.106719367588933	3.81799999999998
0.0652173913043478	7.80899999999997
0.99604743083004	2.32679999999999
0.992094861660079	2.62780000000001
0.988142292490119	4.893
0.254940711462451	7.404
0.245059288537549	16.088
0.00197628458498024	4.285
0.00197628458498024	0.29200000000003
0.697628458498024	11.074
0.697628458498024	10.002
0.701581027667984	6.113
0.517786561264822	19.218
0.519762845849802	3.95699999999999
0.00592885375494071	0.439999999999998
0.233201581027668	15.734
0.575098814229249	0.633000000000038
0.58498023715415	5.70500000000004
0.577075098814229	8.85399999999993
0.00197628458498024	3.86200000000008
0.0118577075098814	9.24000000000001
0.361660079051383	4.52800000000002
0.446640316205534	4.28099999999995
0.442687747035573	1.11099999999999
0.719367588932806	0.0740000000000691
0.719367588932806	0.172000000000025
0.782608695652174	0.0670000000000073
0.782608695652174	2.4369999999999
1	1.8565
0.99802371541502	2.0214
0.994071146245059	1.6836
0.990118577075099	4.5158
0.0138339920948617	10.451
0.0711462450592885	15.789
0.656126482213439	11.485
0.660079051383399	1.23399999999998
0.697628458498024	1.68799999999999
0.701581027667984	0.278999999999996
0.932806324110672	1.00400000000002
0.41501976284585	5.45300000000003
0.00197628458498024	3.44199999999995
0.233201581027668	14.576
0.614624505928854	6.98700000000002
0.612648221343874	1.29399999999998
0.590909090909091	0.410000000000082
0.571146245059289	0.494000000000028
0.569169960474308	3.03599999999994
0.00790513833992095	19.3630000000001
0.58498023715415	1.51999999999998
0.590909090909091	4.23300000000006
0.452569169960474	9.04599999999994
0.0553359683794466	0.336000000000013
0.00790513833992095	0.441000000000031
0.00592885375494071	13.63
0.00197628458498024	16.39
0.00592885375494071	1.15999999999997
0.00197628458498024	0
0.99802371541502	0.00719999999999743
0.99802371541502	1.10849999999999
0.99604743083004	12.117
0.994071146245059	1.20299999999999
0.992094861660079	1.51300000000001
0.50395256916996	0.11099999999999
0.5	12.465
0.316205533596838	7.13299999999998
0.221343873517787	16.998
0.235177865612648	7.33299999999997
0.00790513833992095	5.22399999999999
0.00592885375494071	2.95800000000003
0.549407114624506	13.43
0.541501976284585	11.749
0.83399209486166	10.149
0.00197628458498024	0.145999999999958
0.697628458498024	0.0979999999999563
0.737154150197628	6.93700000000001
0.00197628458498024	7.96000000000004
0.0237154150197628	12.995
0.00592885375494071	12.682
0.00197628458498024	10.107
0.00197628458498024	8.25800000000004
0.0158102766798419	14.027
0.0849802371541502	1.96100000000001
0.08300395256917	3.21199999999999
0.00197628458498024	5.52199999999993
0.00790513833992095	16.777
0.454545454545455	0.298999999999978
0.318181818181818	6.75299999999999
0.310276679841897	4.738
0.241106719367589	0.319999999999993
0.233201581027668	18.794
0.112648221343874	5.01100000000002
0.00197628458498024	4.51900000000001
0.100790513833992	10.693
0.102766798418972	17.684
0.397233201581028	2.053
0.0355731225296443	9.52299999999997
0.0177865612648221	8.68700000000007
0.00790513833992095	19.7329999999999
0.00197628458498024	4.49900000000002
0.697628458498024	1.36800000000005
0.00197628458498024	8.10699999999997
0.171936758893281	14.0409999999999
0.16798418972332	2.04399999999998
0.0612648221343874	10.289
0.0217391304347826	8.30599999999993
0.00197628458498024	15.1500000000001
0.0316205533596838	0.552999999999997
0.0237154150197628	15.5999999999999
0.0138339920948617	1.37400000000002
0.0474308300395257	0.0439999999999827
0.00197628458498024	4.53100000000006
0.954545454545455	1.2774
0.952569169960474	2.1011
0.948616600790514	16.811
0.00197628458498024	2.48899999999998
0.341897233201581	13.945
0.339920948616601	15.492
0.33596837944664	2.34
0.381422924901186	8.95699999999999
0.274703557312253	16.378
0.268774703557312	6.30600000000004
0.270750988142292	0.901999999999987
0.00592885375494071	19.336
0.041501976284585	12.614
0.00197628458498024	0.349000000000046
0.816205533596838	18.591
0.824110671936759	1.86400000000003
0.822134387351779	3.25900000000001
0.855731225296443	7.94099999999992
0.778656126482213	4.92200000000003
0.903162055335968	4.63
0.432806324110672	10.5070000000001
0.424901185770751	12.322
0.00197628458498024	6.36299999999994
0.488142292490119	10.7149999999999
0.492094861660079	14.994
0.0217391304347826	17.8290000000001
0.00197628458498024	2.88799999999992
0.254940711462451	8.18299999999999
0.254940711462451	0.0130000000000337
0.956521739130435	15.649
0.952569169960474	10.0487
0.948616600790514	12.51
0.302371541501976	0.692999999999984
0.326086956521739	2.30000000000001
0.0770750988142292	14.326
0.0573122529644269	9.96799999999999
0.349802371541502	0.350999999999999
0.276679841897233	2.767
0.266798418972332	6.31900000000002
0.254940711462451	11.119
0.0118577075098814	6.69900000000001
0.134387351778656	7.52600000000001
0.136363636363636	2.363
0.128458498023715	3.97699999999998
0.112648221343874	14.707
0.0316205533596838	13.1759999999999
0.0177865612648221	3.52300000000002
0.0118577075098814	16.699
0.901185770750988	8.62300000000005
0.424901185770751	11.342
0.523715415019763	12.282
0.381422924901186	18.569
0.673913043478261	1.88900000000001
0.0355731225296443	16.73
0.00592885375494071	3.59100000000001
0.0138339920948617	17.619
1	8.5563
0.99802371541502	0.020700000000005
0.994071146245059	0.319999999999993
0.411067193675889	1.96299999999999
0.00197628458498024	0.316000000000003
0.519762845849802	17.613
0.492094861660079	3.36599999999999
0.658102766798419	0.958000000000027
0.662055335968379	6.50599999999997
0.274703557312253	16.801
0.648221343873518	6.21699999999998
0.612648221343874	10.905
0.606719367588933	10.131
0.600790513833992	3.45799999999997
0.768774703557312	12.457
0.0158102766798419	13.909
0.00592885375494071	14.36
0.0197628458498024	13.2950000000001
0.00197628458498024	18.866
0.0158102766798419	8.90299999999991
0.881422924901186	10.086
0.0553359683794466	13.619
0.0395256916996047	14.7389999999999
0.0138339920948617	7.62100000000009
0.0118577075098814	11.6869999999999
0.0118577075098814	10.6030000000001
0.575098814229249	1.03900000000002
0.565217391304348	0.133999999999986
0.565217391304348	0.653999999999996
0.515810276679842	19.852
0.355731225296443	1.011
0.345849802371542	14.126
0.290513833992095	8.77599999999995
0.286561264822134	18.293
0.671936758893281	2.53200000000004
0.00197628458498024	0.462999999999965
0.50197628458498	15.068
0.505928853754941	3.12299999999999
0.00395256916996047	7.17399999999998
0.00197628458498024	12.733
0.0217391304347826	0.60899999999998
0.0138339920948617	0.11099999999999
0.0158102766798419	12.669
0.00197628458498024	0.384999999999991
0.00790513833992095	10.9449999999999
0.00592885375494071	9.73699999999997
0.00592885375494071	8.52999999999997
0.00197628458498024	17.475
0.00197628458498024	2.94399999999996
0.725296442687747	16.164
0.800395256916996	17.5970000000001
0.818181818181818	2.24199999999996
0.818181818181818	5.572
0.00395256916996047	4.41899999999998
0.743083003952569	6.7072
0.624505928853755	0.719999999999999
0.620553359683794	14.132
0.430830039525692	4.916
0.00790513833992095	11.037
0.00197628458498024	0.927999999999997
0.430830039525692	14.478
0.428853754940711	2.71199999999999
0.426877470355731	2.18000000000001
0.50197628458498	1.15500000000003
0.484189723320158	1.161
0.946640316205534	2.40299999999996
0.339920948616601	10.761
0.339920948616601	7.512
0.00790513833992095	9.12200000000001
0.00197628458498024	1.16799999999995
0.00395256916996047	7.86700000000008
0.00790513833992095	10.433
0.00197628458498024	4.16200000000003
0.0849802371541502	0.000999999999976353
0.041501976284585	0.114000000000033
0.0395256916996047	15.4340000000001
0.00197628458498024	2.4899999999999
0.033596837944664	12.332
0.0276679841897233	11.485
0.717391304347826	9.25099999999998
0.0869565217391304	6.27300000000002
0.00592885375494071	0.259000000000015
0.00197628458498024	0.33299999999997
0.739130434782609	3.438
0.739130434782609	19.934
0.733201581027668	4.54499999999999
0.349802371541502	5.62899999999999
0.00790513833992095	9.523
0.00592885375494071	1.14700000000002
0.00395256916996047	12.59
0.00197628458498024	17.788
0.395256916996047	10.76
0.397233201581028	17.695
0.241106719367589	4.37700000000001
0.243083003952569	9.47899999999998
0.235177865612648	2.714
0.177865612648221	10.199
0.16403162055336	2.85799999999995
0.0118577075098814	10.837
0.00790513833992095	15.9960000000001
0.432806324110672	3.25599999999997
0.383399209486166	0
0.379446640316206	10.784
0.855731225296443	1.37
0.847826086956522	9.346
0.110671936758893	9.57600000000002
0.723320158102767	9.01099999999997
0.711462450592885	10.624
1	13.8098
0.719367588932806	5.587
0.717391304347826	18.8866
0.00395256916996047	15.391
0.00790513833992095	16.289
0.944664031620553	16.115
0.911067193675889	11.35
0.940711462450593	14.796
0.938735177865613	1.97400000000005
0.434782608695652	9.89399999999995
0.00197628458498024	0.225999999999999
0.211462450592885	0.00900000000001455
0.16798418972332	0.815999999999974
0.725296442687747	1.64099999999996
0.721343873517787	17.817
0.709486166007905	3.65999999999997
0.662055335968379	0.386000000000081
0.136363636363636	11.688
0.134387351778656	4.10699999999997
0.0691699604743083	2.58100000000002
0.0513833992094862	0.125999999999976
0.00197628458498024	0.330000000000041
0.0474308300395257	18.943
0.0256916996047431	11.269
0.0138339920948617	0.182000000000016
0.00197628458498024	8.38200000000006
1	3.8169
0.00592885375494071	7.0528
0.272727272727273	4.5093
0.262845849802372	6.48999999999999
0.00988142292490119	13.646
0.00197628458498024	5.32899999999998
0.911067193675889	18.362
0.484189723320158	0.525000000000034
0.476284584980237	19.749
0.49802371541502	0.283000000000015
0.91304347826087	11.323
0.0138339920948617	6.72800000000001
0.160079051383399	10.782
0.00395256916996047	11.065
0.00395256916996047	11.5079999999999
0.0454545454545455	14.933
0.0434782608695652	7.31100000000004
0.00395256916996047	5.42200000000003
0.0217391304347826	19.208
0.0256916996047431	11.254
0.0217391304347826	18.461
0.00395256916996047	4.92200000000003
0.00197628458498024	7.971
0.703557312252964	18.989
0.703557312252964	1.21199999999999
0.701581027667984	1.80700000000002
0.695652173913043	3.13
0.00395256916996047	6.07799999999997
0.00197628458498024	1.76599999999996
0.00197628458498024	0.826000000000022
0.00790513833992095	11.6800000000001
0.735177865612648	13.4037
0.733201581027668	1.889
0.270750988142292	0.852000000000004
0.371541501976285	2.91300000000001
0.260869565217391	3.28999999999999
0.0197628458498024	9.63200000000001
0.00592885375494071	0.370000000000005
0.00395256916996047	10.025
0.444664031620553	1.113
0.444664031620553	2.45899999999995
0.442687747035573	9.48800000000006
0.760869565217391	9.19799999999998
0.00395256916996047	15.975
0.0158102766798419	11.089
0.0237154150197628	16.2310000000001
0.339920948616601	1.75999999999999
0.337944664031621	14.8720000000001
0.33399209486166	14.049
0.00395256916996047	1.38
0.276679841897233	15.104
0.00988142292490119	18.3579999999999
0.00395256916996047	7.54999999999995
0.00592885375494071	3.60000000000002
0.00395256916996047	11.379
0.00988142292490119	1.06799999999998
0.00592885375494071	6.47900000000004
0.00197628458498024	16.6849999999999
1	8.6567
0.739130434782609	6.2725
0.735177865612648	19.2185
0.00395256916996047	5.982
0.00988142292490119	11.076
0.00197628458498024	19.145
0.0158102766798419	12.606
0.00197628458498024	0.687000000000012
0.762845849802372	0.17900000000003
0.760869565217391	2.48699999999997
0.756916996047431	3.41200000000003
0.654150197628458	0.0559999999999832
0.673913043478261	0.0480000000000018
0.677865612648221	10.865
0.00592885375494071	9.0920000000001
0.33596837944664	0.382999999999925
0.328063241106719	0.474000000000046
0.314229249011858	0.596000000000004
0.282608695652174	3.99000000000001
0.397233201581028	6.57099999999991
0.561264822134387	7.23700000000008
0.0118577075098814	16.5129999999999
0.0632411067193676	18.956
0.0395256916996047	11.1130000000001
0.00395256916996047	13.965
0.0118577075098814	15.8389999999999
0.00395256916996047	0.375
0.312252964426877	1.35400000000004
0.312252964426877	15.537
0.316205533596838	2.31599999999992
0.920948616600791	3.236
0.91699604743083	3.8754
0.91501976284585	0.456900000000005
0.91304347826087	3.9966
0.911067193675889	9.771
0.00790513833992095	6.024
0.00988142292490119	15.896
0.102766798418972	10.022
0.420948616600791	1.28999999999999
0.41501976284585	12.786
0.0118577075098814	19.707
0.187747035573123	0.319999999999993
0.610671936758893	5.512
0.233201581027668	0.982000000000028
0.458498023715415	2.61199999999997
0.420948616600791	3.81799999999998
0.411067193675889	7.91399999999999
0.741106719367589	12.265
0.731225296442688	8.06200000000001
0.735177865612648	1.495
0.219367588932806	4.1049999999999
0.108695652173913	2.13600000000008
0.262845849802372	7.00799999999992
0.00592885375494071	13.5970000000001
0.00197628458498024	13.124
0.00197628458498024	9.73099999999999
0.00395256916996047	13.338
0.00197628458498024	15.724
0.00592885375494071	18.67
0.91501976284585	11.1266
0.911067193675889	1.83460000000001
0.911067193675889	3.925
0.33596837944664	12.423
0.3300395256917	5.66400000000002
0.355731225296443	0.412999999999982
0.41304347826087	11.039
0.490118577075099	8.40199999999999
0.486166007905138	12.913
0.00197628458498024	8.57800000000003
0.16798418972332	0.0029999999999859
0.705533596837945	5.94999999999999
0.826086956521739	9.209
0.654150197628458	4.803
0.00395256916996047	16.346
0.0158102766798419	15.049
0.618577075098814	4.41399999999999
0.422924901185771	8.59299999999996
0.420948616600791	5.41300000000001
0.741106719367589	0.16599999999994
0.733201581027668	0.562999999999988
0.737154150197628	0.132000000000062
0.729249011857708	2.57399999999996
0.213438735177866	12.884
0.00988142292490119	3.95000000000005
0.00395256916996047	3.61900000000003
0.531620553359684	15.871
0.00395256916996047	4.51099999999997
0.0889328063241107	1.53399999999999
0.08300395256917	0.13900000000001
0.0810276679841897	2.01200000000006
0.0316205533596838	10.188
0.0197628458498024	9.34799999999996
1	8.9002
0.814229249011858	7.4696
0.812252964426877	6.3117
0.810276679841897	1.8231
0.806324110671937	10.0221
0.984189723320158	2.47800000000001
0.650197628458498	2.72400000000002
0.0138339920948617	12.765
0.537549407114625	13.542
0.531620553359684	0.00100000000000477
0.296442687747036	19.678
0.373517786561265	3.60899999999998
0.00988142292490119	9.02800000000002
0.245059288537549	5.262
0.233201581027668	16.695
0.363636363636364	2.83500000000004
0.148221343873518	13.723
0.0197628458498024	12.193
0.768774703557312	6.78300000000002
0.739130434782609	15.201
0.739130434782609	15.1659999999999
0.00395256916996047	1.63400000000001
0.0711462450592885	13.03
0.0573122529644269	5.36200000000008
0.00197628458498024	9.70600000000002
0.00197628458498024	2.077
0.0395256916996047	15.4309999999999
0.851778656126482	19.4480000000001
0.00197628458498024	0.390999999999963
0.00988142292490119	15.22
0.132411067193676	5.46699999999998
0.130434782608696	5.31200000000001
0.179841897233202	9.21299999999997
0.075098814229249	4.19200000000001
1	10.5258
0.806324110671937	2.73870000000001
0.984189723320158	2.506
0.535573122529644	9.02199999999999
0.537549407114625	6.80600000000001
0.533596837944664	1.339
0.296442687747036	5.52499999999998
0.377470355731225	9.71500000000003
0.162055335968379	1.072
0.156126482213439	3.81999999999999
0.154150197628458	14.965
0.108695652173913	7.04399999999998
0.00395256916996047	5.20699999999999
0.0217391304347826	14.886
0.199604743083004	7.30200000000002
0.845849802371542	7.41700000000003
0.895256916996047	1.87599999999998
0.114624505928854	1.63900000000001
0.104743083003953	15.923
0.08300395256917	11.467
0.790513833992095	0.692999999999984
0.792490118577075	3.67899999999997
0.792490118577075	15.8570000000001
0.739130434782609	10.641
0.739130434782609	1.947
0.758893280632411	1.49599999999998
0.812252964426877	3.24099999999999
0.569169960474308	2.25300000000004
0.573122529644269	1.16099999999994
0.571146245059289	5.83400000000006
0.241106719367589	5.13999999999999
0.00197628458498024	3.85699999999997
0.00592885375494071	15.3050000000001
0.0138339920948617	10.918
0.928853754940711	0.00499999999999545
0.926877470355731	3.857
0.0434782608695652	19.994
0.146245059288538	3.387
0.116600790513834	8.19299999999998
0.00395256916996047	0.303999999999974
0.00197628458498024	0
0.00197628458498024	4.07499999999999
0.0118577075098814	13.908
0.00592885375494071	12.259
0.377470355731225	1.00900000000001
0.0256916996047431	15.7809999999999
0.0217391304347826	11.543
0.00197628458498024	11.116
0.102766798418972	17.42
0.041501976284585	16.2940000000001
0.00197628458498024	12.3829999999999
0.00197628458498024	3.97900000000004
0.00988142292490119	19.865
0.00197628458498024	4.00099999999998
0.0316205533596838	9.96199999999999
0.960474308300395	7.6179
0.950592885375494	1.3391
0.934782608695652	1.09099999999999
0.588932806324111	0.420999999999992
0.58695652173913	19.528
0.58695652173913	7.892
0.428853754940711	6.88399999999999
0.426877470355731	13.245
0.152173913043478	6.375
0.00395256916996047	4.13299999999998
0.00197628458498024	1.56
0.00197628458498024	6.54700000000003
0.00592885375494071	15.374
0.0553359683794466	1.00700000000001
0.381422924901186	10.515
0.108695652173913	18.799
0.796442687747036	0.136999999999944
0.802371541501976	5.90600000000006
0.814229249011858	3.38800000000003
0.00197628458498024	5.73599999999999
0.367588932806324	2.77999999999997
0.0197628458498024	7.678
0.0138339920948617	18.492
0.0434782608695652	12.066
0.00592885375494071	12.086
0.458498023715415	9.70500000000004
0.456521739130435	17.446
1	15.1333
0.994071146245059	4.9529
0.897233201581028	0.699999999999989
0.895256916996047	10.098
0.978260869565217	1.30600000000001
0.974308300395257	2.73400000000001
0.579051383399209	3.43099999999998
0.00197628458498024	5.67600000000002
0.391304347826087	16.142
0.272727272727273	1.24099999999999
0.268774703557312	8.06600000000003
0.231225296442688	5.19499999999999
0.221343873517787	1.26399999999995
0.824110671936759	0.186000000000035
0.0770750988142292	7.85199999999998
0.00197628458498024	4.67099999999999
0.00395256916996047	17.675
0.0671936758893281	19.021
0.0592885375494071	10.9590000000001
0.00197628458498024	10.216
0.0553359683794466	6.37699999999995
0.0256916996047431	1.82400000000007
0.00197628458498024	13.208
0.00592885375494071	15.7670000000001
0.00197628458498024	5.80599999999993
0.00197628458498024	12.061
0.867588932806324	11.982
0.875494071146245	0.735000000000014
0.66403162055336	5.06799999999998
0.310276679841897	1.47799999999995
0.563241106719368	0.000999999999976353
1	13.347
0.994071146245059	8.362
0.990118577075099	2.7193
0.984189723320158	13.706
0.901185770750988	16.94
0.575098814229249	1.262
0.185770750988142	1.44300000000001
0.171936758893281	1.82099999999997
0.160079051383399	5.37100000000004
0.00197628458498024	3.822
0.00197628458498024	6.584
0.0118577075098814	19.87
0.00592885375494071	15.85
0.00988142292490119	17.236
0.0296442687747036	14.402
0.0217391304347826	18.5690000000001
0.0217391304347826	12.857
0.00197628458498024	13.927
0.0138339920948617	16.754
0.00197628458498024	4.70000000000005
0.00197628458498024	0.154999999999973
0.00395256916996047	15.929
0.00197628458498024	0.966000000000008
0.871541501976285	0.66700000000003
0.875494071146245	2.33199999999999
0.66403162055336	4.15600000000006
0.00790513833992095	4.76999999999998
0.00395256916996047	10.923
0.00197628458498024	12.668
0.00395256916996047	11.621
0.992094861660079	19.302
0.618577075098814	15.509
0.620553359683794	1.352
0.705533596837945	14.01
0.199604743083004	18.304
0.199604743083004	3.959
0.0770750988142292	3.14099999999996
0.0118577075098814	7.88600000000002
0.00592885375494071	9.32800000000003
0.454545454545455	17.524
0.0197628458498024	7.315
0.00197628458498024	5.34799999999996
0.00790513833992095	14.338
0.371541501976285	16.0469999999999
0.367588932806324	2.31600000000003
0.33399209486166	2.15499999999997
0.324110671936759	7.88800000000003
0.296442687747036	9.54999999999995
0.650197628458498	6.745
0.00592885375494071	10.53
0.654150197628458	14.228
0.879446640316206	2.85599999999999
0.796442687747036	9.61099999999999
0.258893280632411	0.370000000000005
0.345849802371542	6.88400000000001
0.565217391304348	1.10199999999998
0.571146245059289	1.35900000000004
0.774703557312253	0.127000000000066
0.6699604743083	12.7529999999999
1	0.296999999999997
0.99802371541502	6.078
0.99604743083004	16.039
0.992094861660079	3.24600000000001
0.361660079051383	1.50299999999999
0.0138339920948617	1.81999999999999
0.00197628458498024	7.352
0.00395256916996047	12.879
0.00197628458498024	0.00799999999998136
0.456521739130435	1.65900000000005
0.110671936758893	3.54499999999996
0.00197628458498024	3.61200000000002
0.367588932806324	3.70100000000002
0.33399209486166	10.965
0.308300395256917	7.255
0.25098814229249	0.000999999999976353
0.877470355731225	1.66000000000008
0.794466403162055	14.235
0.341897233201581	5.06499999999994
0.361660079051383	1.58400000000006
0.565217391304348	11.5
0.569169960474308	11.443
0.766798418972332	8.04399999999998
0.772727272727273	8.82299999999998
0.175889328063241	0.179000000000087
1	0.196300000000001
0.99802371541502	0.581499999999998
0.99604743083004	1.9765
0.994071146245059	0.102800000000002
0.992094861660079	1.1404
0.990118577075099	5.47
0.114624505928854	3.065
0.00197628458498024	4.816
0.0889328063241107	9.49600000000001
0.00790513833992095	16.868
0.00592885375494071	15.896
0.0395256916996047	0.111999999999966
0.033596837944664	17.468
0.00197628458498024	2.74200000000002
0.0197628458498024	12.435
0.00197628458498024	5.37900000000002
0.00197628458498024	4.63299999999998
0.00790513833992095	15.791
0.00197628458498024	18.604
0.883399209486166	14.107
0.91501976284585	5.07899999999995
0.389328063241107	17.625
0.00395256916996047	10.907
0.00395256916996047	19.422
0.91699604743083	0.619000000000028
0.91501976284585	0.59800000000007
0.91304347826087	1.95699999999999
0.911067193675889	7.572
0.889328063241107	2.60899999999992
0.849802371541502	15.524
0.83596837944664	0.143000000000001
0.83201581027668	7.02000000000001
0.808300395256917	5.429
0.0158102766798419	12.384
0.0256916996047431	19.979
0.00592885375494071	19.272
0.00197628458498024	0.588999999999999
0.00592885375494071	8.93099999999998
0.883399209486166	16.151
0.885375494071146	0.796000000000049
0.883399209486166	1.11399999999992
0.899209486166008	14.0310000000001
0.91304347826087	2.38499999999999
0.00395256916996047	5.68499999999995
0.00197628458498024	2.34000000000003
0.00197628458498024	0.526000000000067
0.00197628458498024	2.97199999999998
0.00197628458498024	7.601
0.00395256916996047	16.606
0.00197628458498024	9.42899999999997
0.379446640316206	19.487
0.379446640316206	1.81299999999999
0.377470355731225	15.563
0.590909090909091	1.87300000000005
0.00197628458498024	4.62599999999998
0.934782608695652	15.646
0.932806324110672	1.39999999999998
0.930830039525692	11.599
0.911067193675889	0.833000000000027
0.907114624505929	3.90899999999999
0.901185770750988	0.0790000000000077
0.00197628458498024	4.50400000000002
0.899209486166008	8.79899999999998
0.897233201581028	8.09100000000001
0.924901185770751	11.28
0.932806324110672	6.23500000000001
0.928853754940711	0.83400000000006
0.00790513833992095	7.47699999999998
0.00988142292490119	10.851
0.00592885375494071	1.25300000000004
0.00197628458498024	1.64999999999998
0.482213438735178	0.768000000000029
0.472332015810277	11.093
0.422924901185771	0.879000000000019
0.628458498023715	3.096
0.818181818181818	3.63299999999992
0.260869565217391	7.46400000000006
0.256916996047431	3.62099999999998
0.25296442687747	0.538000000000011
0.225296442687747	10.999
0.221343873517787	10.163
1	3.6317
0.99802371541502	2.4254
0.99604743083004	0.657200000000003
0.994071146245059	2.8411
0.992094861660079	3.0822
0.990118577075099	2.878
0.986166007905138	0.405999999999977
0.984189723320158	3.411
0.00592885375494071	4.83100000000002
0.00395256916996047	17.346
0.00197628458498024	2.339
0.00395256916996047	0.512
0.00197628458498024	0.0010000000000332
0.00790513833992095	15.123
0.934782608695652	8.58299999999997
0.932806324110672	12.407
0	0.0819999999999936
0.895256916996047	10.246
0.899209486166008	17.568
0.903162055335968	0.178999999999974
0.899209486166008	0.00100000000009004
0.901185770750988	12.9739999999999
0.899209486166008	9.41200000000003
0.486166007905138	13.5889999999999
0.00790513833992095	2.40200000000004
0.41897233201581	13.62
0.41699604743083	15.645
0.136363636363636	0.0370000000000346
0.122529644268775	2.71899999999994
0.861660079051383	1.35250000000001
0.859683794466403	3.18929999999999
0.851778656126482	5.187
0.972332015810277	7.15700000000001
0.535573122529644	0.193999999999988
0.160079051383399	2.15800000000002
0.442687747035573	2.28899999999999
0.440711462450593	4.71600000000001
0.00197628458498024	0.456999999999994
0.592885375494071	17.698
0.00197628458498024	6.92599999999999
0.515810276679842	1.09500000000003
0.513833992094862	7.39100000000002
0.511857707509881	0.246999999999957
0.0573122529644269	15.561
0.0770750988142292	16.05
0.0237154150197628	2.02999999999997
0.0217391304347826	7.85500000000002
0.0118577075098814	17.524
0.444664031620553	0.66700000000003
0.444664031620553	2.17999999999995
0.444664031620553	16.961
0.545454545454545	9.84700000000009
0.00592885375494071	8.55899999999997
0.385375494071146	7.09899999999993
0.567193675889328	0.61200000000008
0.573122529644269	0.322000000000003
0.567193675889328	2.89699999999993
0.565217391304348	11.4730000000001
0.243083003952569	2.58899999999994
0.223320158102767	9.89300000000003
0.0118577075098814	7.56399999999996
0.00197628458498024	17.854
1	6.094
0.865612648221344	6.515
0.845849802371542	4.74799999999999
0.189723320158103	3.33600000000001
0.130434782608696	17.161
0.136363636363636	4.83199999999999
0.286561264822134	3.53699999999998
0.286561264822134	8.274
0.00395256916996047	6.24700000000001
0.00197628458498024	7.99599999999998
0.527667984189723	14.032
0.519762845849802	1.41399999999999
0.567193675889328	7.904
0.810276679841897	0.961000000000013
0.808300395256917	2.40000000000003
0.00592885375494071	4.18299999999999
0.33201581027668	11.083
0.3300395256917	8.51300000000003
0.3300395256917	9.32600000000002
0.328063241106719	5.029
0.375494071146245	7.35199999999998
0.379446640316206	4.71299999999997
0.00197628458498024	9.49800000000005
0.3300395256917	4.77099999999996
0.205533596837945	1.95899999999995
0.158102766798419	19.614
0.00197628458498024	2.75699999999995
0.598814229249012	9.10800000000006
0.567193675889328	11.6139999999999
0.567193675889328	3.36800000000005
0.0454545454545455	1.30700000000002
0.00197628458498024	11.374
0.00197628458498024	2.36399999999992
0.292490118577075	17.491
1	10.1985
0.901185770750988	19.647
0.891304347826087	8.42100000000002
0.555335968379447	11.55
0.932806324110672	3.53100000000001
0.620553359683794	3.34800000000001
0.620553359683794	0.423000000000002
0.0138339920948617	5.32100000000003
0.233201581027668	1.50200000000001
0.00592885375494071	11.644
0.00197628458498024	0
0.691699604743083	7.58100000000002
0.00395256916996047	1.72500000000002
0.531620553359684	5.16700000000003
0.529644268774704	7.86400000000003
0.527667984189723	3.40599999999995
0.0158102766798419	8.04700000000003
0.00395256916996047	8.46799999999996
0.00197628458498024	18.878
0.00197628458498024	11.5839999999999
0.00592885375494071	15.851
0.889328063241107	19.552
0.08300395256917	15.417
0.0513833992094862	1.57799999999997
0.0494071146245059	2.92200000000003
0.00395256916996047	11.477
0.936758893280632	5.66900000000001
0.938735177865613	3.38200000000001
0.193675889328063	12.78
0.156126482213439	8.91300000000001
0.24901185770751	12.417
0.264822134387352	5.142
0.00197628458498024	7.005
0.233201581027668	18.975
0.00197628458498024	1.798
0.764822134387352	7.613
0.907114624505929	5.71100000000001
0.00197628458498024	14.674
0.675889328063241	8.63599999999997
0.697628458498024	15.124
0.691699604743083	2.94600000000003
0.531620553359684	0.405999999999949
0.00197628458498024	4.47699999999998
0.00395256916996047	10.583
0.0138339920948617	13.2719999999999
0.0118577075098814	15.224
0.879446640316206	19.806
0.885375494071146	0.942000000000007
0.889328063241107	1.23599999999999
0.889328063241107	3.19899999999996
0.00395256916996047	5.95900000000006
0.99802371541502	0.703000000000003
0.213438735177866	1.91799999999999
0.0256916996047431	9.39699999999999
0.0237154150197628	4.697
0.0138339920948617	1.565
0.142292490118577	1.05500000000001
0.140316205533597	1.15100000000001
0.0711462450592885	0.211999999999989
0.00395256916996047	4.13400000000001
0.24901185770751	12.141
0.24901185770751	10.899
0.845849802371542	11.858
0.920948616600791	12.225
0.268774703557312	1.66499999999996
0.853754940711462	2.03399999999999
0.91304347826087	4.02999999999997
0.08300395256917	14.3
0.0790513833992095	5.00800000000004
0.00395256916996047	12.3969999999999
0.00197628458498024	5.01300000000003
0.00395256916996047	8.43700000000001
0.00988142292490119	19.6809999999999
0.00197628458498024	8.83300000000008
0.822134387351779	9.99199999999996
0.820158102766798	1.57100000000003
0.814229249011858	0.02800000000002
0.565217391304348	2.90299999999991
0.99802371541502	0.00399999999999068
0.99604743083004	0.6785
0.992094861660079	1.38839999999999
0.768774703557312	0.738
0.766798418972332	14.121
0.766798418972332	5.73699999999999
0.0256916996047431	7.24099999999999
0.00395256916996047	15.688
0.3300395256917	8.55599999999998
0.3300395256917	19.737
0.624505928853755	4.42199999999997
0.616600790513834	13.293
0.00197628458498024	5.947
0.920948616600791	0.653999999999996
0.482213438735178	0.302000000000021
0.480237154150198	2.66800000000001
0.181818181818182	14.742
0.100790513833992	14.535
0.298418972332016	0.43100000000004
0.296442687747036	5.24099999999999
0.284584980237154	19.825
0.822134387351779	0.644999999999982
0.828063241106719	4.73799999999994
0.697628458498024	9.28599999999994
0.00395256916996047	4.17899999999997
0.209486166007905	17.933
0.207509881422925	3.09999999999991
0.719367588932806	2.76300000000003
0.719367588932806	1.51099999999997
0.00395256916996047	6.87400000000002
0.00197628458498024	7.17399999999998
0.928853754940711	3.16199999999999
0.91897233201581	0.780000000000001
0.442687747035573	7.035
0.440711462450593	11.454
0.00197628458498024	1.005
0.219367588932806	12.913
0.154150197628458	3.24000000000001
0.0118577075098814	8.87900000000002
0.00395256916996047	3.45699999999999
0.00197628458498024	8.41899999999998
0.00790513833992095	12.994
0.889328063241107	0.365999999999985
0.885375494071146	0.158999999999992
0.83399209486166	3.404
0.41897233201581	19.028
0.221343873517787	4.43900000000008
0.00197628458498024	0.836999999999989
0.134387351778656	4.92499999999995
0.466403162055336	3.596
0.00395256916996047	9.80500000000006
0.928853754940711	3.551
0.924901185770751	6.467
0.00790513833992095	8.72800000000001
0.0691699604743083	8.875
0.505928853754941	3.37099999999998
0.233201581027668	17.027
0.0454545454545455	9.97900000000004
0.00592885375494071	7.72499999999997
0.00197628458498024	9.346
0.00197628458498024	18.1559999999999
0.0177865612648221	12.384
0.00988142292490119	11.046
0.00395256916996047	4.66900000000004
0	0
0.891304347826087	6.26999999999998
0.887351778656126	0.298000000000002
0.83399209486166	2.75099999999998
0.83201581027668	3.15000000000009
0.555335968379447	10.0839999999999
0.41897233201581	9.48900000000003
0.00197628458498024	15.004
0.436758893280632	0.796000000000049
0.434782608695652	5.53499999999997
0.434782608695652	0.0339999999999918
0.215415019762846	5.78899999999999
0.231225296442688	6.62700000000007
0.709486166007905	11.5369999999999
0.0849802371541502	19.643
0.341897233201581	7.83199999999999
0.0138339920948617	10.481
1	0.819499999999998
0.403162055335968	2.32199999999999
0.395256916996047	4.85429999999999
0.401185770750988	18.0837
0.863636363636364	3.99000000000001
0.290513833992095	3.613
0.33399209486166	5.97199999999998
0.363636363636364	12.048
0.193675889328063	12.999
0.00790513833992095	5.30499999999995
0.00592885375494071	16.852
0.0810276679841897	13.981
0.00197628458498024	13.79
0.733201581027668	15.332
0.00197628458498024	0.980999999999995
0.804347826086957	7.37800000000004
0.361660079051383	5.98500000000001
0.33596837944664	0.523000000000025
0.33399209486166	2.07599999999991
0.0434782608695652	18.0899999999999
0.00395256916996047	9.99800000000005
0.00197628458498024	5.08299999999997
0.116600790513834	13.703
0.114624505928854	7.58100000000002
0.112648221343874	10.5999999999999
0.630434782608696	11.846
0.00592885375494071	11.6800000000001
0.00197628458498024	1.01599999999996
0.58498023715415	1.931
0.58300395256917	11.4924
0.579051383399209	19.5693
0.573122529644269	1.971
0.877470355731225	4.80099999999999
0.861660079051383	3.87700000000001
0.561264822134387	7.72300000000001
0.114624505928854	6.363
0.0889328063241107	6.202
0.00395256916996047	12.179
0.0197628458498024	16.952
0.130434782608696	13.655
0.00592885375494071	3.59199999999998
0.739130434782609	2.149
0.806324110671937	16.3280000000001
0.788537549407115	1.20299999999997
0.365612648221344	1.63599999999997
0.359683794466403	12.434
0.33201581027668	1.40100000000007
0.452569169960474	4.64099999999996
0.282608695652174	19.813
0.446640316205534	15.995
0.444664031620553	0.108000000000061
0.442687747035573	0.362999999999943
0.440711462450593	5.02700000000004
0.0118577075098814	15.155
0.527667984189723	13.4250000000001
0.527667984189723	1.32099999999991
0.525691699604743	6.18400000000008
0.626482213438735	0.06899999999996
0.622529644268775	2.55700000000002
0.620553359683794	7.59199999999998
1	11.683
0.179841897233202	2.208
0.162055335968379	4.70599999999999
0.950592885375494	3.08600000000001
0.0158102766798419	9.39300000000003
0.0711462450592885	19.568
0.0711462450592885	6.798
0.0691699604743083	0.0579999999999927
0.0553359683794466	19.891
0.0494071146245059	9.49599999999998
0.867588932806324	0.0450000000000159
0.794466403162055	4.25399999999996
0.470355731225296	0.00200000000000955
0.379446640316206	2.05100000000004
0.387351778656126	1.95699999999999
0.324110671936759	0.177999999999997
0.201581027667984	3.96000000000004
0.857707509881423	1.83899999999994
0.857707509881423	10.648
0.0533596837944664	1.46199999999999
0.0909090909090909	1.56700000000001
0.0731225296442688	1.351
0.00790513833992095	5.38900000000001
0.0118577075098814	13.897
0.0118577075098814	3.19399999999996
0.0138339920948617	15.9250000000001
0.0256916996047431	9.51599999999996
0.808300395256917	1.316
0.812252964426877	2.12100000000001
0.808300395256917	1.28199999999998
0.891304347826087	0.0179999999999723
0.00790513833992095	1.02199999999999
0.794466403162055	3.33600000000001
0.389328063241107	0.776999999999987
0.383399209486166	14.6220000000001
0.381422924901186	7.54300000000001
0.381422924901186	0.283999999999992
0.075098814229249	10.3779999999999
0.0533596837944664	2.59500000000003
0.00790513833992095	2.3180000000001
0.660079051383399	14.795
0.138339920948617	13.735
0.136363636363636	3.096
0.0158102766798419	0.0240000000000009
0.00592885375494071	0.461999999999989
0.0177865612648221	15.7651
0.0118577075098814	2.7542
0.00197628458498024	4.27100000000002
0.00790513833992095	14.351
0.976284584980237	18.062
0.974308300395257	0.961999999999989
0.00197628458498024	3.98699999999997
0.00197628458498024	0.241000000000042
0.66403162055336	7.74799999999999
0.00197628458498024	11.801
0.656126482213439	0.606999999999971
0.241106719367589	0.262000000000057
0.245059288537549	2.63200000000006
0.233201581027668	3.05899999999997
0.00197628458498024	0.0349999999999682
0.142292490118577	17.9250000000001
0.120553359683794	0.759999999999991
0.654150197628458	6.35599999999999
0.0158102766798419	13.088
0.041501976284585	19.76
0.041501976284585	9.26400000000001
0.0177865612648221	15.6850000000001
0.00395256916996047	4.79399999999998
1	12.421
0.00197628458498024	7.9952
0.00197628458498024	7.919
0.00790513833992095	10.916
0.00592885375494071	19.7
0.00592885375494071	19.85
0.960474308300395	13.073
0.177865612648221	17.974
0.0691699604743083	6.37599999999998
0.181818181818182	0.997000000000014
0.00395256916996047	0.644000000000005
0.0118577075098814	17.141
0.08300395256917	14.101
0.243083003952569	11.391
0.16600790513834	6.32899999999995
0.140316205533597	3.94500000000005
0.604743083003953	0.225999999999999
0.588932806324111	0.597999999999956
0.624505928853755	0.0230000000000246
0.551383399209486	2.92600000000004
0.50395256916996	6.34699999999998
0.470355731225296	14.1
0.466403162055336	2.67599999999993
0.828063241106719	2.18900000000008
0.00988142292490119	19.231
0.0177865612648221	2.94500000000005
0.0118577075098814	0.969999999999914
0.171936758893281	10.207
0.1699604743083	9.59999999999999
0.156126482213439	7.14500000000001
0.154150197628458	5.44900000000001
0.106719367588933	1.036
0.104743083003953	8.46100000000001
0.00395256916996047	18.365
0.075098814229249	14.345
0.00197628458498024	0.0040000000000191
0.132411067193676	15.4109999999999
0.134387351778656	17.155
0.132411067193676	6.10399999999998
0.128458498023715	0.0190000000000055
0.0316205533596838	10.772
0.0237154150197628	9.69099999999997
0.0177865612648221	19.962
0.00395256916996047	18.971
0.897233201581028	0.494000000000028
0.895256916996047	9.58199999999999
0.897233201581028	3.69600000000003
0.00197628458498024	6.36300000000006
0.245059288537549	12.068
0.245059288537549	9.29999999999995
0.893280632411067	13.26
0.642292490118577	13.148
0.486166007905138	15.566
0.99802371541502	9.99999999962142e-05
0.99802371541502	2.1247
0.816205533596838	0.591000000000008
0.0909090909090909	9.78900000000002
0.0849802371541502	6.24299999999999
0.08300395256917	5.05799999999999
0.00197628458498024	7.97900000000001
0.0790513833992095	12.565
0.0889328063241107	14.496
0.822134387351779	5.88100000000003
0.820158102766798	2.98099999999999
0.818181818181818	2.58699999999999
0.816205533596838	2.488
0.723320158102767	1.37900000000002
0.715415019762846	4.52599999999995
0.895256916996047	0.418000000000006
0.897233201581028	1.03899999999999
0.893280632411067	1.22199999999998
0.897233201581028	3.49300000000005
0.00790513833992095	4.95799999999997
0.0237154150197628	10.109
0.628458498023715	4.69499999999994
0.620553359683794	5.74700000000007
0.00197628458498024	18.2339999999999
0.00197628458498024	6.06200000000001
0.122529644268775	17.534
1	15.5682
0.994071146245059	6.21680000000001
0.952569169960474	5.88
0.956521739130435	2.892
0.982213438735178	6.047
0.08300395256917	14.811
0.0494071146245059	2.08600000000001
0.00395256916996047	5.29900000000001
0.389328063241107	0.605999999999995
0.83201581027668	0.0010000000000332
0.887351778656126	5.56200000000001
0.209486166007905	5.08299999999997
0.0118577075098814	0.333000000000027
0.00197628458498024	2.09199999999998
0.0217391304347826	17.258
0.187747035573123	8.74000000000001
0.189723320158103	4.60999999999996
0.142292490118577	2.32500000000005
0.134387351778656	5.52700000000004
0.0948616600790514	14.3539999999999
0.0909090909090909	2.00700000000006
0.041501976284585	15.434
0.0276679841897233	6.65200000000004
0.00395256916996047	4.399
0.00197628458498024	3.87099999999998
0.00197628458498024	16.8049999999999
0.00395256916996047	0.335000000000036
0.883399209486166	1.197
0.885375494071146	0.608000000000061
0.883399209486166	1.84899999999993
0.99802371541502	3.2064
0.99604743083004	0.385400000000004
0.952569169960474	1.041
0.205533596837945	13.627
0.146245059288538	12.508
0.144268774703557	5.32799999999997
0.535573122529644	10.9
0.00395256916996047	8.01100000000002
0.00395256916996047	18.472
0.0731225296442688	17.493
0.00592885375494071	11.619
0.0118577075098814	12.776
0.00197628458498024	5.00400000000002
0.00197628458498024	2.42699999999996
0.713438735177866	4.76499999999999
0.00197628458498024	14.527
0.00197628458498024	6.15999999999997
0.00395256916996047	13.424
0.00197628458498024	3.572
0.00395256916996047	14.7719999999999
0.0237154150197628	5.95799999999997
0.00790513833992095	16.086
0.00197628458498024	4.47800000000007
0	0.000999999999976353
0.885375494071146	17.999
0.00395256916996047	7.74499999999989
0.99802371541502	0.389299999999999
0.994071146245059	3.03100000000001
0.420948616600791	1.72299999999998
0.41897233201581	17.221
0.0118577075098814	0.950999999999993
0.00395256916996047	8.947
0.00197628458498024	13.263
0.393280632411067	13.23
0.393280632411067	0.663000000000011
0.403162055335968	7.54599999999999
0.399209486166008	4.99200000000002
0.397233201581028	2.053
0.219367588932806	0.427000000000021
0.221343873517787	3.63199999999995
0.217391304347826	18.932
0.00988142292490119	12.463
0.658102766798419	0.780999999999949
0.654150197628458	1.83000000000004
0.660079051383399	19.75
0.519762845849802	6.52599999999995
0.177865612648221	12.6719999999999
0.033596837944664	11.4359999999999
0.00395256916996047	7.21600000000001
0.00197628458498024	3.24599999999998
0.381422924901186	16.586
0.41897233201581	3.50700000000006
0.3300395256917	0.245000000000005
0.328063241106719	11.79
0.0494071146245059	19.6410000000001
0.00197628458498024	2.722
0.99604743083004	9.27509999999999
0.00592885375494071	0
0.00395256916996047	4.42000000000002
0.557312252964427	14.032
0.00988142292490119	14.708
0.00790513833992095	15.225
0.557312252964427	13.075
0.00592885375494071	7.58599999999996
0.0197628458498024	10.537
0.154150197628458	13.127
0.156126482213439	2.07300000000004
0.0790513833992095	17.876
0.0691699604743083	12.52
0.0770750988142292	11.259
0.00395256916996047	2.83400000000006
0.0197628458498024	11.275
0.00988142292490119	15.057
0.00197628458498024	14.77
0.0395256916996047	17.597
0.0375494071146245	16.842
0.00197628458498024	11.6660000000001
0.1699604743083	18.875
0.16798418972332	2.47400000000005
0.134387351778656	3.57899999999995
0.126482213438735	12.482
0.00395256916996047	7.02800000000002
0.00197628458498024	7.33400000000006
0.409090909090909	1.65499999999997
0.405138339920949	0.00299999999992906
0.405138339920949	13.394
0.675889328063241	13.125
0.480237154150198	0.0969999999999942
0.478260869565217	4.404
0.322134387351779	6.81899999999999
0.310276679841897	10.036
0.239130434782609	7.977
0.0118577075098814	12.934
0.0138339920948617	14.136
0.310276679841897	0.704000000000008
0.308300395256917	0.658999999999992
0.743083003952569	0.540999999999997
0.853754940711462	2.15899999999999
0.729249011857708	15.264
0.733201581027668	15.035
0.837944664031621	8.09399999999999
0.828063241106719	6.02200000000005
0.00197628458498024	0.894999999999982
0.828063241106719	13.224
0.822134387351779	0.55499999999995
0.818181818181818	18.51
0.911067193675889	0.0769999999999982
0.911067193675889	16.506
0.545454545454545	7.75700000000006
0.596837944664032	4.18999999999994
0.00790513833992095	16.649
0.0138339920948617	17.9140000000001
0.00988142292490119	18.3019999999999
0.124505928853755	4.84900000000005
0.00395256916996047	10.579
0.231225296442688	4.57500000000005
0.227272727272727	17.688
0.00988142292490119	3.63599999999997
0.00395256916996047	12.976
0.99802371541502	9.99999999962142e-05
0.99802371541502	15.697
0.474308300395257	0.242000000000004
0.320158102766798	2.46099999999998
0.310276679841897	5.95100000000002
0.241106719367589	7.29499999999999
0.223320158102767	9.916
0.0652173913043478	1.01300000000001
0.0217391304347826	0.348000000000013
0.0513833992094862	8.99199999999996
0.754940711462451	9.49599999999998
0.00592885375494071	6.56600000000003
0.00395256916996047	17.074
0.851778656126482	10.742
0.729249011857708	12.686
0.731225296442688	7.43700000000001
0.841897233201581	7.95299999999997
0.83201581027668	9.51999999999998
0.318181818181818	0.00999999999999091
0.00395256916996047	4.81100000000004
0.274703557312253	2.43799999999999
0.284584980237154	4.81899999999996
0.298418972332016	11.9870000000001
0.292490118577075	5.33199999999999
0.144268774703557	0.00299999999992906
0.140316205533597	6.16300000000001
0.118577075098814	11.6120000000001
0.227272727272727	8.94299999999998
0.662055335968379	0.600999999999999
0.00988142292490119	7.17899999999997
0.0592885375494071	14.173
0.00197628458498024	0.99199999999999
0.00197628458498024	3.566
0.243083003952569	12.388
0.0118577075098814	6.38200000000001
0.112648221343874	14.917
0.944664031620553	3.90599999999995
0.389328063241107	1.99699999999996
0.466403162055336	1.80899999999997
0.490118577075099	4.73700000000008
0.0158102766798419	6.298
0.448616600790514	2.18200000000002
0.422924901185771	1.851
0.444664031620553	18.539
0.857707509881423	1.43999999999994
0.0237154150197628	2.39200000000005
0.00197628458498024	2.32999999999993
0.08300395256917	9.27100000000007
0.0237154150197628	3.44599999999991
0.0237154150197628	7.04500000000007
0.00592885375494071	13.64
0.211462450592885	9.30499999999995
0.871541501976285	3.48000000000002
0.869565217391304	7.83199999999999
1	19.0845
0.99802371541502	0.372
0.932806324110672	2.744
0.924901185770751	6.30500000000001
0.91699604743083	10.844
0.225296442687747	19.357
0.221343873517787	10.31
0.278656126482213	4.43299999999999
0.276679841897233	12.41
0.903162055335968	6.70099999999996
0.814229249011858	18.852
0.658102766798419	0.22199999999998
0.660079051383399	7.21999999999997
0.66600790513834	5.19600000000003
0.660079051383399	0.468999999999994
0.820158102766798	9.10300000000001
0.0197628458498024	16.612
0.0118577075098814	6.34900000000005
0.0691699604743083	18.5839999999999
0.0671936758893281	3.27300000000002
0.0395256916996047	2.67200000000003
0.0276679841897233	0.0379999999998972
0.58102766798419	6.58400000000006
0.592885375494071	13.087
0.588932806324111	0.000999999999976353
0.594861660079051	2.31600000000003
0.658102766798419	15.9000000000001
0.486166007905138	0.0520000000000209
0.00197628458498024	14.24
0.99802371541502	0.0029999999999859
0.99802371541502	0.545000000000016
0.99604743083004	8.196
0.681818181818182	0.0130000000000052
0.717391304347826	10.051
0.711462450592885	6.20999999999998
0.707509881422925	10.267
0.472332015810277	8.11099999999999
0.468379446640316	14.063
0.00197628458498024	1.88800000000003
0.347826086956522	19.455
0.345849802371542	18.406
0.00197628458498024	0.000999999999976353
0.00197628458498024	8.56900000000007
0.74703557312253	2.99300000000005
0.74901185770751	4.63499999999999
0.74901185770751	8.93100000000004
0.74703557312253	16.591
0.735177865612648	0.812999999999988
0.162055335968379	0.75
0	0
0.0711462450592885	7.93299999999999
0.217391304347826	8.22199999999998
0.116600790513834	13.955
0.0889328063241107	5.41899999999998
0.99604743083004	10.026
0.986166007905138	1.137
0.984189723320158	15.511
0.982213438735178	11.108
0.717391304347826	11.786
0.709486166007905	1.83999999999997
0.468379446640316	10.361
0.00988142292490119	14.561
0.00197628458498024	9.721
0.00790513833992095	15.535
0.608695652173913	4.58999999999997
0.608695652173913	14.0020000000001
0.00988142292490119	8.45600000000002
0.00395256916996047	16.303
0.543478260869565	0.000999999999976353
0.179841897233202	4.85599999999999
0.177865612648221	10.7800000000001
0.150197628458498	3.06399999999996
0.622529644268775	13.486
0.0533596837944664	13.4150000000001
0.0454545454545455	7.19199999999989
0.0118577075098814	8.07800000000009
0.150197628458498	0.365999999999985
0.217391304347826	0.867999999999938
0.114624505928854	5.43200000000002
0.0948616600790514	19.671
0.00592885375494071	0.34699999999998
0.99604743083004	2.9997
0.974308300395257	0.388000000000005
0.66403162055336	5.71299999999999
0.215415019762846	12.86
0.00592885375494071	5.28300000000002
0.00197628458498024	8.92500000000001
0.644268774703557	0.758999999999958
0.644268774703557	0.0180000000000291
0.225296442687747	2.00200000000001
0.270750988142292	0.69199999999995
0.683794466403162	11.6320000000001
0.122529644268775	2.48000000000002
0.104743083003953	16.732
0.102766798418972	6.67899999999997
0.0513833992094862	8.38499999999999
0.0553359683794466	9.51700000000005
0.432806324110672	13.495
0.0118577075098814	1.38199999999995
0.00790513833992095	8.21400000000006
0.456521739130435	15.7829999999999
0.454545454545455	14.2470000000001
0.885375494071146	0.853999999999928
0.851778656126482	0.00100000000009004
0.800395256916996	0.706999999999994
0.727272727272727	15.356
0.879446640316206	2.05700000000002
0.772727272727273	8.70899999999995
1	16.0304
0.99802371541502	1.7226
0.768774703557312	1.03750000000001
0.766798418972332	0.802199999999999
0.764822134387352	1.56
0.982213438735178	4.03900000000002
0.972332015810277	15.718
0.74901185770751	9.09999999999999
0.74703557312253	17.945
0.00197628458498024	1.31200000000001
0.395256916996047	4.36599999999999
0.393280632411067	9.31799999999998
0.434782608695652	3.04599999999999
0.411067193675889	1.53300000000002
0.108695652173913	6.202
0.0592885375494071	5.43700000000001
0.0434782608695652	3.89800000000002
0.83201581027668	13.717
0.41699604743083	0.574000000000012
0.41699604743083	1.86900000000003
0.683794466403162	11.3810000000001
0.16798418972332	1.85399999999993
0.24901185770751	0
0.00790513833992095	0.00299999999992906
0.00592885375494071	15.297
0.00395256916996047	19.276
0.889328063241107	3.09400000000005
0.792490118577075	6.90099999999995
0.796442687747036	1.245
0.00790513833992095	9.30600000000004
0.00592885375494071	12.059
1	0.739199999999997
0.99802371541502	2.1748
0.994071146245059	4.559
0.990118577075099	4.923
0.369565217391304	7.446
0.367588932806324	3.191
0.207509881422925	2.47200000000001
0.00592885375494071	7.10799999999998
0.162055335968379	8.53100000000001
0.160079051383399	2.75
0.952569169960474	4.32300000000004
0.00395256916996047	0.268999999999949
0.00197628458498024	1.863
0.318181818181818	2.11500000000001
0.804347826086957	4.85000000000002
0.588932806324111	0.724000000000046
0.58695652173913	2.86000000000001
0.579051383399209	7.68200000000002
0.579051383399209	6.95699999999999
0.00395256916996047	19.6659999999999
0.0177865612648221	8.95699999999999
0.58695652173913	13.3140000000001
0.00197628458498024	11.889
0.160079051383399	2.79399999999998
0.00988142292490119	9.12099999999998
1	18.8937
0.994071146245059	0.700000000000003
0.990118577075099	0.762
0.986166007905138	3.64699999999999
0.533596837944664	1.74100000000001
0.00592885375494071	6.14999999999998
0.446640316205534	7.321
0.00988142292490119	12.798
0.00790513833992095	16.597
0.16600790513834	14.434
0.16403162055336	4.15499999999997
0.00395256916996047	10.012
0.00197628458498024	1.24900000000002
0.00197628458498024	1.98199999999997
0.58300395256917	0
0.58300395256917	0.870999999999981
0.58300395256917	2.85300000000007
0.579051383399209	2.03699999999992
0.318181818181818	11.6610000000001
0.0948616600790514	10.402
0.66403162055336	0.942999999999984
0.614624505928854	3.47500000000002
0.0375494071146245	15.1949999999999
1	19.4091
0.535573122529644	0.643000000000001
0.529644268774704	0.85899999999998
0.525691699604743	13.994
0.517786561264822	4.40400000000002
0.130434782608696	3.017
0.673913043478261	1.75799999999998
0.0217391304347826	12.909
0.0197628458498024	10.154
0.0177865612648221	9.863
0.0217391304347826	10.825
0.865612648221344	1.50099999999998
0.926877470355731	4.03500000000008
0.685770750988142	1.18299999999999
0.0138339920948617	10.5219999999999
0.0256916996047431	11.697
0.0118577075098814	7.93500000000006
0.00395256916996047	2.87199999999996
0.00197628458498024	0.322000000000003
0.00395256916996047	12.726
0.00395256916996047	18.495
0.00790513833992095	9.50100000000009
0.00790513833992095	2.09199999999998
0.527667984189723	7.67400000000001
0.525691699604743	0.469999999999999
0.517786561264822	15.186
0.863636363636364	0.196000000000026
0.0948616600790514	4.12100000000004
0.0928853754940712	1.88499999999999
0.00197628458498024	10.625
0.0454545454545455	18.084
0.0118577075098814	12.681
0.00592885375494071	7.26499999999999
0.0810276679841897	17.415
0.0454545454545455	2.32000000000005
0.0592885375494071	3.274
0.00988142292490119	12.51
0.0612648221343874	18.697
0.205533596837945	8.66499999999996
0.0652173913043478	8.86800000000005
0.00988142292490119	13.226
0.818181818181818	4.16199999999992
0.814229249011858	10.0880000000001
0.814229249011858	0.245000000000005
0.814229249011858	9.1869999999999
0.814229249011858	15.023
0.0217391304347826	14.924
0.0158102766798419	5.149
0.00395256916996047	12.3950000000001
0.00197628458498024	13.5939999999999
0.636363636363636	5.2002
0.594861660079051	1.18100000000001
0.397233201581028	11.212
0.357707509881423	5.393
0.478260869565217	9.928
0.0790513833992095	1.71600000000001
0.454545454545455	13.221
0.401185770750988	0.853999999999985
0.420948616600791	10.743
0.41304347826087	2.62200000000001
0.41897233201581	0.0399999999999636
0.160079051383399	13.205
0.00988142292490119	8.48699999999997
0.810276679841897	14.1460000000001
0.798418972332016	12.967
0.760869565217391	8.51599999999996
0.197628458498024	2.48800000000006
0.16798418972332	11.3439999999999
0.183794466403162	14.3439999999999
0.187747035573123	0.590000000000032
0.0928853754940712	6.70500000000004
0.136363636363636	1.56299999999999
0.0118577075098814	4.48300000000006
0.711462450592885	17.9849999999999
1	12.3196
0.634387351778656	0.550300000000007
0.626482213438735	1.2944
0.171936758893281	4.476
0.355731225296443	3.23600000000002
0.041501976284585	4.97399999999999
0.00988142292490119	9.62100000000004
0.0118577075098814	16.951
0.00988142292490119	7.084
0.00790513833992095	6.50300000000004
0.00790513833992095	0.770999999999958
0.804347826086957	0
0.800395256916996	4.75999999999999
0.0256916996047431	14.765
0.0237154150197628	9.38100000000009
0.0177865612648221	15.4259999999999
0.0948616600790514	5.09000000000003
0.116600790513834	1.47299999999996
0.0533596837944664	12.8920000000001
0.134387351778656	15.5749999999999
0.124505928853755	7.97500000000002
0.108695652173913	3.07799999999997
0.818181818181818	3.89800000000002
1	5.21699999999998
0.0138339920948617	1.68700000000001
0.00395256916996047	13.129
0.00790513833992095	19.945
0.434782608695652	14.581
0.430830039525692	0.661000000000001
0.223320158102767	8.60300000000001
0.75296442687747	0.392999999999972
0.0237154150197628	6.75400000000002
0.0237154150197628	15.516
0.00197628458498024	4.65499999999997
0.363636363636364	3.755
0.359683794466403	9.14600000000007
0.359683794466403	3.61500000000001
0.00197628458498024	3.81999999999994
0.0118577075098814	18.01
0.446640316205534	0.527000000000044
0.444664031620553	9.31500000000005
0.928853754940711	11.6229999999999
0.924901185770751	16.346
0.00197628458498024	6.95300000000009
0.08300395256917	10.4
0.0118577075098814	7.19399999999996
0.0316205533596838	14.647
0.0256916996047431	6.26900000000001
0.563241106719368	0.236999999999995
0.547430830039526	3.893
0.0138339920948617	17.098
0.74901185770751	3.74599999999998
0.739130434782609	5.99599999999998
0.00197628458498024	4.03100000000001
0.0197628458498024	7.44800000000009
0.899209486166008	18.002
0.444664031620553	3.73199999999997
0.448616600790514	4.51700000000005
0.00197628458498024	5.76299999999992
0.0118577075098814	17.1260000000001
0.0118577075098814	19.2750000000001
0.00592885375494071	19.724
0.0138339920948617	15.973
0.215415019762846	6.101
