1
1
0.630434782608696
0.00395256916996047
0.00988142292490119
0.288537549407115
0.138339920948617
0.517786561264822
0.363636363636364
0.602766798418972
0.140316205533597
0.142292490118577
0.146245059288538
0.549407114624506
0.563241106719368
0.658102766798419
0.189723320158103
0.223320158102767
1
1
0.711462450592885
0.075098814229249
0.0632411067193676
0.00592885375494071
0.905138339920949
0.484189723320158
0.517786561264822
0.0138339920948617
0.49604743083004
0.74901185770751
0.756916996047431
0.0612648221343874
0.0118577075098814
0.191699604743083
0.191699604743083
1
0.225296442687747
0.00395256916996047
0.909090909090909
0.911067193675889
0.905138339920949
0.928853754940711
0.796442687747036
0.938735177865613
0.91897233201581
0.110671936758893
0.102766798418972
0.0592885375494071
0.0316205533596838
0.721343873517787
0.00197628458498024
0.00395256916996047
0.847826086956522
0.0494071146245059
0.804347826086957
1
0.225296442687747
0.213438735177866
0.0573122529644269
0.0217391304347826
0.928853754940711
0.142292490118577
0.0118577075098814
0.00790513833992095
0.00988142292490119
0.122529644268775
0.225296442687747
0.00592885375494071
0.729249011857708
0.731225296442688
0.695652173913043
0.760869565217391
0.00395256916996047
0.0118577075098814
0.00395256916996047
0.136363636363636
0.786561264822134
0.786561264822134
1
1
0.774703557312253
0.776679841897233
0.033596837944664
0.891304347826087
0.883399209486166
0.899209486166008
0.345849802371542
0.660079051383399
0.00197628458498024
0.363636363636364
0.223320158102767
0.00197628458498024
0.00592885375494071
0.41501976284585
1
0.99604743083004
0.00592885375494071
0.102766798418972
0.837944664031621
0.899209486166008
0.00592885375494071
0.00395256916996047
0.693675889328063
0.237154150197628
0.256916996047431
0.389328063241107
0.239130434782609
0.0612648221343874
0.00790513833992095
1
1
0.355731225296443
0.654150197628458
0.650197628458498
0.0237154150197628
0.891304347826087
0.899209486166008
0.883399209486166
0.855731225296443
0.780632411067194
0.760869565217391
0.106719367588933
0.0177865612648221
0.0118577075098814
0.0138339920948617
0.00395256916996047
0.203557312252964
0.203557312252964
1
1
0.75098814229249
0.675889328063241
0.0118577075098814
0.652173913043478
0.895256916996047
0.895256916996047
0.891304347826087
0.899209486166008
0.0494071146245059
0.0513833992094862
0.0256916996047431
0.0217391304347826
0.713438735177866
0.737154150197628
0.828063241106719
0.855731225296443
0.266798418972332
1
1
1
0.0217391304347826
0.16600790513834
0.00988142292490119
0.853754940711462
0.00395256916996047
0.0217391304347826
0.288537549407115
0.288537549407115
0.889328063241107
0.711462450592885
0.662055335968379
0.861660079051383
0.865612648221344
0.851778656126482
0.0573122529644269
0.371541501976285
0.260869565217391
1
1
0.715415019762846
0.713438735177866
0.816205533596838
0.00592885375494071
0.689723320158103
0.855731225296443
0.0138339920948617
0.00197628458498024
0.288537549407115
0.889328063241107
0.711462450592885
0.66600790513834
0.857707509881423
0.863636363636364
0.341897233201581
0.231225296442688
0.466403162055336
0.466403162055336
1
1
0.994071146245059
0.442687747035573
0.351778656126482
0.33201581027668
0.120553359683794
0.075098814229249
0.411067193675889
0.375494071146245
0.393280632411067
0.00197628458498024
0.00395256916996047
0.102766798418972
0.0494071146245059
0.624505928853755
0.00592885375494071
1
0.442687747035573
0.438735177865613
0.349802371541502
0.339920948616601
0.549407114624506
0.551383399209486
0.551383399209486
0.00988142292490119
0.41304347826087
0.41304347826087
0.377470355731225
0.199604743083004
0.571146245059289
0.00988142292490119
0.310276679841897
0.432806324110672
0.579051383399209
1
0.99802371541502
0.99802371541502
0.99604743083004
0.278656126482213
0.845849802371542
0.213438735177866
0.205533596837945
0.0296442687747036
0.24901185770751
0.349802371541502
0.25296442687747
0.256916996047431
0.725296442687747
0.474308300395257
0.385375494071146
0.108695652173913
1
0.707509881422925
0.679841897233202
0.839920948616601
0.620553359683794
0.924901185770751
0.760869565217391
0.284584980237154
0.00988142292490119
0.0553359683794466
0.450592885375494
0.756916996047431
0.476284584980237
0.213438735177866
1
0.0592885375494071
0.0553359683794466
0.041501976284585
0.0375494071146245
0.00988142292490119
0.920948616600791
0.920948616600791
0.922924901185771
0.549407114624506
0.547430830039526
0.00988142292490119
0.156126482213439
0.150197628458498
0.140316205533597
0.405138339920949
0.444664031620553
0.470355731225296
0.545454545454545
0.535573122529644
0.577075098814229
0.0237154150197628
1
0.00790513833992095
0.00395256916996047
0.00988142292490119
0.00592885375494071
0.0375494071146245
0.0197628458498024
0.920948616600791
0.547430830039526
0.0770750988142292
0.154150197628458
0.0711462450592885
0.0711462450592885
0.106719367588933
0.0118577075098814
0.270750988142292
0.547430830039526
0.535573122529644
0.58102766798419
0.274703557312253
1
0.697628458498024
0.592885375494071
0.596837944664032
0.58695652173913
0.58498023715415
0.0118577075098814
0.00988142292490119
0.199604743083004
0.203557312252964
0.00395256916996047
0.0118577075098814
0.00592885375494071
0.00197628458498024
0.824110671936759
0.824110671936759
1
0.58102766798419
0.579051383399209
0.575098814229249
0.262845849802372
0.268774703557312
0.0928853754940712
0.0474308300395257
0.041501976284585
0.0217391304347826
0.0592885375494071
0.108695652173913
0.0118577075098814
0.00592885375494071
0.00395256916996047
0.00592885375494071
0.0790513833992095
1
1
0.972332015810277
0.0237154150197628
0.0256916996047431
0.0197628458498024
0.00395256916996047
0.00395256916996047
0.00988142292490119
0.713438735177866
0.713438735177866
0.721343873517787
0.464426877470356
0.891304347826087
0.363636363636364
0.353754940711462
0.00197628458498024
0.0158102766798419
0.0158102766798419
0.0118577075098814
0.841897233201581
0.573122529644269
0.579051383399209
1
0.972332015810277
0.428853754940711
0.436758893280632
0.420948616600791
0.41699604743083
0.0770750988142292
0.0711462450592885
0.00592885375494071
0.727272727272727
0.462450592885375
0.901185770750988
0.0237154150197628
0.00197628458498024
0.355731225296443
0.0790513833992095
0.0158102766798419
0.841897233201581
0.841897233201581
0.00197628458498024
0.841897233201581
1
0.847826086956522
0.191699604743083
0.288537549407115
0.284584980237154
0.926877470355731
0.660079051383399
0.58300395256917
0.577075098814229
0.0197628458498024
0.00197628458498024
0.877470355731225
0.877470355731225
0.438735177865613
0.438735177865613
0.24901185770751
0.237154150197628
0.741106719367589
0.861660079051383
0.701581027667984
0.816205533596838
1
1
0.843873517786561
0.648221343873518
0.507905138339921
0.662055335968379
0.926877470355731
0.403162055335968
0.660079051383399
0.075098814229249
0.0691699604743083
0.0118577075098814
0.00395256916996047
0.446640316205534
0.448616600790514
0.442687747035573
0.237154150197628
0.861660079051383
0.703557312252964
0.221343873517787
1
0.391304347826087
0.385375494071146
0.531620553359684
0.00197628458498024
0.488142292490119
0.466403162055336
0.555335968379447
0.561264822134387
0.525691699604743
0.0118577075098814
0.00395256916996047
0.00395256916996047
0.853754940711462
0.0118577075098814
0.0296442687747036
1
1
0.99802371541502
0.383399209486166
0.154150197628458
0.075098814229249
0.00988142292490119
0.0138339920948617
0.00592885375494071
0.349802371541502
0.634387351778656
0.632411067193676
0.630434782608696
0.0177865612648221
0.00395256916996047
0.00592885375494071
0.0434782608695652
0.0177865612648221
0.00592885375494071
1
0.99802371541502
0.99802371541502
0.994071146245059
0.934782608695652
0.980237154150198
0.0118577075098814
0.551383399209486
0.559288537549407
0.235177865612648
0.075098814229249
0.49604743083004
0.486166007905138
0.717391304347826
0.523715415019763
0.41699604743083
0.41501976284585
0.719367588932806
0.727272727272727
0.0968379446640316
1
0.978260869565217
0.982213438735178
0.802371541501976
0.808300395256917
0.00395256916996047
0.245059288537549
0.41897233201581
0.411067193675889
0.575098814229249
0.0395256916996047
0.177865612648221
0.00197628458498024
0.41501976284585
0.345849802371542
0.719367588932806
0.727272727272727
0.00790513833992095
1
1
1
0.310276679841897
0.420948616600791
0.00395256916996047
0.00592885375494071
0.654150197628458
0.041501976284585
0.0395256916996047
0.0217391304347826
0.322134387351779
0.302371541501976
0.300395256916996
0.871541501976285
0.699604743083004
0.701581027667984
0.618577075098814
0.5
0.00592885375494071
0.41304347826087
0.260869565217391
1
1
1
0.207509881422925
0.0869565217391304
0.50395256916996
0.207509881422925
0.209486166007905
0.654150197628458
0.280632411067194
0.326086956521739
0.316205533596838
0.316205533596838
0.887351778656126
0.00988142292490119
0.156126482213439
0.00197628458498024
0.0138339920948617
0.0138339920948617
0.391304347826087
0.391304347826087
0.258893280632411
1
0.00197628458498024
0.622529644268775
0.620553359683794
0.152173913043478
0.114624505928854
0.438735177865613
0.58102766798419
0.594861660079051
0.193675889328063
0.185770750988142
0.772727272727273
0.800395256916996
0.679841897233202
0.776679841897233
0.567193675889328
0.592885375494071
0.262845849802372
0.428853754940711
0.231225296442688
0.213438735177866
1
1
1
0.367588932806324
0.363636363636364
0.986166007905138
0.217391304347826
0.505928853754941
0.515810276679842
0.652173913043478
0.0158102766798419
0.800395256916996
0.592885375494071
0.262845849802372
0.839920948616601
0.223320158102767
1
0.877470355731225
0.877470355731225
0.784584980237154
0.74901185770751
0.693675889328063
0.482213438735178
0.422924901185771
0.0197628458498024
0.0138339920948617
0.0652173913043478
0.0691699604743083
0.448616600790514
1
1
0.99604743083004
0.984189723320158
0.877470355731225
0.723320158102767
0.782608695652174
0.776679841897233
0.758893280632411
0.693675889328063
0.270750988142292
0.189723320158103
0.132411067193676
0.0177865612648221
0.00395256916996047
0.0177865612648221
0.375494071146245
0.371541501976285
0.810276679841897
1
0.994071146245059
0.994071146245059
0.0909090909090909
0.588932806324111
0.389328063241107
0.0948616600790514
0.00988142292490119
0.359683794466403
0.695652173913043
0.685770750988142
0.138339920948617
0.290513833992095
0.288537549407115
0.136363636363636
0.175889328063241
0.175889328063241
0.0889328063241107
1
0.99604743083004
0.992094861660079
0.930830039525692
0.612648221343874
0.58498023715415
0.381422924901186
0.0138339920948617
0.41501976284585
0.58695652173913
0.606719367588933
0.697628458498024
0.685770750988142
0.409090909090909
0.292490118577075
0.294466403162055
0.294466403162055
0.602766798418972
0.681818181818182
0.00790513833992095
1
1
0.99802371541502
0.99802371541502
0.994071146245059
0.00197628458498024
0.695652173913043
0.654150197628458
0.654150197628458
0.472332015810277
0.00790513833992095
0.142292490118577
0.148221343873518
0.00790513833992095
0.482213438735178
0.557312252964427
0.547430830039526
0.782608695652174
0.808300395256917
0.00197628458498024
0.00592885375494071
0.00197628458498024
0.0138339920948617
0.00395256916996047
0.00197628458498024
0.75296442687747
1
0.857707509881423
0.654150197628458
0.00988142292490119
0.100790513833992
0.262845849802372
0.262845849802372
0.0573122529644269
0.0533596837944664
0.16403162055336
0.148221343873518
0.116600790513834
0.116600790513834
1
1
1
0.25296442687747
0.0592885375494071
0.00988142292490119
0.00790513833992095
0.00197628458498024
0.66403162055336
0.610671936758893
0.610671936758893
0.0138339920948617
0.596837944664032
0.16600790513834
0.160079051383399
0.156126482213439
0.58498023715415
0.579051383399209
0.454545454545455
0.454545454545455
0.385375494071146
0.693675889328063
0.711462450592885
0.707509881422925
1
1
0.08300395256917
0.0691699604743083
0.0553359683794466
0.00395256916996047
0.648221343873518
0.66798418972332
0.699604743083004
0.519762845849802
0.612648221343874
0.573122529644269
0.565217391304348
0.387351778656126
0.00988142292490119
0.209486166007905
0.209486166007905
0.466403162055336
0.454545454545455
0.762845849802372
0.00988142292490119
0.00197628458498024
1
1
0.99604743083004
0.990118577075099
0.50395256916996
0.5
0.314229249011858
0.671936758893281
0.547430830039526
0.00592885375494071
0.549407114624506
0.547430830039526
0.822134387351779
0.871541501976285
0.865612648221344
0.713438735177866
0.0197628458498024
0.0118577075098814
0.0849802371541502
0.796442687747036
1
0.454545454545455
0.533596837944664
0.312252964426877
0.221343873517787
0.100790513833992
0.00790513833992095
0.0533596837944664
0.865612648221344
0.171936758893281
0.171936758893281
0.0276679841897233
0.0296442687747036
0.0454545454545455
0.0652173913043478
1
0.970355731225296
0.956521739130435
0.349802371541502
0.276679841897233
0.110671936758893
0.00790513833992095
0.788537549407115
0.820158102766798
0.863636363636364
0.523715415019763
0.519762845849802
0.488142292490119
0.00197628458498024
0.00988142292490119
0.24703557312253
1
0.962450592885375
0.318181818181818
0.312252964426877
0.272727272727273
0.268774703557312
0.110671936758893
0.140316205533597
0.075098814229249
0.0652173913043478
0.863636363636364
0.889328063241107
0.426877470355731
0.523715415019763
0.0276679841897233
0.387351778656126
0.375494071146245
0.671936758893281
0.675889328063241
1
0.99802371541502
0.99604743083004
0.00592885375494071
0.563241106719368
0.75296442687747
0.448616600790514
0.658102766798419
0.264822134387352
0.266798418972332
0.602766798418972
0.598814229249012
0.561264822134387
0.00197628458498024
0.0138339920948617
0.0158102766798419
0.00592885375494071
0.156126482213439
0.156126482213439
0.00790513833992095
1
0.594861660079051
0.563241106719368
0.75296442687747
0.567193675889328
0.0434782608695652
0.0434782608695652
0.00197628458498024
0.0118577075098814
0.0197628458498024
0.00592885375494071
0.0158102766798419
0.725296442687747
0.725296442687747
0.879446640316206
0.266798418972332
0.00592885375494071
1
1
0.737154150197628
0.733201581027668
0.434782608695652
0.428853754940711
0.543478260869565
0.337944664031621
0.00395256916996047
0.00197628458498024
0.00592885375494071
0.0928853754940712
0.08300395256917
0.468379446640316
0.0177865612648221
0.0197628458498024
0.177865612648221
0.124505928853755
0.0849802371541502
1
1
1
0.743083003952569
0.341897233201581
0.00790513833992095
0.00790513833992095
0.393280632411067
0.177865612648221
0.173913043478261
0.171936758893281
0.389328063241107
0.389328063241107
0.432806324110672
0.432806324110672
0.430830039525692
0.849802371541502
0.743083003952569
0.756916996047431
1
0.715415019762846
0.00988142292490119
0.00790513833992095
0.909090909090909
0.432806324110672
0.00197628458498024
0.160079051383399
0.156126482213439
0.16403162055336
0.243083003952569
0.106719367588933
0.729249011857708
0.707509881422925
0.717391304347826
0.136363636363636
0.0592885375494071
0.0494071146245059
0.00395256916996047
0.0454545454545455
0.0256916996047431
1
0.270750988142292
0.976284584980237
0.972332015810277
0.974308300395257
0.944664031620553
0.909090909090909
0.938735177865613
0.209486166007905
0.146245059288538
0.00395256916996047
0.0256916996047431
0.0217391304347826
0.671936758893281
0.00395256916996047
0.0158102766798419
0.0118577075098814
1
1
0.735177865612648
0.397233201581028
0.254940711462451
0.0118577075098814
0.442687747035573
0.756916996047431
0.0217391304347826
0.399209486166008
0.33201581027668
0.0118577075098814
0.00395256916996047
0.0434782608695652
0.490118577075099
0.490118577075099
0.814229249011858
0.822134387351779
0.0296442687747036
0.0217391304347826
1
0.737154150197628
0.391304347826087
0.00592885375494071
0.00395256916996047
0.00988142292490119
0.258893280632411
0.754940711462451
0.50197628458498
0.658102766798419
0.395256916996047
0.3300395256917
0.328063241106719
0.525691699604743
0.511857707509881
0.519762845849802
0.00395256916996047
0.308300395256917
0.306324110671937
1
1
0.486166007905138
0.187747035573123
0.179841897233202
0.136363636363636
0.531620553359684
0.243083003952569
0.237154150197628
0.632411067193676
0.58498023715415
0.618577075098814
0.422924901185771
0.411067193675889
0.41501976284585
0.272727272727273
0.00197628458498024
0.0810276679841897
1
1
0.920948616600791
0.33596837944664
0.00592885375494071
0.703557312252964
0.533596837944664
0.41699604743083
0.41897233201581
0.616600790513834
0.411067193675889
0.411067193675889
0.41501976284585
0.614624505928854
0.0968379446640316
0.0948616600790514
0.0869565217391304
0.00395256916996047
1
0.74901185770751
0.535573122529644
0.211462450592885
0.209486166007905
0.126482213438735
0.0217391304347826
0.6699604743083
0.865612648221344
0.041501976284585
0.0592885375494071
0.00790513833992095
0.00592885375494071
0.128458498023715
1
0.814229249011858
0.812252964426877
0.74901185770751
0.658102766798419
0.539525691699605
0.156126482213439
0.106719367588933
0.106719367588933
0.466403162055336
0.217391304347826
0.122529644268775
0.865612648221344
0.743083003952569
0.826086956521739
0.853754940711462
0.0138339920948617
1
1
0.952569169960474
0.950592885375494
0.0434782608695652
0.58300395256917
0.428853754940711
0.033596837944664
0.0118577075098814
0.00790513833992095
0.375494071146245
0.375494071146245
0.377470355731225
0.0237154150197628
0.0138339920948617
0.0256916996047431
0.102766798418972
0.0375494071146245
0.0553359683794466
0.00197628458498024
0.0375494071146245
0.041501976284585
0.0217391304347826
0.0217391304347826
1
0.952569169960474
0.932806324110672
0.590909090909091
0.363636363636364
0.369565217391304
0.00790513833992095
0.00790513833992095
0.0573122529644269
0.0553359683794466
0.788537549407115
0.776679841897233
0.792490118577075
0.798418972332016
0.814229249011858
0.403162055335968
0.0573122529644269
0.00395256916996047
0.456521739130435
0.456521739130435
1
0.990118577075099
0.988142292490119
0.980237154150198
0.00988142292490119
0.391304347826087
0.776679841897233
0.227272727272727
0.221343873517787
0.0553359683794466
0.0553359683794466
0.869565217391304
0.871541501976285
0.863636363636364
0.395256916996047
0.298418972332016
0.304347826086957
1
0.988142292490119
0.891304347826087
0.579051383399209
0.183794466403162
0.00988142292490119
0.683794466403162
0.00395256916996047
0.865612648221344
0.0158102766798419
0.00395256916996047
0.0118577075098814
0.00592885375494071
0.871541501976285
0.867588932806324
0.863636363636364
0.00395256916996047
1
0.926877470355731
0.209486166007905
0.00790513833992095
0.369565217391304
0.492094861660079
0.756916996047431
0.796442687747036
0.341897233201581
0.326086956521739
0.519762845849802
0.507905138339921
0.488142292490119
1
1
1
1
0.992094861660079
0.367588932806324
0.0138339920948617
0.442687747035573
0.450592885375494
0.458498023715415
0.369565217391304
0.00592885375494071
0.00790513833992095
0.126482213438735
0.126482213438735
0.492094861660079
0.679841897233202
0.764822134387352
0.656126482213439
0.879446640316206
0.262845849802372
0.343873517786561
0.511857707509881
0.205533596837945
1
1
0.00790513833992095
0.0434782608695652
0.0158102766798419
0.00790513833992095
0.00592885375494071
0.883399209486166
0.00197628458498024
0.885375494071146
0.0138339920948617
0.00197628458498024
0.91699604743083
0.91699604743083
0.901185770750988
0.893280632411067
1
0.839920948616601
0.0671936758893281
0.0316205533596838
0.033596837944664
0.0256916996047431
0.0276679841897233
0.0118577075098814
0.883399209486166
0.885375494071146
0.375494071146245
0.381422924901186
0.381422924901186
0.00790513833992095
0.911067193675889
1
0.590909090909091
0.934782608695652
0.91304347826087
0.0197628458498024
0.00790513833992095
0.0138339920948617
0.00592885375494071
0.901185770750988
0.486166007905138
0.474308300395257
0.482213438735178
0.219367588932806
1
0.990118577075099
0.984189723320158
0.596837944664032
0.00988142292490119
0.58695652173913
0.934782608695652
0.934782608695652
0.930830039525692
0.00592885375494071
0.0256916996047431
0.0276679841897233
0.926877470355731
0.895256916996047
0.901185770750988
0.411067193675889
0.818181818181818
0.158102766798419
0.160079051383399
0.160079051383399
0.33596837944664
1
1
0.869565217391304
0.845849802371542
0.187747035573123
0.466403162055336
0.0237154150197628
0.537549407114625
0.588932806324111
0.041501976284585
0.0889328063241107
0.0849802371541502
0.436758893280632
0.377470355731225
0.383399209486166
0.571146245059289
0.00197628458498024
0.189723320158103
1
0.869565217391304
0.859683794466403
0.851778656126482
0.66600790513834
0.124505928853755
0.0454545454545455
0.537549407114625
0.513833992094862
0.217391304347826
0.452569169960474
0.551383399209486
0.0158102766798419
0.569169960474308
0.00592885375494071
0.290513833992095
1
0.99802371541502
0.99802371541502
0.901185770750988
0.551383399209486
0.91699604743083
0.689723320158103
0.612648221343874
0.596837944664032
0.630434782608696
0.569169960474308
0.794466403162055
0.754940711462451
0.00395256916996047
0.00790513833992095
0.691699604743083
0.308300395256917
0.00395256916996047
0.00197628458498024
0.889328063241107
1
0.99604743083004
0.373517786561265
0.367588932806324
0.0256916996047431
0.778656126482213
0.66798418972332
0.677865612648221
0.693675889328063
0.383399209486166
0.00592885375494071
0.0138339920948617
0.00197628458498024
0.879446640316206
0.879446640316206
0.883399209486166
0.883399209486166
1
1
1
0.992094861660079
0.211462450592885
0.203557312252964
0.0217391304347826
0.142292490118577
0.142292490118577
0.881422924901186
0.25098814229249
0.254940711462451
0.284584980237154
0.00592885375494071
0.183794466403162
0.545454545454545
0.00197628458498024
0.745059288537549
0.00988142292490119
0.00197628458498024
0.515810276679842
0.515810276679842
1
1
1
0.772727272727273
0.507905138339921
0.00592885375494071
0.304347826086957
0.881422924901186
0.58695652173913
0.58695652173913
0.920948616600791
0.0217391304347826
0.723320158102767
0.294466403162055
0.284584980237154
0.695652173913043
0.205533596837945
1
1
0.928853754940711
0.930830039525692
0.924901185770751
0.656126482213439
0.00592885375494071
0.207509881422925
0.162055335968379
0.632411067193676
0.0177865612648221
0.00197628458498024
0.00988142292490119
0.0434782608695652
0.875494071146245
0.877470355731225
0.891304347826087
0.893280632411067
0.533596837944664
0.41897233201581
0.569169960474308
0.138339920948617
0.134387351778656
0.476284584980237
0.470355731225296
1
1
0.928853754940711
0.930830039525692
0.91897233201581
0.0691699604743083
0.0375494071146245
0.0177865612648221
0.901185770750988
0.00395256916996047
0.0612648221343874
0.00395256916996047
0.873517786561265
0.877470355731225
0.883399209486166
0.794466403162055
0.569169960474308
0.432806324110672
1
0.405138339920949
0.964426877470356
0.877470355731225
0.367588932806324
0.891304347826087
0.0810276679841897
0.0790513833992095
0.731225296442688
0.804347826086957
0.786561264822134
0.359683794466403
0.33201581027668
0.0454545454545455
0.00395256916996047
0.00592885375494071
0.114624505928854
0.00592885375494071
0.256916996047431
1
1
0.964426877470356
0.861660079051383
0.0158102766798419
0.132411067193676
0.134387351778656
0.0790513833992095
0.727272727272727
0.735177865612648
0.804347826086957
0.361660079051383
0.33399209486166
0.6699604743083
0.547430830039526
0.630434782608696
0.280632411067194
1
0.181818181818182
0.0158102766798419
0.889328063241107
0.873517786561265
0.381422924901186
0.381422924901186
0.363636363636364
0.33201581027668
0.324110671936759
0.790513833992095
0.197628458498024
0.286561264822134
0.0988142292490119
0.0138339920948617
0.00988142292490119
1
1
0.808300395256917
0.948616600790514
0.930830039525692
0.0632411067193676
0.0711462450592885
0.820158102766798
0.822134387351779
0.873517786561265
0.865612648221344
0.377470355731225
0.458498023715415
0.00395256916996047
0.0652173913043478
0.00790513833992095
0.0217391304347826
0.00197628458498024
0.658102766798419
0.138339920948617
0.0474308300395257
0.0158102766798419
0.0612648221343874
1
1
0.00790513833992095
0.0118577075098814
0.00790513833992095
0.976284584980237
0.974308300395257
0.972332015810277
0.968379446640316
0.960474308300395
0.00592885375494071
0.656126482213439
0.656126482213439
0.737154150197628
0.737154150197628
0.00395256916996047
0.00592885375494071
0.588932806324111
0.00395256916996047
0.545454545454545
0.0296442687747036
0.0118577075098814
0.0316205533596838
1
0.0118577075098814
0.00790513833992095
0.00592885375494071
0.00790513833992095
0.00395256916996047
0.968379446640316
0.960474308300395
0.16403162055336
0.731225296442688
0.245059288537549
0.130434782608696
0.606719367588933
0.654150197628458
0.58498023715415
0.630434782608696
0.828063241106719
0.0296442687747036
0.033596837944664
1
0.00790513833992095
0.0909090909090909
0.075098814229249
0.075098814229249
0.132411067193676
0.00790513833992095
0.869565217391304
0.243083003952569
0.239130434782609
0.264822134387352
0.766798418972332
0.00197628458498024
0.638339920948617
0.640316205533597
0.762845849802372
1
1
0.99802371541502
0.99604743083004
0.814229249011858
0.0889328063241107
0.760869565217391
0.804347826086957
0.729249011857708
0.705533596837945
0.00395256916996047
0.0138339920948617
0.00197628458498024
0.885375494071146
0.883399209486166
0.897233201581028
0.0513833992094862
0.618577075098814
0.638339920948617
0.626482213438735
0.00197628458498024
0.122529644268775
0.887351778656126
1
0.99802371541502
0.992094861660079
0.952569169960474
0.596837944664032
0.0316205533596838
0.343873517786561
0.381422924901186
0.033596837944664
0.185770750988142
0.187747035573123
0.130434782608696
0.110671936758893
0.00988142292490119
0.00395256916996047
0.00592885375494071
0.00592885375494071
0.883399209486166
0.885375494071146
0.885375494071146
1
1
0.994071146245059
0.990118577075099
0.952569169960474
0.0276679841897233
0.142292490118577
0.0217391304347826
0.0237154150197628
0.0197628458498024
0.00395256916996047
0.110671936758893
0.0355731225296443
0.762845849802372
0.0296442687747036
0.00197628458498024
0.00395256916996047
0.00988142292490119
0.885375494071146
1
0.99802371541502
0.99604743083004
0.994071146245059
0.992094861660079
0.41699604743083
0.0158102766798419
0.399209486166008
0.239130434782609
0.225296442687747
0.671936758893281
0.66600790513834
0.640316205533597
0.136363636363636
0.0375494071146245
0.033596837944664
0.381422924901186
0.41501976284585
0.735177865612648
1
0.99802371541502
0.994071146245059
0.994071146245059
0.557312252964427
0.553359683794466
0.397233201581028
0.154150197628458
0.0395256916996047
0.1699604743083
0.735177865612648
1
0.99802371541502
0.474308300395257
0.00395256916996047
0.310276679841897
0.199604743083004
0.743083003952569
0.853754940711462
0.851778656126482
0.00988142292490119
0.8300395256917
0.8300395256917
0.122529644268775
0.6699604743083
1
1
0.480237154150198
0.474308300395257
0.0573122529644269
0.0592885375494071
0.0158102766798419
0.853754940711462
0.00395256916996047
0.00395256916996047
0.826086956521739
0.826086956521739
0.822134387351779
0.818181818181818
0.818181818181818
0.264822134387352
0.1699604743083
0.130434782608696
0.662055335968379
1
0.932806324110672
0.00395256916996047
0.225296442687747
0.221343873517787
0.278656126482213
0.790513833992095
0.735177865612648
0.909090909090909
0.104743083003953
0.150197628458498
0.144268774703557
0.420948616600791
0.428853754940711
0.0810276679841897
0.08300395256917
0.203557312252964
0.217391304347826
1
0.99604743083004
0.99604743083004
0.930830039525692
0.16600790513834
0.66600790513834
0.361660079051383
0.0177865612648221
0.0592885375494071
0.041501976284585
0.857707509881423
0.592885375494071
0.58695652173913
0.58498023715415
0.58300395256917
0.594861660079051
1
1
0.99604743083004
0.986166007905138
0.986166007905138
0.41897233201581
0.0118577075098814
0.0138339920948617
0.345849802371542
0.343873517786561
0.00395256916996047
0.00790513833992095
0.256916996047431
0.802371541501976
0.00592885375494071
0.150197628458498
0.150197628458498
0.0968379446640316
1
0.705533596837945
0.203557312252964
0.397233201581028
0.608695652173913
0.00592885375494071
0.543478260869565
0.543478260869565
0.802371541501976
0.804347826086957
0.0573122529644269
0.148221343873518
0.148221343873518
1
0.768774703557312
0.762845849802372
0.764822134387352
0.760869565217391
0.160079051383399
0.0454545454545455
0.0494071146245059
0.644268774703557
0.286561264822134
0.646245059288538
0.812252964426877
0.227272727272727
0.112648221343874
0.0375494071146245
0.41304347826087
0.456521739130435
0.855731225296443
0.792490118577075
0.699604743083004
1
0.99604743083004
0.762845849802372
0.764822134387352
0.395256916996047
0.122529644268775
0.1699604743083
0.41501976284585
0.756916996047431
0.00592885375494071
0.239130434782609
0.239130434782609
0.0375494071146245
0.442687747035573
0.456521739130435
0.456521739130435
0.853754940711462
0.853754940711462
0.104743083003953
0.879446640316206
1
1
1
0.984189723320158
0.339920948616601
0.0138339920948617
0.00592885375494071
0.00395256916996047
0.16403162055336
0.00395256916996047
0.316205533596838
0.316205533596838
0.569169960474308
0.58102766798419
0.00790513833992095
0.58102766798419
0.262845849802372
0.288537549407115
0.290513833992095
0.0671936758893281
0.662055335968379
0.612648221343874
0.614624505928854
0.662055335968379
1
1
1
0.450592885375494
0.00197628458498024
0.16600790513834
0.16403162055336
0.952569169960474
0.341897233201581
0.00790513833992095
0.122529644268775
0.120553359683794
0.116600790513834
0.0592885375494071
0.0573122529644269
0.0158102766798419
0.573122529644269
0.573122529644269
0.58498023715415
0.284584980237154
0.290513833992095
0.104743083003953
0.662055335968379
0.033596837944664
1
0.99802371541502
0.99802371541502
0.150197628458498
0.861660079051383
0.703557312252964
0.0237154150197628
0.0118577075098814
0.00592885375494071
0.814229249011858
0.812252964426877
0.814229249011858
0.859683794466403
0.0158102766798419
0.00592885375494071
0.0118577075098814
0.00197628458498024
0.00395256916996047
0.00592885375494071
0.0118577075098814
0.0197628458498024
1
0.99802371541502
0.266798418972332
0.869565217391304
0.0513833992094862
0.0177865612648221
0.0770750988142292
0.0632411067193676
0.235177865612648
0.122529644268775
0.0276679841897233
0.00592885375494071
0.00988142292490119
1
1
0.634387351778656
0.614624505928854
0.592885375494071
0.391304347826087
0.401185770750988
0.0632411067193676
0.0671936758893281
0.0849802371541502
0.422924901185771
0.808300395256917
0.756916996047431
0.758893280632411
0.903162055335968
0.217391304347826
0.199604743083004
0.1699604743083
0.0869565217391304
0.112648221343874
0.0573122529644269
0.711462450592885
0.820158102766798
1
0.636363636363636
0.614624505928854
0.614624505928854
0.399209486166008
0.403162055335968
0.397233201581028
0.5
0.00790513833992095
0.00988142292490119
0.00790513833992095
0.41897233201581
0.877470355731225
0.818181818181818
0.798418972332016
0.756916996047431
0.00395256916996047
0.0217391304347826
0.0256916996047431
0.1699604743083
0.185770750988142
0.08300395256917
0.110671936758893
0.120553359683794
1
0.430830039525692
0.426877470355731
0.272727272727273
0.74901185770751
0.0296442687747036
0.0237154150197628
0.0158102766798419
0.899209486166008
0.802371541501976
0.00395256916996047
0.00197628458498024
0.446640316205534
0.446640316205534
1
1
0.545454545454545
0.539525691699605
0.541501976284585
0.533596837944664
0.462450592885375
0.484189723320158
0.0276679841897233
0.0296442687747036
0.0177865612648221
0.893280632411067
0.808300395256917
0.00790513833992095
0.124505928853755
0.00790513833992095
0.00790513833992095
0.00592885375494071
0.215415019762846
