0.689723320158103
0.685770750988142
0.312252964426877
0.310276679841897
0.58300395256917
0.739130434782609
0.0553359683794466
0.0118577075098814
0.00395256916996047
0.515810276679842
0.16798418972332
0.0177865612648221
0.0197628458498024
0.128458498023715
0.177865612648221
0.0474308300395257
0.00988142292490119
0.00592885375494071
0.66403162055336
0.66600790513834
0.689723320158103
0.683794466403162
0.260869565217391
0.264822134387352
0.110671936758893
0.130434782608696
0.571146245059289
0.371541501976285
0.298418972332016
0.296442687747036
0.308300395256917
0.304347826086957
0.527667984189723
0.539525691699605
0.00197628458498024
0.116600790513834
0.114624505928854
0.033596837944664
0.745059288537549
0.743083003952569
0.367588932806324
0.897233201581028
0.24703557312253
0.235177865612648
1
0.99802371541502
0.899209486166008
0.00790513833992095
0.171936758893281
0.138339920948617
0.0256916996047431
0.760869565217391
0.00395256916996047
0.203557312252964
0.0869565217391304
0.00395256916996047
0.197628458498024
0.709486166007905
0.00790513833992095
0.144268774703557
0.0909090909090909
0.0988142292490119
0.0197628458498024
0.399209486166008
0.0434782608695652
0.00790513833992095
0.033596837944664
0.00395256916996047
0.211462450592885
0.207509881422925
0.203557312252964
0.640316205533597
0.00395256916996047
0.0217391304347826
0.140316205533597
0.126482213438735
0.0533596837944664
0.8300395256917
0.845849802371542
0.837944664031621
1
0.326086956521739
0.579051383399209
0.575098814229249
0.156126482213439
0.0474308300395257
0.00395256916996047
0.49802371541502
0.148221343873518
0.0454545454545455
0.00592885375494071
0.0177865612648221
0.0118577075098814
0.0158102766798419
1
0.99604743083004
0.579051383399209
0.573122529644269
0.577075098814229
0.395256916996047
0.411067193675889
0.245059288537549
0.239130434782609
0.175889328063241
0.00790513833992095
0.5
0.401185770750988
0.0375494071146245
0.887351778656126
0.256916996047431
0.743083003952569
0.739130434782609
0.561264822134387
0.537549407114625
0.0375494071146245
0.387351778656126
0.577075098814229
0.41501976284585
0.0158102766798419
0.0158102766798419
0.136363636363636
0.00395256916996047
0.0612648221343874
0.00197628458498024
0.681818181818182
0.00592885375494071
0.0256916996047431
0.741106719367589
0.0158102766798419
0.00395256916996047
0.654150197628458
0.0138339920948617
0.00395256916996047
0.899209486166008
0.223320158102767
0.0810276679841897
0.00197628458498024
0.00395256916996047
0.00592885375494071
0.723320158102767
0.0316205533596838
0.0158102766798419
0.00197628458498024
1
0.99604743083004
0.3300395256917
0.897233201581028
0.889328063241107
0.108695652173913
0.0889328063241107
0.0454545454545455
0.118577075098814
0.0355731225296443
0.0177865612648221
0.00197628458498024
0.938735177865613
0.938735177865613
0.132411067193676
1
0.99604743083004
0.272727272727273
0.171936758893281
0.780632411067194
0.66600790513834
0.16798418972332
0.0276679841897233
0.0158102766798419
0.00197628458498024
0.0158102766798419
0.0237154150197628
0.00197628458498024
0.00395256916996047
0.946640316205534
0.367588932806324
0.622529644268775
0.66403162055336
0.557312252964427
0.549407114624506
0.448616600790514
0.537549407114625
0.899209486166008
0.0533596837944664
0.00197628458498024
0.0652173913043478
0.033596837944664
0.00790513833992095
0.262845849802372
1
0.367588932806324
0.367588932806324
0.158102766798419
0.108695652173913
0.0434782608695652
0.0474308300395257
0.0197628458498024
0.379446640316206
0.565217391304348
0.00395256916996047
0.0138339920948617
0.0276679841897233
0.00790513833992095
0.0355731225296443
0.873517786561265
0.873517786561265
0.865612648221344
0.276679841897233
0.237154150197628
0.300395256916996
0.300395256916996
0.936758893280632
0.0612648221343874
0.0592885375494071
0.270750988142292
0.00988142292490119
0.203557312252964
0.0256916996047431
0.0177865612648221
0.00988142292490119
0.0928853754940712
0.873517786561265
0.361660079051383
0.622529644268775
0.464426877470356
0.284584980237154
0.146245059288538
0.142292490118577
0.0691699604743083
0.0652173913043478
0.144268774703557
0.0158102766798419
0.00592885375494071
0.691699604743083
0.592885375494071
0.444664031620553
1
0.355731225296443
0.041501976284585
0.681818181818182
0.393280632411067
0.41699604743083
0.403162055335968
0.458498023715415
0.343873517786561
0.806324110671937
0.0138339920948617
0.00988142292490119
0.00592885375494071
0.543478260869565
0.543478260869565
0.367588932806324
0.636363636363636
0.638339920948617
0.671936758893281
0.671936758893281
0.472332015810277
0.195652173913043
0.138339920948617
0.0256916996047431
0.393280632411067
0.405138339920949
0.00592885375494071
0.0118577075098814
0.0533596837944664
0.343873517786561
0.806324110671937
0.561264822134387
0.891304347826087
0.897233201581028
0.893280632411067
0.00197628458498024
0.00197628458498024
0.00988142292490119
0.0237154150197628
0.760869565217391
0.339920948616601
0.826086956521739
0.00197628458498024
0.00790513833992095
0.00197628458498024
0.0138339920948617
0.0177865612648221
0.930830039525692
0.928853754940711
0.0118577075098814
0.00395256916996047
0.91897233201581
1
0.99802371541502
0.986166007905138
0.988142292490119
0.992094861660079
0.766798418972332
0.820158102766798
0.0197628458498024
0.0177865612648221
0.00395256916996047
0.58102766798419
0.579051383399209
0.0237154150197628
0.0158102766798419
0.00790513833992095
0.0138339920948617
0.00592885375494071
0.861660079051383
0.91699604743083
0.91897233201581
0.328063241106719
0.156126482213439
0.992094861660079
0.660079051383399
0.0671936758893281
0.0533596837944664
0.0296442687747036
0.00395256916996047
0.00395256916996047
0.555335968379447
0.553359683794466
0.91304347826087
0.00790513833992095
0.636363636363636
0.642292490118577
0.673913043478261
0.0138339920948617
1
0.99802371541502
0.156126482213439
0.660079051383399
0.91699604743083
0.00197628458498024
0.0158102766798419
0.0158102766798419
0.555335968379447
0.879446640316206
0.120553359683794
0.0691699604743083
0.241106719367589
0.154150197628458
0.310276679841897
0.871541501976285
0.160079051383399
0.00395256916996047
0.0177865612648221
0.0138339920948617
0.00988142292490119
0.00395256916996047
0.924901185770751
0.911067193675889
1
0.99802371541502
0.310276679841897
0.869565217391304
0.717391304347826
0.322134387351779
0.0237154150197628
0.00395256916996047
0.00197628458498024
0.598814229249012
0.00197628458498024
0.00790513833992095
0.0316205533596838
0.91501976284585
0.91304347826087
0.924901185770751
0.592885375494071
0.239130434782609
0.308300395256917
0.0118577075098814
0.486166007905138
0.102766798418972
0.110671936758893
0.0652173913043478
0.0217391304347826
0.00197628458498024
0.940711462450593
0.1699604743083
1
0.994071146245059
0.992094861660079
0.132411067193676
0.00395256916996047
0.802371541501976
0.264822134387352
0.270750988142292
0.268774703557312
0.00592885375494071
0
0.480237154150198
0.476284584980237
0.00395256916996047
0.0158102766798419
0.0612648221343874
0.0197628458498024
0.322134387351779
0.00395256916996047
1
0.99802371541502
0.341897233201581
0.282608695652174
0.0118577075098814
0.968379446640316
0.0770750988142292
0.0612648221343874
0.0355731225296443
0.0276679841897233
0.0138339920948617
0.822134387351779
0.798418972332016
1
0.99604743083004
0.322134387351779
0.588932806324111
0.102766798418972
0.00592885375494071
0.00197628458498024
0.0177865612648221
0.571146245059289
0.00988142292490119
0.00790513833992095
0.33596837944664
0.859683794466403
0.871541501976285
0.875494071146245
0.25296442687747
0.0197628458498024
0.00592885375494071
0.00197628458498024
0.0197628458498024
0.00988142292490119
1
0.99604743083004
0.391304347826087
0.1699604743083
0.480237154150198
0.480237154150198
0.531620553359684
0.00197628458498024
0.152173913043478
0.0612648221343874
0.00592885375494071
0.600790513833992
0.642292490118577
0.175889328063241
0.181818181818182
0.033596837944664
0.0217391304347826
0.00988142292490119
0.00197628458498024
0.725296442687747
0.549407114624506
0.614624505928854
0.00395256916996047
0.0948616600790514
0.804347826086957
0.887351778656126
0.881422924901186
0.221343873517787
0.0533596837944664
0.033596837944664
0.171936758893281
0.737154150197628
0.0652173913043478
0.0573122529644269
1
0.256916996047431
0.3300395256917
0.33399209486166
0.608695652173913
0.00395256916996047
0.0691699604743083
0.369565217391304
0.0434782608695652
0.00988142292490119
0.00790513833992095
0.887351778656126
0.885375494071146
0.223320158102767
0.0434782608695652
0.173913043478261
0.171936758893281
0.187747035573123
0.0968379446640316
0.0355731225296443
0.041501976284585
0.292490118577075
0.280632411067194
0.0513833992094862
0.00790513833992095
0.934782608695652
0.0849802371541502
0.571146245059289
0.940711462450593
0.25296442687747
0.237154150197628
0.217391304347826
0.855731225296443
0.612648221343874
0.0355731225296443
0.577075098814229
0.705533596837945
0.701581027667984
0.322134387351779
0.300395256916996
0.0395256916996047
0.0217391304347826
0.00790513833992095
0.58498023715415
0.00790513833992095
0.00395256916996047
0.717391304347826
0.91897233201581
0.300395256916996
0.480237154150198
0.00592885375494071
0.033596837944664
0.00988142292490119
0.909090909090909
0.642292490118577
0.891304347826087
0.345849802371542
0.231225296442688
0.563241106719368
0.719367588932806
0.00592885375494071
0.513833992094862
0.515810276679842
0.523715415019763
0.270750988142292
0.00197628458498024
0.0889328063241107
0.00197628458498024
0.0434782608695652
0.909090909090909
0.648221343873518
0.891304347826087
0.260869565217391
0.235177865612648
0.0138339920948617
0.0276679841897233
0.517786561264822
0.266798418972332
0.486166007905138
0.195652173913043
0.25098814229249
0.948616600790514
0.944664031620553
0.00790513833992095
0.0988142292490119
0.0948616600790514
0.00395256916996047
0.946640316205534
0.0296442687747036
0.926877470355731
0.126482213438735
0.0177865612648221
0.00395256916996047
0.00197628458498024
0.00197628458498024
0.00592885375494071
0.00197628458498024
0.944664031620553
0.934782608695652
0.241106719367589
0.276679841897233
0.539525691699605
0.537549407114625
0.322134387351779
0.328063241106719
0.531620553359684
0.0711462450592885
0.0652173913043478
0.0296442687747036
0.0296442687747036
0.00395256916996047
0.851778656126482
0.00197628458498024
0.00395256916996047
0.875494071146245
0.889328063241107
0.00592885375494071
0.290513833992095
0.104743083003953
0.0770750988142292
0.041501976284585
0.00395256916996047
0.0118577075098814
0.0276679841897233
0.00395256916996047
0.00988142292490119
0.00197628458498024
0.899209486166008
0.895256916996047
0.0889328063241107
0.0849802371541502
0.100790513833992
0.286561264822134
0.102766798418972
0.00395256916996047
0.0612648221343874
0.0316205533596838
0.899209486166008
0.897233201581028
0.270750988142292
0.266798418972332
0.138339920948617
0.0474308300395257
0.150197628458498
0.108695652173913
0.0118577075098814
0.310276679841897
0.306324110671937
0.745059288537549
0.203557312252964
0.197628458498024
0.517786561264822
0.288537549407115
0.298418972332016
0.409090909090909
0.411067193675889
0.132411067193676
0.0316205533596838
0.527667984189723
0.8300395256917
0.824110671936759
0.887351778656126
0.877470355731225
0.00395256916996047
0.0276679841897233
0.00988142292490119
0.685770750988142
0.683794466403162
0.681818181818182
0.984189723320158
0.203557312252964
0.201581027667984
0.201581027667984
0.0454545454545455
0.0355731225296443
0.0158102766798419
0.00197628458498024
0.00197628458498024
0.0454545454545455
0.0355731225296443
0.739130434782609
0.735177865612648
0.401185770750988
0.399209486166008
0.405138339920949
0.0632411067193676
0.0434782608695652
0.00988142292490119
0.484189723320158
0.0158102766798419
0.0118577075098814
0.709486166007905
0.1699604743083
0.114624505928854
0.0849802371541502
0.00197628458498024
0.735177865612648
0.523715415019763
0.00395256916996047
0.00395256916996047
0.280632411067194
0.0177865612648221
0.859683794466403
0.00988142292490119
0.871541501976285
0.932806324110672
0.175889328063241
0.00395256916996047
0.766798418972332
0.766798418972332
1
0.99604743083004
0.557312252964427
0.733201581027668
0.207509881422925
0.100790513833992
0.0454545454545455
0.0217391304347826
0.0138339920948617
0.0296442687747036
0.08300395256917
0.00197628458498024
1
0.99604743083004
0.992094861660079
0.353754940711462
0.371541501976285
0.369565217391304
0.436758893280632
0.359683794466403
0.112648221343874
0.183794466403162
0.203557312252964
0.175889328063241
0.126482213438735
0.00395256916996047
0.0256916996047431
0.00592885375494071
0.00592885375494071
0.00197628458498024
0.116600790513834
0.0988142292490119
0.0988142292490119
0.0177865612648221
0.00592885375494071
0.379446640316206
0.403162055335968
0.0217391304347826
0.448616600790514
0.375494071146245
0.00988142292490119
0.00395256916996047
0.00395256916996047
0.156126482213439
0.00395256916996047
0.0158102766798419
0.41699604743083
0.312252964426877
0.322134387351779
0.606719367588933
0.203557312252964
0.197628458498024
0.0790513833992095
0.0533596837944664
0.0474308300395257
0.0316205533596838
0.0158102766798419
0.00395256916996047
0.00988142292490119
0.00988142292490119
0.812252964426877
0.00395256916996047
0.00197628458498024
1
0.545454545454545
0.537549407114625
0.235177865612648
0.256916996047431
0.122529644268775
0.114624505928854
0.828063241106719
0.0869565217391304
0.0909090909090909
0.132411067193676
0.00197628458498024
0.033596837944664
0.889328063241107
0.837944664031621
0.839920948616601
0.359683794466403
0.0869565217391304
0.0513833992094862
0.0296442687747036
0.0138339920948617
0.041501976284585
0.191699604743083
0.0770750988142292
0.545454545454545
0.539525691699605
0.535573122529644
0.25296442687747
0.25098814229249
0.150197628458498
0.00592885375494071
0.00395256916996047
0.0118577075098814
0.0217391304347826
0.0118577075098814
0.885375494071146
0.893280632411067
0.889328063241107
0.0375494071146245
0.33399209486166
0.468379446640316
0.557312252964427
0.559288537549407
0.191699604743083
0.203557312252964
0.877470355731225
0.873517786561265
0.754940711462451
0.075098814229249
0.0948616600790514
0.00790513833992095
0.531620553359684
0.0711462450592885
0.0118577075098814
0.00395256916996047
0.420948616600791
0.622529644268775
0.620553359683794
0.262845849802372
0.264822134387352
0.0968379446640316
0.0118577075098814
0.144268774703557
0.877470355731225
0.873517786561265
0.104743083003953
0.828063241106719
0.529644268774704
0.296442687747036
0.486166007905138
0.486166007905138
0.0691699604743083
0.00790513833992095
0.478260869565217
0.523715415019763
0.264822134387352
0.262845849802372
0.0770750988142292
0.0652173913043478
0.0118577075098814
0.0355731225296443
0.786561264822134
0.780632411067194
0.209486166007905
0.642292490118577
0.472332015810277
0.83201581027668
0.626482213438735
0.0118577075098814
0.00592885375494071
0.837944664031621
0.729249011857708
0.776679841897233
0.776679841897233
0.764822134387352
0.454545454545455
0.454545454545455
0.0237154150197628
0.786561264822134
0.786561264822134
0.128458498023715
0.209486166007905
0.122529644268775
0.173913043478261
0.197628458498024
0.16798418972332
0.727272727272727
0.0592885375494071
0.140316205533597
0.774703557312253
0.772727272727273
0.00197628458498024
0.102766798418972
0.120553359683794
0.0533596837944664
0.00395256916996047
0.0177865612648221
0.104743083003953
0.108695652173913
0.0395256916996047
0.00197628458498024
0.215415019762846
0.203557312252964
0.177865612648221
0.245059288537549
0.624505928853755
0.041501976284585
0.0296442687747036
0.0276679841897233
0.041501976284585
0.075098814229249
0.0553359683794466
0.0276679841897233
0.00790513833992095
0.899209486166008
0.907114624505929
0.553359683794466
0.00790513833992095
0.99604743083004
0.994071146245059
0.970355731225296
0.754940711462451
0.292490118577075
0.0731225296442688
0.0592885375494071
0.0573122529644269
0.041501976284585
0.075098814229249
0.0533596837944664
0.0276679841897233
0.0177865612648221
0.0217391304347826
0.839920948616601
0.160079051383399
0.782608695652174
0.778656126482213
0.545454545454545
0.268774703557312
0.519762845849802
0.00395256916996047
0.25098814229249
0.24901185770751
0.209486166007905
0.201581027667984
0.106719367588933
0.116600790513834
0.0256916996047431
0.00395256916996047
0.00592885375494071
0.0434782608695652
0.0158102766798419
0.780632411067194
0.776679841897233
0.114624505928854
0.130434782608696
0.0889328063241107
0.484189723320158
0.901185770750988
0.138339920948617
0.0513833992094862
0.00197628458498024
0.0217391304347826
0.0256916996047431
0.984189723320158
0.837944664031621
0.822134387351779
0.756916996047431
0.237154150197628
0.0296442687747036
0.227272727272727
0.0770750988142292
0.0632411067193676
0.00790513833992095
0.0177865612648221
0.49802371541502
0.713438735177866
0.719367588932806
0.16403162055336
0.0158102766798419
0.00395256916996047
1
0.99802371541502
0.984189723320158
0.8300395256917
0.822134387351779
0.351778656126482
0.353754940711462
0.448616600790514
0.130434782608696
0.320158102766798
0.112648221343874
0.0158102766798419
0.0237154150197628
0.0355731225296443
0.203557312252964
0.16600790513834
0.160079051383399
0.0948616600790514
0.99802371541502
0.112648221343874
0.100790513833992
0.177865612648221
0.138339920948617
0.0790513833992095
0.0711462450592885
0.0691699604743083
0.00988142292490119
0.683794466403162
0.683794466403162
0.241106719367589
0.0138339920948617
0.114624505928854
0.0592885375494071
0.0355731225296443
0.0158102766798419
0.00790513833992095
0.189723320158103
0.671936758893281
1
0.99802371541502
0.875494071146245
0.735177865612648
0.00197628458498024
0.185770750988142
0.0276679841897233
0.00197628458498024
0.337944664031621
0.154150197628458
0.343873517786561
0.0968379446640316
0.041501976284585
0.0296442687747036
0.873517786561265
0.877470355731225
0.701581027667984
0.697628458498024
0.0573122529644269
0.0434782608695652
0.00592885375494071
0.879446640316206
0.871541501976285
0.689723320158103
0.624505928853755
0.00592885375494071
0.0454545454545455
0.00790513833992095
0.00197628458498024
0.16798418972332
0.1699604743083
0.16798418972332
0.0316205533596838
0.00790513833992095
0.00395256916996047
0.922924901185771
0.91699604743083
0.270750988142292
0.622529644268775
0.881422924901186
0.871541501976285
0.0158102766798419
0.300395256916996
0.146245059288538
0.0928853754940712
0.0592885375494071
0.0513833992094862
0.00197628458498024
0.00592885375494071
0.0355731225296443
0.033596837944664
0.0217391304347826
0.0177865612648221
0.91699604743083
0.867588932806324
0.559288537549407
0.557312252964427
0.555335968379447
0.128458498023715
0.130434782608696
0.361660079051383
0.359683794466403
0.357707509881423
0.519762845849802
0.0316205533596838
0.0118577075098814
0.231225296442688
0.219367588932806
0.207509881422925
0.00395256916996047
0.440711462450593
0.134387351778656
0.132411067193676
0.859683794466403
0.0849802371541502
0.446640316205534
0.0158102766798419
0.440711462450593
0.438735177865613
0.436758893280632
0.0691699604743083
0.0810276679841897
0.00197628458498024
0.322134387351779
0.102766798418972
0.235177865612648
0.282608695652174
0.409090909090909
0.201581027667984
0.691699604743083
0.656126482213439
0.235177865612648
0.239130434782609
0.0988142292490119
0.521739130434783
0.0395256916996047
0.875494071146245
0.266798418972332
0.731225296442688
0.0158102766798419
0.802371541501976
0.798418972332016
0.788537549407115
0.217391304347826
0.0197628458498024
0.128458498023715
0.126482213438735
0.0316205533596838
0.00790513833992095
0.0474308300395257
0.58102766798419
0.122529644268775
0.0671936758893281
0.0276679841897233
0.00592885375494071
0.227272727272727
0.235177865612648
0.126482213438735
0.804347826086957
0.802371541501976
0.784584980237154
0.245059288537549
0.446640316205534
0.446640316205534
0.444664031620553
0.00395256916996047
0.58102766798419
0.577075098814229
0.409090909090909
0.426877470355731
0.0237154150197628
0.227272727272727
0.112648221343874
0.0177865612648221
0.128458498023715
0.126482213438735
1
0.99604743083004
0.411067193675889
0.41304347826087
0.434782608695652
0.00592885375494071
0.00395256916996047
0.0118577075098814
0.00395256916996047
0.033596837944664
0.229249011857708
0.662055335968379
0.075098814229249
0.0158102766798419
0.114624505928854
0.177865612648221
0.863636363636364
1
0.99604743083004
0.359683794466403
0.363636363636364
0.361660079051383
0.128458498023715
0.515810276679842
0.0138339920948617
0.00592885375494071
0.00592885375494071
0.256916996047431
0.264822134387352
0.260869565217391
0.116600790513834
0.00592885375494071
0.0316205533596838
0.855731225296443
0.855731225296443
0.922924901185771
0.00592885375494071
0.341897233201581
0.75296442687747
0.243083003952569
0.25296442687747
0.00395256916996047
0.0355731225296443
0.00592885375494071
0.00395256916996047
0.727272727272727
0.662055335968379
0.658102766798419
0.511857707509881
0.00197628458498024
0.00790513833992095
0.614624505928854
0.00197628458498024
0.00592885375494071
0.00395256916996047
0.136363636363636
0.203557312252964
0.256916996047431
0.100790513833992
0.00395256916996047
0.0197628458498024
0.743083003952569
0.349802371541502
0.185770750988142
0.00790513833992095
0.0276679841897233
0.579051383399209
0.555335968379447
0.24901185770751
0.292490118577075
0.193675889328063
0.128458498023715
0.122529644268775
0.0454545454545455
0.0296442687747036
0.00592885375494071
0.00790513833992095
0.820158102766798
0.00197628458498024
0.0158102766798419
0.881422924901186
1
0.490118577075099
0.577075098814229
0.575098814229249
0.673913043478261
0.193675889328063
0.154150197628458
0.312252964426877
0.203557312252964
0.0217391304347826
0.00988142292490119
0.0118577075098814
0.911067193675889
0.130434782608696
0.100790513833992
1
0.367588932806324
0.359683794466403
0.0355731225296443
0.519762845849802
0.148221343873518
0.0731225296442688
0.0573122529644269
0.0296442687747036
0.0296442687747036
0.907114624505929
0.345849802371542
0.776679841897233
1
0.624505928853755
0.622529644268775
0.620553359683794
0.875494071146245
0.0296442687747036
0.0217391304347826
0.393280632411067
0.391304347826087
0.00790513833992095
0.0810276679841897
0.0217391304347826
0.0158102766798419
0.00395256916996047
0.00592885375494071
0.932806324110672
0.347826086956522
0.0869565217391304
0.075098814229249
0.033596837944664
0.0118577075098814
0.0968379446640316
0.0513833992094862
0.0316205533596838
0.614624505928854
0.802371541501976
0.804347826086957
0.804347826086957
0.00197628458498024
0.58695652173913
0.691699604743083
0.328063241106719
0.1699604743083
0.00592885375494071
0.237154150197628
0.0395256916996047
0.0217391304347826
0.0177865612648221
0.00988142292490119
0.891304347826087
1
0.99802371541502
0.99604743083004
0.296442687747036
0.00592885375494071
0.612648221343874
0.802371541501976
0.804347826086957
0.185770750988142
0.16798418972332
0.626482213438735
0.0671936758893281
0.320158102766798
0.1699604743083
0.243083003952569
0.401185770750988
0.328063241106719
0.318181818181818
0.845849802371542
0.195652173913043
0.0909090909090909
0.08300395256917
0.0237154150197628
0.0217391304347826
0.00988142292490119
0.385375494071146
0.381422924901186
0.120553359683794
0.209486166007905
0.0928853754940712
0.033596837944664
0.0276679841897233
1
0.964426877470356
0.960474308300395
0.74703557312253
0.841897233201581
0.298418972332016
0.284584980237154
0.0237154150197628
0.0118577075098814
0.00592885375494071
0.387351778656126
0.385375494071146
0.349802371541502
0.138339920948617
1
0.549407114624506
0.555335968379447
0.553359683794466
0.243083003952569
0.227272727272727
0.567193675889328
0.104743083003953
0.041501976284585
0.00790513833992095
0.0671936758893281
0.033596837944664
0.468379446640316
0.0158102766798419
0.0138339920948617
0.0138339920948617
0.796442687747036
0.00592885375494071
0.142292490118577
0.130434782608696
0.703557312252964
0.00395256916996047
1
0.99604743083004
0.527667984189723
0.505928853754941
0.0197628458498024
0.00592885375494071
0.00395256916996047
0.800395256916996
0.116600790513834
0.114624505928854
0.0573122529644269
0.0197628458498024
0.00197628458498024
0.0316205533596838
0.00197628458498024
0.140316205533597
0.0217391304347826
0.00197628458498024
0.102766798418972
0.100790513833992
1
0.99604743083004
0.517786561264822
0.505928853754941
0.513833992094862
0.511857707509881
0.256916996047431
0.24703557312253
0.00395256916996047
0.132411067193676
0.00395256916996047
0.00790513833992095
0.146245059288538
0.195652173913043
0.201581027667984
0.766798418972332
0.764822134387352
0.909090909090909
0.74901185770751
0.122529644268775
0.0671936758893281
0.00395256916996047
0.934782608695652
0.930830039525692
0.274703557312253
0.0869565217391304
0.618577075098814
0.245059288537549
0.375494071146245
0.74901185770751
0.0138339920948617
0.00395256916996047
0.154150197628458
0.711462450592885
0.885375494071146
0.895256916996047
0.936758893280632
0.932806324110672
0.930830039525692
0.288537549407115
0.407114624505929
0.00395256916996047
0.0197628458498024
0.322134387351779
0.322134387351779
0.154150197628458
0.0612648221343874
0.041501976284585
0.885375494071146
0.0177865612648221
0.00988142292490119
1
0.99802371541502
0.231225296442688
0.00988142292490119
0.00395256916996047
0.780632411067194
0.00988142292490119
0.00592885375494071
0.00197628458498024
0.00395256916996047
0.0158102766798419
0.0573122529644269
0.91501976284585
0.640316205533597
0.268774703557312
0.00395256916996047
0.0256916996047431
0.990118577075099
0.142292490118577
0.132411067193676
0.126482213438735
0.124505928853755
0.0237154150197628
0.00790513833992095
0.0355731225296443
0.889328063241107
0.891304347826087
0.594861660079051
0.920948616600791
0.632411067193676
0.0533596837944664
0.0217391304347826
0.0138339920948617
1
0.99802371541502
0.525691699604743
0.521739130434783
0.00395256916996047
0.0948616600790514
0.0197628458498024
0.00197628458498024
0.0197628458498024
0.00592885375494071
0.00395256916996047
0.0217391304347826
0.00197628458498024
0.00395256916996047
0.00197628458498024
0.0177865612648221
0.529644268774704
0.521739130434783
0.0355731225296443
0.490118577075099
0.490118577075099
0.488142292490119
0.774703557312253
0.0217391304347826
0.0276679841897233
0.00197628458498024
0.00395256916996047
0.00197628458498024
0.930830039525692
0.0316205533596838
0.0237154150197628
0.00395256916996047
0.911067193675889
0.91304347826087
0.91304347826087
0.314229249011858
0.296442687747036
0.300395256916996
0.381422924901186
0.00197628458498024
0.0138339920948617
0.146245059288538
0.545454545454545
0.523715415019763
0.577075098814229
0.577075098814229
0.928853754940711
0.0948616600790514
1
0.99802371541502
0.99604743083004
0.377470355731225
0.373517786561265
0.195652173913043
0.00790513833992095
0.233201581027668
0.233201581027668
0.616600790513834
0.557312252964427
0.0177865612648221
0.0177865612648221
0.00395256916996047
0.326086956521739
1
0.99604743083004
0.474308300395257
0.472332015810277
0.187747035573123
0.171936758893281
0.173913043478261
0.276679841897233
0.877470355731225
0.539525691699605
0.387351778656126
0.310276679841897
0.142292490118577
0.521739130434783
0.00395256916996047
0.075098814229249
0.00592885375494071
0.509881422924901
0.426877470355731
0.430830039525692
1
0.99604743083004
0.476284584980237
0.472332015810277
0.00395256916996047
0.0138339920948617
0.00395256916996047
0.08300395256917
0.602766798418972
0.397233201581028
0.391304347826087
0.160079051383399
0.0948616600790514
0.173913043478261
0.00197628458498024
0.0118577075098814
1
0.041501976284585
0.00395256916996047
0.0553359683794466
0.0138339920948617
0.50197628458498
0.806324110671937
0.814229249011858
0.756916996047431
0.847826086956522
0.847826086956522
0.936758893280632
0.91501976284585
0.849802371541502
0.116600790513834
0.0158102766798419
0.0395256916996047
0.994071146245059
0.409090909090909
0.403162055335968
0.962450592885375
0.0454545454545455
0.0217391304347826
0.0158102766798419
0.280632411067194
0.118577075098814
0.0296442687747036
0.0217391304347826
0.0118577075098814
0.142292490118577
0.0573122529644269
0.0731225296442688
0.0434782608695652
0.00395256916996047
0.00197628458498024
0.525691699604743
0.776679841897233
0.770750988142292
0.675889328063241
0.122529644268775
0.0276679841897233
0.154150197628458
0.134387351778656
0.132411067193676
0.0197628458498024
0.0276679841897233
0.00395256916996047
1
0.99802371541502
0.588932806324111
0.992094861660079
0.442687747035573
0.430830039525692
0.00395256916996047
0.776679841897233
0.772727272727273
0.268774703557312
0.126482213438735
0.126482213438735
0.00988142292490119
0.134387351778656
0.0770750988142292
0.0553359683794466
0.0197628458498024
0.0276679841897233
0.0454545454545455
0.033596837944664
0.0138339920948617
0.940711462450593
0.0632411067193676
0.869565217391304
0.956521739130435
0.687747035573123
0.948616600790514
0.725296442687747
0.389328063241107
0.177865612648221
0.00395256916996047
0.0276679841897233
1
0.0375494071146245
0.0316205533596838
0.0158102766798419
0.00395256916996047
0.0671936758893281
0.0573122529644269
0.00395256916996047
0.952569169960474
0.440711462450593
0.440711462450593
0.523715415019763
0.00592885375494071
0.00197628458498024
0.575098814229249
0.551383399209486
0.867588932806324
0.0810276679841897
0.0256916996047431
0.00197628458498024
0.00395256916996047
0.802371541501976
0.889328063241107
0.887351778656126
0.106719367588933
0.106719367588933
0.806324110671937
0.824110671936759
0.824110671936759
0.575098814229249
0.494071146245059
0.565217391304348
0.869565217391304
0.0849802371541502
0.00395256916996047
0.0494071146245059
0.0118577075098814
0.00988142292490119
0.0276679841897233
0.00395256916996047
0.075098814229249
0.00592885375494071
0.826086956521739
0.403162055335968
0.399209486166008
