1
1
0.689723320158103
0.683794466403162
0.397233201581028
0.399209486166008
0.355731225296443
0.373517786561265
0.209486166007905
0.211462450592885
0.162055335968379
0.66403162055336
0.614624505928854
0.539525691699605
0.239130434782609
0.124505928853755
0.08300395256917
0.741106719367589
0.513833992094862
0.430830039525692
0.634387351778656
0.66600790513834
1
1
0.689723320158103
0.681818181818182
0.274703557312253
0.341897233201581
0.739130434782609
0.375494071146245
0.304347826086957
0.152173913043478
0.66403162055336
0.00592885375494071
0.229249011857708
0.229249011857708
0.559288537549407
0.628458498023715
0.636363636363636
0.140316205533597
0.0138339920948617
0.640316205533597
0.320158102766798
1
1
1
0.99604743083004
0.0909090909090909
0.893280632411067
0.181818181818182
0.569169960474308
0.511857707509881
0.511857707509881
0.756916996047431
0.215415019762846
0.213438735177866
0.197628458498024
0.199604743083004
0.693675889328063
0.683794466403162
0.802371541501976
0.0909090909090909
0.0869565217391304
0.0869565217391304
0.511857707509881
0.818181818181818
1
0.897233201581028
0.893280632411067
0.893280632411067
0.474308300395257
0.0869565217391304
0.114624505928854
0.567193675889328
0.569169960474308
0.756916996047431
0.75296442687747
0.0158102766798419
0.00790513833992095
0.711462450592885
0.138339920948617
0.134387351778656
0.0573122529644269
0.681818181818182
0.693675889328063
0.699604743083004
0.794466403162055
0.820158102766798
1
1
1
0.99604743083004
0.276679841897233
0.154150197628458
0.557312252964427
0.0612648221343874
0.00592885375494071
0.478260869565217
0.484189723320158
0.434782608695652
0.839920948616601
0.444664031620553
0.5
0.877470355731225
0.00790513833992095
0.0553359683794466
0.00197628458498024
0.294466403162055
0.0474308300395257
0.0454545454545455
0.511857707509881
0.879446640316206
0.401185770750988
0.397233201581028
1
1
1
0.697628458498024
0.280632411067194
0.391304347826087
0.393280632411067
0.557312252964427
0.434782608695652
0.839920948616601
0.444664031620553
0.49802371541502
0.879446640316206
0.395256916996047
0.519762845849802
0.420948616600791
0.492094861660079
0.774703557312253
0.298418972332016
0.0158102766798419
0.0948616600790514
0.0968379446640316
0.511857707509881
0.403162055335968
0.397233201581028
0.397233201581028
1
1
0.741106719367589
0.296442687747036
0.58300395256917
0.656126482213439
0.381422924901186
0.33201581027668
0.551383399209486
0.0217391304347826
0.0177865612648221
0.907114624505929
0.845849802371542
0.839920948616601
0.616600790513834
0.634387351778656
0.136363636363636
0.00395256916996047
0.0691699604743083
0.0197628458498024
0.120553359683794
0.118577075098814
0.124505928853755
0.0256916996047431
1
1
0.743083003952569
0.739130434782609
0.737154150197628
0.00988142292490119
0.0256916996047431
0.577075098814229
0.58300395256917
0.124505928853755
0.41501976284585
0.0138339920948617
0.541501976284585
0.521739130434783
0.521739130434783
0.907114624505929
0.891304347826087
0.907114624505929
0.0533596837944664
0.841897233201581
0.849802371541502
0.233201581027668
0.828063241106719
0.00988142292490119
0.120553359683794
0.118577075098814
0.118577075098814
1
1
1
0.436758893280632
0.0573122529644269
0.296442687747036
0.300395256916996
0.0849802371541502
0.08300395256917
0.00395256916996047
0.00395256916996047
0.00197628458498024
0.118577075098814
0.118577075098814
0.0533596837944664
0.041501976284585
0.00988142292490119
0.0158102766798419
0.0158102766798419
0.00790513833992095
0.0158102766798419
0.0237154150197628
0.00197628458498024
0.942687747035573
0.944664031620553
0.946640316205534
0.946640316205534
0.946640316205534
1
1
1
0.0592885375494071
0.266798418972332
0.274703557312253
0.592885375494071
0.889328063241107
0.0889328063241107
0.0395256916996047
0.00592885375494071
0.0138339920948617
0.0454545454545455
0.0494071146245059
0.0513833992094862
0.00395256916996047
0.0118577075098814
0.883399209486166
0.885375494071146
0.00592885375494071
0.0138339920948617
0.00988142292490119
0.00197628458498024
0.946640316205534
0.936758893280632
1
0.994071146245059
0.369565217391304
0.624505928853755
0.624505928853755
0.624505928853755
0.58498023715415
0.58300395256917
0.561264822134387
0.428853754940711
0.426877470355731
0.239130434782609
0.25296442687747
0.0138339920948617
0.0494071146245059
0.0909090909090909
0.08300395256917
0.0691699604743083
0.0494071146245059
0.0454545454545455
0.0197628458498024
0.00592885375494071
0.851778656126482
1
1
1
1
0.99802371541502
0.994071146245059
0.369565217391304
0.150197628458498
0.0592885375494071
0.0177865612648221
0.553359683794466
0.802371541501976
0.405138339920949
0.446640316205534
0.359683794466403
0.25296442687747
0.195652173913043
0.41501976284585
0.420948616600791
0.0889328063241107
0.0909090909090909
0.0691699604743083
0.00790513833992095
0.0296442687747036
0.855731225296443
0.859683794466403
0.262845849802372
1
1
1
0.873517786561265
0.256916996047431
0.0671936758893281
0.205533596837945
0.205533596837945
0.0434782608695652
0.0434782608695652
0.203557312252964
0.00395256916996047
0.0237154150197628
0.00988142292490119
0.691699604743083
0.691699604743083
0.725296442687747
0.341897233201581
0.0909090909090909
1
1
0.873517786561265
0.873517786561265
0.865612648221344
0.711462450592885
0.345849802371542
0.33399209486166
0.810276679841897
0.569169960474308
0.561264822134387
0.262845849802372
0.0553359683794466
0.203557312252964
0.00592885375494071
0.203557312252964
0.691699604743083
0.721343873517787
0.590909090909091
0.592885375494071
0.590909090909091
1
1
1
0.99802371541502
0.353754940711462
0.304347826086957
0.302371541501976
0.24901185770751
0.673913043478261
0.201581027667984
0.523715415019763
0.399209486166008
0.387351778656126
0.549407114624506
0.569169960474308
0.0533596837944664
0.337944664031621
0.339920948616601
0.339920948616601
0.0395256916996047
0.041501976284585
0.00592885375494071
0.33201581027668
0.557312252964427
0.539525691699605
0.347826086956522
0.363636363636364
1
0.636363636363636
0.642292490118577
0.642292490118577
0.671936758893281
0.387351778656126
0.569169960474308
0.33596837944664
0.339920948616601
0.339920948616601
0.780632411067194
0.778656126482213
0.567193675889328
0.0197628458498024
0.0237154150197628
0.0138339920948617
0.00197628458498024
0.00395256916996047
1
0.986166007905138
0.768774703557312
0.739130434782609
0.820158102766798
0.00197628458498024
0.00395256916996047
0.130434782608696
0.130434782608696
0.130434782608696
0.00197628458498024
0.0197628458498024
0.0177865612648221
0.0118577075098814
0.00395256916996047
0.0197628458498024
0.553359683794466
0.553359683794466
0.555335968379447
0.00790513833992095
0.00592885375494071
0.909090909090909
0.91501976284585
1
1
1
0.99604743083004
0.994071146245059
0.407114624505929
0.739130434782609
0.808300395256917
0.128458498023715
0.130434782608696
0.130434782608696
0.128458498023715
0.197628458498024
0.0118577075098814
0.0177865612648221
0.00988142292490119
0.00988142292490119
0.00592885375494071
0.928853754940711
0.788537549407115
0.772727272727273
0.909090909090909
1
0.158102766798419
0.0553359683794466
0.0276679841897233
0.588932806324111
0.588932806324111
0.555335968379447
0.158102766798419
0.0296442687747036
0.0533596837944664
0.0474308300395257
0.794466403162055
0.0217391304347826
0.0177865612648221
0.814229249011858
0.58498023715415
0.634387351778656
0.320158102766798
0.0158102766798419
0.209486166007905
0.365612648221344
0.365612648221344
1
1
1
1
0.99802371541502
0.158102766798419
0.00395256916996047
0.00395256916996047
0.00790513833992095
0.0197628458498024
0.588932806324111
0.555335968379447
0.158102766798419
0.0513833992094862
0.0474308300395257
0.0217391304347826
0.0652173913043478
0.0671936758893281
0.814229249011858
0.292490118577075
0.286561264822134
0.258893280632411
0.233201581027668
0.320158102766798
0.154150197628458
0.215415019762846
0.209486166007905
0.363636363636364
1
0.99604743083004
0.150197628458498
0.148221343873518
0.739130434782609
0.709486166007905
0.717391304347826
0.322134387351779
0.0217391304347826
0.0237154150197628
0.00395256916996047
0.3300395256917
0.33201581027668
0.3300395256917
0.00988142292490119
0.00592885375494071
0.00395256916996047
0.0375494071146245
0.0316205533596838
0.0197628458498024
0.924901185770751
0.909090909090909
0.911067193675889
0.598814229249012
0.219367588932806
0.215415019762846
0.618577075098814
1
1
1
1
0.984189723320158
0.685770750988142
0.745059288537549
0.725296442687747
0.707509881422925
0.0217391304347826
0.142292490118577
0.142292490118577
0.612648221343874
0.00988142292490119
0.00988142292490119
0.0375494071146245
0.91699604743083
0.922924901185771
0.922924901185771
0.91501976284585
0.91304347826087
0.219367588932806
0.219367588932806
0.509881422924901
1
0.992094861660079
0.614624505928854
0.618577075098814
0.804347826086957
0.792490118577075
0.507905138339921
0.102766798418972
0.0988142292490119
0.0138339920948617
0.0138339920948617
0.0138339920948617
0.58695652173913
0.58695652173913
0.58695652173913
0.590909090909091
0.138339920948617
0.911067193675889
0.00592885375494071
0.806324110671937
0.320158102766798
1
1
1
1
0.99802371541502
0.99802371541502
0.142292490118577
0.618577075098814
0.371541501976285
0.798418972332016
0.802371541501976
0.49604743083004
0.219367588932806
0.260869565217391
0.304347826086957
0.00988142292490119
0.00988142292490119
0.33596837944664
0.33596837944664
0.33201581027668
0.3300395256917
0.91501976284585
0.764822134387352
0.911067193675889
0.940711462450593
0.863636363636364
0.861660079051383
1
0.367588932806324
0.343873517786561
0.280632411067194
0.0118577075098814
0.381422924901186
0.482213438735178
0.474308300395257
0.535573122529644
0.539525691699605
0.905138339920949
0.0790513833992095
0.0671936758893281
0.033596837944664
0.00197628458498024
0.0612648221343874
0.909090909090909
0.909090909090909
0.00988142292490119
0.0474308300395257
0.936758893280632
0.306324110671937
0.326086956521739
0.316205533596838
0.118577075098814
0.0671936758893281
0.110671936758893
0.820158102766798
1
1
1
1
0.994071146245059
0.986166007905138
0.436758893280632
0.442687747035573
0.442687747035573
0.381422924901186
0.480237154150198
0.476284584980237
0.535573122529644
0.541501976284585
0.00395256916996047
0.899209486166008
0.909090909090909
0.899209486166008
0.879446640316206
0.891304347826087
0.91897233201581
0.310276679841897
0.946640316205534
0.310276679841897
0.784584980237154
0.812252964426877
0.826086956521739
1
1
1
0.3300395256917
0.110671936758893
0.0849802371541502
0.0849802371541502
0.0711462450592885
0.310276679841897
0.308300395256917
0.650197628458498
0.721343873517787
0.713438735177866
0.260869565217391
0.25296442687747
0.00395256916996047
0.0316205533596838
0.0316205533596838
0.0256916996047431
0.654150197628458
0.683794466403162
0.806324110671937
0.0256916996047431
0.828063241106719
1
1
1
0.652173913043478
0.387351778656126
0.171936758893281
0.0948616600790514
0.476284584980237
0.569169960474308
0.00395256916996047
0.152173913043478
0.152173913043478
0.154150197628458
0.0256916996047431
0.0355731225296443
0.033596837944664
0.600790513833992
0.577075098814229
0.66798418972332
0.66600790513834
0.632411067193676
0.175889328063241
0.00395256916996047
0.00395256916996047
0.00197628458498024
1
1
0.723320158102767
0.719367588932806
0.974308300395257
0.0671936758893281
0.0948616600790514
0.0948616600790514
0.399209486166008
0.800395256916996
0.802371541501976
0.911067193675889
0.883399209486166
0.0177865612648221
0.00197628458498024
0.0158102766798419
0.857707509881423
0.867588932806324
0.0434782608695652
0.173913043478261
0.173913043478261
0.733201581027668
0.0158102766798419
0.0118577075098814
0.0177865612648221
0.0691699604743083
1
0.264822134387352
0.972332015810277
0.328063241106719
0.0948616600790514
0.0197628458498024
0.00395256916996047
0.0454545454545455
0.0177865612648221
0.839920948616601
0.855731225296443
0.857707509881423
0.806324110671937
0.881422924901186
0.0434782608695652
0.171936758893281
0.1699604743083
0.0177865612648221
0.0177865612648221
0.0691699604743083
0.0671936758893281
0.0592885375494071
1
0.294466403162055
0.290513833992095
0.300395256916996
0.0395256916996047
0.575098814229249
0.594861660079051
0.588932806324111
0.626482213438735
0.922924901185771
0.58695652173913
0.519762845849802
0.0276679841897233
0.600790513833992
0.604743083003953
0.606719367588933
0.430830039525692
0.0731225296442688
0.00988142292490119
0.0138339920948617
0.0197628458498024
0.294466403162055
0.314229249011858
0.322134387351779
1
1
1
1
0.701581027667984
0.697628458498024
0.124505928853755
0.0671936758893281
0.0632411067193676
0.934782608695652
0.0869565217391304
0.0731225296442688
0.0158102766798419
0.683794466403162
0.697628458498024
0.314229249011858
0.314229249011858
0.610671936758893
0.290513833992095
0.041501976284585
0.041501976284585
0.0118577075098814
0.314229249011858
1
1
0.909090909090909
0.909090909090909
0.260869565217391
0.203557312252964
0.567193675889328
0.549407114624506
0.711462450592885
0.703557312252964
0.709486166007905
0.673913043478261
0.74703557312253
0.507905138339921
0.25296442687747
0.3300395256917
0.00395256916996047
0.0454545454545455
0.0454545454545455
0.102766798418972
0.0553359683794466
1
1
1
1
0.909090909090909
0.909090909090909
0.345849802371542
0.203557312252964
0.561264822134387
0.00790513833992095
0.0138339920948617
0.0731225296442688
0.08300395256917
0.0849802371541502
0.673913043478261
0.75296442687747
0.511857707509881
0.521739130434783
0.260869565217391
0.328063241106719
0.320158102766798
0.312252964426877
0.312252964426877
0.211462450592885
0.201581027667984
0.245059288537549
1
1
0.948616600790514
0.00395256916996047
0.687747035573123
0.687747035573123
0.245059288537549
0.0474308300395257
0.189723320158103
0.476284584980237
0.476284584980237
0.492094861660079
0.486166007905138
0.00197628458498024
0.0256916996047431
0.179841897233202
0.175889328063241
0.928853754940711
0.00988142292490119
0.033596837944664
0.0276679841897233
0.0177865612648221
0.00592885375494071
0.889328063241107
0.883399209486166
0.00197628458498024
1
1
0.948616600790514
0.948616600790514
0.687747035573123
0.537549407114625
0.314229249011858
0.274703557312253
0.399209486166008
0.00988142292490119
0.735177865612648
0.707509881422925
0.00395256916996047
0.800395256916996
0.926877470355731
0.869565217391304
0.877470355731225
0.881422924901186
0.885375494071146
0.881422924901186
0.865612648221344
0.766798418972332
1
1
0.0711462450592885
0.928853754940711
0.922924901185771
0.91304347826087
0.290513833992095
0.286561264822134
0.0296442687747036
0.0296442687747036
0.0118577075098814
0.622529644268775
0.579051383399209
0.58102766798419
0.492094861660079
0.525691699604743
0.0256916996047431
0.16403162055336
0.687747035573123
0.00790513833992095
0.74901185770751
0.743083003952569
0.739130434782609
0.602766798418972
1
1
1
1
0.00790513833992095
0.924901185770751
0.930830039525692
0.924901185770751
0.911067193675889
0.290513833992095
0.290513833992095
0.124505928853755
0.150197628458498
0.162055335968379
0.162055335968379
0.0256916996047431
0.624505928853755
0.622529644268775
0.622529644268775
0.579051383399209
0.58102766798419
0.41304347826087
0.104743083003953
0.0948616600790514
0.179841897233202
0.790513833992095
0.110671936758893
0.0434782608695652
1
1
0.310276679841897
0.304347826086957
0.818181818181818
0.3300395256917
0.203557312252964
0.0909090909090909
0.0632411067193676
0.284584980237154
0.276679841897233
0.118577075098814
0.00592885375494071
0.545454545454545
0.525691699604743
0.887351778656126
0.885375494071146
0.871541501976285
0.871541501976285
0.0454545454545455
0.00395256916996047
0.0355731225296443
0.8300395256917
0.0375494071146245
1
1
0.685770750988142
0.296442687747036
0.318181818181818
0.480237154150198
0.492094861660079
0.233201581027668
0.300395256916996
0.179841897233202
0.187747035573123
0.484189723320158
0.00790513833992095
0.00197628458498024
0.0118577075098814
0.0296442687747036
0.00592885375494071
0.00395256916996047
0.885375494071146
0.871541501976285
0.871541501976285
0.875494071146245
0.0553359683794466
0.0355731225296443
0.8300395256917
0.845849802371542
0.847826086956522
0.849802371541502
1
1
0.760869565217391
0.490118577075099
0.486166007905138
0.373517786561265
0.260869565217391
0.260869565217391
0.551383399209486
0.227272727272727
0.486166007905138
0.511857707509881
0.033596837944664
0.859683794466403
0.812252964426877
0.814229249011858
0.703557312252964
0.703557312252964
0.885375494071146
0.879446640316206
0.926877470355731
0.930830039525692
0.75098814229249
0.754940711462451
0.762845849802372
0.766798418972332
1
1
1
1
0.760869565217391
0.486166007905138
0.106719367588933
0.033596837944664
0.0118577075098814
0.280632411067194
0.551383399209486
0.490118577075099
0.494071146245059
0.191699604743083
0.677865612648221
0.385375494071146
0.379446640316206
0.0711462450592885
0.0652173913043478
0.00790513833992095
0.0237154150197628
0.883399209486166
0.887351778656126
0.00592885375494071
0.75098814229249
0.756916996047431
0.762845849802372
1
1
1
0.992094861660079
0.450592885375494
0.430830039525692
0.41501976284585
0.784584980237154
0.359683794466403
0.199604743083004
0.199604743083004
0.00395256916996047
0.154150197628458
0.128458498023715
0.116600790513834
0.183794466403162
0.183794466403162
0.0849802371541502
0.033596837944664
0.58102766798419
0.58695652173913
0.00592885375494071
0.0474308300395257
0.00197628458498024
0.814229249011858
0.816205533596838
0.0138339920948617
0.00197628458498024
0.0849802371541502
0.0849802371541502
1
1
1
0.387351778656126
0.187747035573123
0.786561264822134
0.199604743083004
0.199604743083004
0.154150197628458
0.154150197628458
0.154150197628458
0.183794466403162
0.183794466403162
0.175889328063241
0.120553359683794
0.00395256916996047
0.00197628458498024
0.00395256916996047
0.0276679841897233
0.0138339920948617
0.00395256916996047
1
0.891304347826087
0.0197628458498024
0.0217391304347826
0.205533596837945
0.606719367588933
0.41304347826087
0.401185770750988
0.401185770750988
0.0948616600790514
0.0948616600790514
0.448616600790514
0.796442687747036
0.365612648221344
0.381422924901186
0.00988142292490119
0.0256916996047431
0.116600790513834
0.00988142292490119
0.110671936758893
0.110671936758893
0.0197628458498024
1
1
1
1
0.865612648221344
0.875494071146245
0.883399209486166
0.561264822134387
0.407114624505929
0.322134387351779
0.215415019762846
0.203557312252964
0.0612648221343874
0.00592885375494071
0.033596837944664
0.00988142292490119
0.0158102766798419
0.0158102766798419
0.110671936758893
0.116600790513834
0.00197628458498024
0.810276679841897
0.812252964426877
0.0158102766798419
0.00197628458498024
1
0.547430830039526
0.533596837944664
0.241106719367589
0.602766798418972
0.602766798418972
0.717391304347826
0.83201581027668
0.826086956521739
0.0869565217391304
0.0355731225296443
0.707509881422925
0.711462450592885
0.885375494071146
0.0474308300395257
0.0612648221343874
0.557312252964427
0.209486166007905
0.203557312252964
1
1
0.547430830039526
0.266798418972332
0.25296442687747
0.0158102766798419
0.00395256916996047
0.00197628458498024
0.0177865612648221
0.828063241106719
0.0256916996047431
0.0237154150197628
0.00988142292490119
0.173913043478261
0.171936758893281
0.1699604743083
0.0177865612648221
0.353754940711462
0.353754940711462
0.33596837944664
0.460474308300395
0.474308300395257
0.209486166007905
0.205533596837945
1
1
0.877470355731225
0.873517786561265
0.219367588932806
0.0197628458498024
0.00988142292490119
0.784584980237154
0.83201581027668
0.828063241106719
0.00395256916996047
0.296442687747036
0.294466403162055
0.486166007905138
0.345849802371542
0.349802371541502
0.270750988142292
0.0968379446640316
0.0968379446640316
0.0316205533596838
0.0395256916996047
0.0256916996047431
0.148221343873518
0.152173913043478
1
1
0.879446640316206
0.873517786561265
0.758893280632411
0.211462450592885
0.0948616600790514
0.478260869565217
0.492094861660079
0.654150197628458
0.784584980237154
0.83201581027668
0.298418972332016
0.324110671936759
0.324110671936759
0.209486166007905
0.614624505928854
0.270750988142292
0.262845849802372
0.0810276679841897
0.00592885375494071
0.727272727272727
0.727272727272727
0.735177865612648
1
1
0.790513833992095
0.786561264822134
0.205533596837945
0.193675889328063
0.0790513833992095
0.547430830039526
0.545454545454545
0.545454545454545
0.824110671936759
0.810276679841897
0.00790513833992095
0.0197628458498024
0.00592885375494071
0.772727272727273
0.687747035573123
0.721343873517787
0.719367588932806
0.391304347826087
0.391304347826087
0.399209486166008
0.772727272727273
0.800395256916996
1
1
0.790513833992095
0.786561264822134
0.124505928853755
0.106719367588933
0.209486166007905
0.189723320158103
0.650197628458498
0.00395256916996047
0.193675889328063
0.075098814229249
0.266798418972332
0.266798418972332
0.687747035573123
0.114624505928854
0.0592885375494071
0.0355731225296443
0.104743083003953
0.0158102766798419
1
1
0.994071146245059
0.992094861660079
0.970355731225296
0.201581027667984
0.199604743083004
0.197628458498024
0.0711462450592885
0.0573122529644269
0.0573122529644269
0.0770750988142292
0.041501976284585
0.0671936758893281
0.849802371541502
0.863636363636364
0.881422924901186
0.887351778656126
0.529644268774704
0.50395256916996
0.0118577075098814
0.0316205533596838
0.0652173913043478
1
1
1
1
0.992094861660079
0.699604743083004
0.318181818181818
0.197628458498024
0.177865612648221
0.245059288537549
0.0711462450592885
0.08300395256917
0.0573122529644269
0.075098814229249
0.0434782608695652
0.0138339920948617
0.00592885375494071
0.0217391304347826
0.0217391304347826
0.0138339920948617
0.0138339920948617
0.00592885375494071
0.341897233201581
0.341897233201581
0.00197628458498024
1
1
1
1
0.778656126482213
0.434782608695652
0.270750988142292
0.0177865612648221
0.24901185770751
0.24901185770751
0.0217391304347826
0.0138339920948617
0.0118577075098814
0.118577075098814
0.033596837944664
0.0355731225296443
0.0197628458498024
0.0158102766798419
0.0652173913043478
0.0256916996047431
0.00395256916996047
1
1
0.778656126482213
0.75296442687747
0.41699604743083
0.0810276679841897
0.575098814229249
0.492094861660079
0.0158102766798419
0.209486166007905
0.193675889328063
0.138339920948617
0.0612648221343874
0.00395256916996047
0.0276679841897233
0.0316205533596838
0.0256916996047431
0.00592885375494071
0.00988142292490119
0.845849802371542
0.843873517786561
0.00790513833992095
1
0.99604743083004
0.385375494071146
0.104743083003953
0.00988142292490119
0.118577075098814
0.148221343873518
0.183794466403162
0.183794466403162
0.114624505928854
0.033596837944664
0.116600790513834
0.106719367588933
0.0909090909090909
0.361660079051383
0.403162055335968
0.717391304347826
0.0197628458498024
0.0138339920948617
1
1
1
1
0.99604743083004
0.600790513833992
0.671936758893281
0.385375494071146
0.33596837944664
0.152173913043478
0.148221343873518
0.395256916996047
0.0513833992094862
0.0355731225296443
0.0256916996047431
0.00592885375494071
0.041501976284585
0.0375494071146245
0.0316205533596838
0.171936758893281
0.16798418972332
0.08300395256917
1
0.116600790513834
0.1699604743083
0.399209486166008
0.0158102766798419
0.713438735177866
0.91897233201581
0.891304347826087
0.855731225296443
0.363636363636364
0.391304347826087
0.100790513833992
0.0810276679841897
0.114624505928854
0.0790513833992095
0.0138339920948617
0.191699604743083
0.66600790513834
1
1
1
1
0.875494071146245
0.193675889328063
0.399209486166008
0.0928853754940712
0.00395256916996047
0.0474308300395257
0.175889328063241
0.879446640316206
0.897233201581028
0.181818181818182
0.181818181818182
0.365612648221344
0.0592885375494071
0.0217391304347826
0.0197628458498024
0.577075098814229
0.579051383399209
0.579051383399209
1
1
1
0.883399209486166
0.877470355731225
0.316205533596838
0.320158102766798
0.00988142292490119
0.0513833992094862
0.0612648221343874
0.0533596837944664
0.00592885375494071
0.0316205533596838
0.16798418972332
0.1699604743083
0.0256916996047431
0.00395256916996047
0.885375494071146
0.891304347826087
0.899209486166008
0.928853754940711
0.863636363636364
0.91304347826087
0.385375494071146
1
0.883399209486166
0.877470355731225
0.691699604743083
0.296442687747036
0.152173913043478
0.0494071146245059
0.0612648221343874
0.0533596837944664
0.0118577075098814
0.00592885375494071
0.16600790513834
0.0276679841897233
0.0197628458498024
0.0118577075098814
0.00395256916996047
0.0217391304347826
0.0256916996047431
0.920948616600791
0.91304347826087
0.270750988142292
0.256916996047431
0.0355731225296443
1
1
0.559288537549407
0.144268774703557
0.0869565217391304
0.302371541501976
0.361660079051383
0.25098814229249
0.282608695652174
0.282608695652174
0.266798418972332
0.411067193675889
0.399209486166008
0.395256916996047
0.660079051383399
0.681818181818182
0.0770750988142292
0.446640316205534
0.444664031620553
0.877470355731225
0.721343873517787
0.818181818181818
1
1
0.434782608695652
0.551383399209486
0.134387351778656
0.0652173913043478
0.355731225296443
0.318181818181818
0.0988142292490119
0.25098814229249
0.282608695652174
0.266798418972332
0.41304347826087
0.207509881422925
0.294466403162055
0.681818181818182
0.683794466403162
0.00790513833992095
0.0177865612648221
0.264822134387352
0.266798418972332
0.00395256916996047
1
1
0.804347826086957
0.452569169960474
0.154150197628458
0.0158102766798419
0.594861660079051
0.128458498023715
0.0118577075098814
0.0474308300395257
0.041501976284585
0.0237154150197628
0.565217391304348
0.58300395256917
0.0237154150197628
0.227272727272727
0.225296442687747
0.0948616600790514
0.0118577075098814
0.0889328063241107
0.00988142292490119
0.00395256916996047
0.128458498023715
0.128458498023715
1
1
0.798418972332016
0.00988142292490119
0.254940711462451
0.245059288537549
0.25296442687747
0.592885375494071
0.0533596837944664
0.3300395256917
0.705533596837945
0.0474308300395257
0.0434782608695652
0.229249011857708
0.254940711462451
0.347826086956522
0.347826086956522
0.422924901185771
0.227272727272727
0.227272727272727
0.08300395256917
0.108695652173913
0.108695652173913
0.128458498023715
0.128458498023715
1
1
1
0.992094861660079
0.399209486166008
0.604743083003953
0.0770750988142292
0.197628458498024
0.16798418972332
0.517786561264822
0.515810276679842
0.515810276679842
0.00592885375494071
0.399209486166008
0.033596837944664
0.033596837944664
0.49802371541502
0.49802371541502
0.0296442687747036
0.130434782608696
0.0217391304347826
0.185770750988142
0.179841897233202
0.855731225296443
0.863636363636364
1
1
1
0.992094861660079
0.399209486166008
0.365612648221344
0.148221343873518
0.442687747035573
0.0158102766798419
0.197628458498024
0.16798418972332
0.517786561264822
0.515810276679842
0.0197628458498024
0.0197628458498024
0.0158102766798419
0.507905138339921
0.49802371541502
0.254940711462451
0.0988142292490119
0.0217391304347826
0.00988142292490119
0.693675889328063
0.697628458498024
0.861660079051383
0.855731225296443
1
0.922924901185771
0.920948616600791
0.920948616600791
0.590909090909091
0.50197628458498
0.0928853754940712
0.318181818181818
0.341897233201581
0.199604743083004
0.0217391304347826
0.0138339920948617
0.256916996047431
0.0316205533596838
0.0177865612648221
0.713438735177866
0.717391304347826
0.721343873517787
0.731225296442688
0.3300395256917
0.33399209486166
0.136363636363636
0.138339920948617
0.0355731225296443
1
1
1
0.924901185770751
0.920948616600791
0.920948616600791
0.505928853754941
0.50197628458498
0.0928853754940712
0.0928853754940712
0.0118577075098814
0.411067193675889
0.754940711462451
0.132411067193676
0.136363636363636
0.203557312252964
0.100790513833992
0.197628458498024
0.130434782608696
0.130434782608696
0.132411067193676
0.106719367588933
0.0118577075098814
0.326086956521739
0.345849802371542
0.189723320158103
0.102766798418972
0.0988142292490119
1
1
0.99802371541502
0.99604743083004
0.940711462450593
0.579051383399209
0.58102766798419
0.579051383399209
0.239130434782609
0.126482213438735
0.312252964426877
0.211462450592885
0.00592885375494071
0.0158102766798419
0.00790513833992095
0.820158102766798
0.0118577075098814
0.00395256916996047
0.00988142292490119
0.00988142292490119
0.91304347826087
0.877470355731225
1
1
1
1
0.99802371541502
0.99802371541502
0.994071146245059
0.579051383399209
0.58300395256917
0.58300395256917
0.565217391304348
0.292490118577075
0.181818181818182
0.160079051383399
0.156126482213439
0.215415019762846
0.203557312252964
0.0158102766798419
0.0138339920948617
0.0948616600790514
0.132411067193676
0.124505928853755
0.124505928853755
0.91501976284585
0.881422924901186
0.877470355731225
1
0.369565217391304
0.960474308300395
0.569169960474308
0.0474308300395257
0.191699604743083
0.00197628458498024
0.00395256916996047
0.148221343873518
0.146245059288538
0.00790513833992095
0.00988142292490119
0.824110671936759
0.0177865612648221
0.841897233201581
0.909090909090909
0.903162055335968
0.91304347826087
0.932806324110672
0.132411067193676
0.0118577075098814
0.00592885375494071
0.790513833992095
0.806324110671937
0.774703557312253
0.768774703557312
1
0.624505928853755
0.590909090909091
0.573122529644269
0.446640316205534
0.381422924901186
0.430830039525692
0.424901185770751
0.428853754940711
0.804347826086957
0.075098814229249
0.0632411067193676
0.0276679841897233
0.909090909090909
0.905138339920949
0.907114624505929
0.91304347826087
0.132411067193676
0.816205533596838
0.770750988142292
0.780632411067194
0.766798418972332
1
0.0928853754940712
0.0454545454545455
0.16798418972332
0.16798418972332
0.636363636363636
0.636363636363636
0.612648221343874
0.00197628458498024
0.626482213438735
0.0691699604743083
0.511857707509881
0.569169960474308
0.602766798418972
0.320158102766798
0.320158102766798
0.389328063241107
0.187747035573123
0.227272727272727
1
1
1
0.99604743083004
0.355731225296443
0.347826086956522
0.891304347826087
0.16600790513834
0.0138339920948617
0.636363636363636
0.636363636363636
0.0612648221343874
0.569169960474308
0.602766798418972
0.588932806324111
0.634387351778656
0.152173913043478
0.387351778656126
0.235177865612648
0.324110671936759
0.328063241106719
0.298418972332016
1
0.962450592885375
0.962450592885375
0.962450592885375
0.808300395256917
0.83201581027668
0.697628458498024
0.839920948616601
0.286561264822134
0.0988142292490119
0.033596837944664
0.0256916996047431
0.0138339920948617
0.00592885375494071
0.00197628458498024
0.355731225296443
0.387351778656126
0.106719367588933
0.112648221343874
0.104743083003953
1
1
1
1
0.99802371541502
0.992094861660079
0.962450592885375
0.808300395256917
0.83201581027668
0.703557312252964
0.294466403162055
0.177865612648221
0.00197628458498024
0.0118577075098814
0.033596837944664
0.0237154150197628
0.0256916996047431
0.00988142292490119
0.355731225296443
0.355731225296443
0.355731225296443
0.219367588932806
0.00395256916996047
0.00395256916996047
0.0177865612648221
0.452569169960474
1
1
1
1
0.99604743083004
0.476284584980237
0.478260869565217
0.488142292490119
0.264822134387352
0.233201581027668
0.08300395256917
0.636363636363636
0.634387351778656
0.00395256916996047
0.0691699604743083
0.0691699604743083
0.0256916996047431
0.1699604743083
1
1
0.982213438735178
0.476284584980237
0.0197628458498024
0.0118577075098814
0.0177865612648221
0.286561264822134
0.409090909090909
0.772727272727273
0.768774703557312
0.634387351778656
0.152173913043478
0.136363636363636
0.136363636363636
0.00395256916996047
0.0731225296442688
1
1
1
0.992094861660079
0.517786561264822
0.511857707509881
0.162055335968379
0.642292490118577
0.102766798418972
0.00395256916996047
0.00592885375494071
0.579051383399209
0.579051383399209
0.687747035573123
0.806324110671937
0.118577075098814
0.0316205533596838
0.0395256916996047
0.00197628458498024
0.140316205533597
0.909090909090909
0.128458498023715
0.110671936758893
1
1
1
0.992094861660079
0.527667984189723
0.254940711462451
0.243083003952569
0.0197628458498024
0.132411067193676
0.0197628458498024
0.0138339920948617
0.00395256916996047
0.144268774703557
0.146245059288538
0.209486166007905
0.207509881422925
0.0573122529644269
0.731225296442688
0.719367588932806
0.74901185770751
0.114624505928854
0.00395256916996047
0.00988142292490119
1
0.950592885375494
0.936758893280632
0.650197628458498
0.3300395256917
0.260869565217391
0.444664031620553
0.381422924901186
0.409090909090909
0.505928853754941
0.521739130434783
0.229249011857708
0.229249011857708
0.00395256916996047
0.00790513833992095
0.00790513833992095
0.00395256916996047
0.322134387351779
0.160079051383399
0.644268774703557
0.644268774703557
0.883399209486166
0.849802371541502
0.883399209486166
1
1
0.266798418972332
0.0158102766798419
0.266798418972332
0.0889328063241107
0.08300395256917
0.1699604743083
0.525691699604743
0.610671936758893
0.618577075098814
0.367588932806324
0.0118577075098814
0.205533596837945
0.191699604743083
0.345849802371542
0.343873517786561
0.312252964426877
0.312252964426877
0.322134387351779
0.160079051383399
0.0691699604743083
0.00592885375494071
0.889328063241107
0.883399209486166
0.0217391304347826
0.00395256916996047
0.895256916996047
1
1
1
1
0.990118577075099
0.990118577075099
0.223320158102767
0.0316205533596838
0.0375494071146245
0.0316205533596838
0.110671936758893
0.897233201581028
0.879446640316206
0.798418972332016
0.798418972332016
0.881422924901186
0.146245059288538
0.0118577075098814
0.0138339920948617
0.00592885375494071
0.00592885375494071
0.899209486166008
0.638339920948617
0.640316205533597
0.0434782608695652
1
0.990118577075099
0.229249011857708
0.122529644268775
0.0237154150197628
0.104743083003953
0.899209486166008
0.796442687747036
0.798418972332016
0.798418972332016
0.0256916996047431
0.154150197628458
0.0592885375494071
0.00988142292490119
0.756916996047431
0.760869565217391
0.879446640316206
0.897233201581028
0.00988142292490119
0.920948616600791
0.634387351778656
0.0474308300395257
1
1
1
0.99604743083004
0.954545454545455
0.428853754940711
0.0533596837944664
0.0355731225296443
0.00592885375494071
0.58695652173913
0.0889328063241107
0.0177865612648221
0.110671936758893
0.0316205533596838
0.563241106719368
0.0237154150197628
0.0256916996047431
0.0256916996047431
0.0138339920948617
0.0138339920948617
0.0316205533596838
0.0237154150197628
0.0217391304347826
0.0177865612648221
0.033596837944664
1
0.994071146245059
0.436758893280632
0.0533596837944664
0.573122529644269
0.58102766798419
0.492094861660079
0.120553359683794
0.0256916996047431
0.0158102766798419
0.0158102766798419
0.00592885375494071
0.91897233201581
0.924901185770751
0.897233201581028
0.907114624505929
0.907114624505929
0.91304347826087
0.434782608695652
1
0.608695652173913
0.596837944664032
0.557312252964427
0.557312252964427
0.551383399209486
0.120553359683794
0.300395256916996
0.361660079051383
0.0118577075098814
0.233201581027668
0.616600790513834
0.144268774703557
0.535573122529644
0.529644268774704
0.521739130434783
0.525691699604743
0.571146245059289
0.604743083003953
0.326086956521739
1
1
1
1
0.403162055335968
0.381422924901186
0.0494071146245059
0.551383399209486
0.0177865612648221
0.484189723320158
0.00395256916996047
0.0177865612648221
0.033596837944664
0.0177865612648221
0.389328063241107
0.00395256916996047
0.233201581027668
0.484189723320158
0.474308300395257
0.0197628458498024
0.00395256916996047
0.0217391304347826
0.0118577075098814
0.930830039525692
0.33201581027668
0.328063241106719
1
1
1
0.472332015810277
0.476284584980237
0.197628458498024
0.183794466403162
0.239130434782609
0.175889328063241
0.237154150197628
0.322134387351779
0.171936758893281
0.535573122529644
0.537549407114625
0.395256916996047
0.389328063241107
0.1699604743083
0.142292490118577
0.173913043478261
0.0454545454545455
0.0177865612648221
0.50395256916996
0.509881422924901
1
1
1
0.468379446640316
0.197628458498024
0.243083003952569
0.0889328063241107
0.0889328063241107
0.0849802371541502
0.256916996047431
0.535573122529644
0.537549407114625
0.391304347826087
0.389328063241107
0.158102766798419
0.08300395256917
0.0671936758893281
0.144268774703557
0.102766798418972
0.0968379446640316
0.0197628458498024
0.0158102766798419
0.507905138339921
0.0177865612648221
0.428853754940711
1
1
1
1
0.99802371541502
0.990118577075099
0.559288537549407
0.551383399209486
0.966403162055336
0.385375494071146
0.385375494071146
0.385375494071146
0.0573122529644269
0.00592885375494071
0.00395256916996047
0.353754940711462
0.50197628458498
0.363636363636364
0.75098814229249
0.843873517786561
0.118577075098814
0.114624505928854
0.0553359683794466
1
1
1
0.407114624505929
0.407114624505929
0.966403162055336
0.235177865612648
0.237154150197628
0.286561264822134
0.150197628458498
0.50197628458498
0.0138339920948617
0.0138339920948617
0.00790513833992095
0.849802371541502
0.926877470355731
0.00197628458498024
0.0118577075098814
0.116600790513834
0.00790513833992095
0.0553359683794466
0.0118577075098814
1
0.08300395256917
0.517786561264822
0.00395256916996047
0.0118577075098814
0.517786561264822
0.517786561264822
0.523715415019763
0.517786561264822
0.648221343873518
0.276679841897233
0.270750988142292
0.144268774703557
0.144268774703557
0.0770750988142292
0.0553359683794466
0.00592885375494071
0.0197628458498024
0.853754940711462
0.855731225296443
1
1
1
0.99604743083004
0.00395256916996047
0.41501976284585
0.440711462450593
0.199604743083004
0.00790513833992095
0.517786561264822
0.523715415019763
0.523715415019763
0.0790513833992095
0.00395256916996047
0.241106719367589
0.243083003952569
0.144268774703557
0.160079051383399
0.154150197628458
0.140316205533597
0.0592885375494071
0.00592885375494071
1
0.474308300395257
0.482213438735178
0.964426877470356
0.00592885375494071
0.0158102766798419
0.0177865612648221
0.0256916996047431
0.0494071146245059
0.0355731225296443
0.881422924901186
0.887351778656126
0.948616600790514
0.0988142292490119
0.173913043478261
0.592885375494071
0.185770750988142
0.173913043478261
0.033596837944664
0.545454545454545
1
1
1
0.99802371541502
0.994071146245059
0.990118577075099
0.458498023715415
0.470355731225296
0.476284584980237
0.964426877470356
0.940711462450593
0.0988142292490119
0.0474308300395257
0.0276679841897233
0.0612648221343874
0.0632411067193676
0.00592885375494071
0.0177865612648221
0.0158102766798419
0.952569169960474
0.266798418972332
0.213438735177866
0.215415019762846
0.355731225296443
0.156126482213439
0.592885375494071
0.438735177865613
0.436758893280632
1
1
1
0.958498023715415
0.958498023715415
0.956521739130435
0.952569169960474
0.49604743083004
0.494071146245059
0.966403162055336
0.588932806324111
0.0711462450592885
0.0849802371541502
0.733201581027668
0.812252964426877
0.818181818181818
0.786561264822134
0.774703557312253
0.762845849802372
0.883399209486166
0.110671936758893
0.110671936758893
0.772727272727273
0.774703557312253
0.233201581027668
0.0118577075098814
0.401185770750988
1
0.966403162055336
0.958498023715415
0.956521739130435
0.952569169960474
0.49604743083004
0.565217391304348
0.662055335968379
0.201581027667984
0.120553359683794
0.0296442687747036
0.00395256916996047
0.075098814229249
0.0810276679841897
0.0316205533596838
0.0454545454545455
0.00592885375494071
0.00790513833992095
0.0711462450592885
0.0711462450592885
0.772727272727273
0.816205533596838
0.808300395256917
0.824110671936759
0.598814229249012
