0.689723320158103	1.6734
0.685770750988142	1.28299999999999
0.312252964426877	12.298
0.310276679841897	4.53099999999998
0.58300395256917	12.413
0.739130434782609	18.463
0.0553359683794466	16.78
0.0118577075098814	16.028
0.00395256916996047	16.6679999999999
0.515810276679842	1.82000000000005
0.16798418972332	12.611
0.0177865612648221	11.4440000000001
0.0197628458498024	17.0069999999999
0.128458498023715	0.471000000000004
0.177865612648221	14.532
0.0474308300395257	18.29
0.00988142292490119	6.12099999999998
0.00592885375494071	17.3850000000001
0.66403162055336	19.688
0.66600790513834	9.25400000000002
0.689723320158103	1.95360000000001
0.683794466403162	9.63029999999999
0.260869565217391	13.273
0.264822134387352	0.0499999999999829
0.110671936758893	10.429
0.130434782608696	5.721
0.571146245059289	19.117
0.371541501976285	11.811
0.298418972332016	0.370999999999981
0.296442687747036	19.037
0.308300395256917	1.28899999999999
0.304347826086957	4.54199999999997
0.527667984189723	6.28300000000002
0.539525691699605	15.424
0.00197628458498024	0.637000000000057
0.116600790513834	17.302
0.114624505928854	17.673
0.033596837944664	15.8399999999999
0.745059288537549	2.49800000000005
0.743083003952569	3.83899999999994
0.367588932806324	15.1600000000001
0.897233201581028	17.592
0.24703557312253	3.00300000000004
0.235177865612648	7.18499999999995
1	17.0522
0.99802371541502	9.45399999999999
0.899209486166008	11.423
0.00790513833992095	16.838
0.171936758893281	3.483
0.138339920948617	7.97199999999998
0.0256916996047431	18.032
0.760869565217391	13.521
0.00395256916996047	15.508
0.203557312252964	5.03099999999995
0.0869565217391304	11.504
0.00395256916996047	3.33100000000002
0.197628458498024	19.442
0.709486166007905	15.722
0.00790513833992095	7.63300000000004
0.144268774703557	17.688
0.0909090909090909	16.076
0.0988142292490119	0.875999999999976
0.0197628458498024	18.921
0.399209486166008	17.652
0.0434782608695652	11.773
0.00790513833992095	6.89700000000005
0.033596837944664	13.551
0.00395256916996047	4.22499999999997
0.211462450592885	17.727
0.207509881422925	0.0929999999999609
0.203557312252964	3.88099999999997
0.640316205533597	8.66100000000006
0.00395256916996047	2.96299999999997
0.0217391304347826	19.147
0.140316205533597	6.39800000000002
0.126482213438735	6.03199999999993
0.0533596837944664	0.130999999999972
0.8300395256917	2.19100000000003
0.845849802371542	16.096
0.837944664031621	9.32399999999996
1	18.078
0.326086956521739	9.11600000000001
0.579051383399209	18.595
0.575098814229249	2.09299999999999
0.156126482213439	17.401
0.0474308300395257	0.0730000000000359
0.00395256916996047	19.973
0.49802371541502	13.397
0.148221343873518	17.673
0.0454545454545455	11.1130000000001
0.00592885375494071	3.76999999999998
0.0177865612648221	16.804
0.0118577075098814	18.096
0.0158102766798419	16.027
1	18.2281
0.99604743083004	8.232
0.579051383399209	3.666
0.573122529644269	5.12
0.577075098814229	5.62299999999999
0.395256916996047	11.417
0.411067193675889	9.03799999999995
0.245059288537549	13.547
0.239130434782609	17.561
0.175889328063241	13.599
0.00790513833992095	14.655
0.5	14.032
0.401185770750988	9.10000000000002
0.0375494071146245	13.7569999999999
0.887351778656126	8.77600000000007
0.256916996047431	9.88799999999992
0.743083003952569	17.603
0.739130434782609	14.542
0.561264822134387	12.012
0.537549407114625	14.82
0.0375494071146245	12.785
0.387351778656126	4.178
0.577075098814229	10.668
0.41501976284585	13.144
0.0158102766798419	17.551
0.0158102766798419	18.196
0.136363636363636	16.0450000000001
0.00395256916996047	18.779
0.0612648221343874	19.866
0.00197628458498024	0.227999999999952
0.681818181818182	9.03999999999996
0.00592885375494071	11.558
0.0256916996047431	11.804
0.741106719367589	6.00630000000001
0.0158102766798419	9.36699999999999
0.00395256916996047	7.054
0.654150197628458	3.21199999999999
0.0138339920948617	9.803
0.00395256916996047	2.43799999999999
0.899209486166008	11.878
0.223320158102767	18.578
0.0810276679841897	16.544
0.00197628458498024	3.72900000000004
0.00395256916996047	0.816000000000031
0.00592885375494071	17.9499999999999
0.723320158102767	0.958000000000084
0.0316205533596838	9.375
0.0158102766798419	19.0039999999999
0.00197628458498024	18.22
1	5.41510000000001
0.99604743083004	11.6298
0.3300395256917	15.521
0.897233201581028	0.219999999999999
0.889328063241107	0.328000000000003
0.108695652173913	8.89300000000003
0.0889328063241107	3.82499999999999
0.0454545454545455	13.641
0.118577075098814	8.60899999999998
0.0355731225296443	19.687
0.0177865612648221	9.279
0.00197628458498024	15.216
0.938735177865613	2.26299999999992
0.938735177865613	3.11500000000001
0.132411067193676	13.4780000000001
1	14.2856
0.99604743083004	8.496
0.272727272727273	16.933
0.171936758893281	19.083
0.780632411067194	5.30099999999999
0.66600790513834	6.69100000000003
0.16798418972332	7.86400000000003
0.0276679841897233	11.584
0.0158102766798419	12.595
0.00197628458498024	3.745
0.0158102766798419	16.2379999999999
0.0237154150197628	19.433
0.00197628458498024	0.907000000000039
0.00395256916996047	19.143
0.946640316205534	18.5350000000001
0.367588932806324	12.117
0.622529644268775	0.435000000000002
0.66403162055336	7.70799999999997
0.557312252964427	8.80700000000002
0.549407114624506	16.223
0.448616600790514	19.954
0.537549407114625	9.18099999999993
0.899209486166008	1.38800000000003
0.0533596837944664	12.5840000000001
0.00197628458498024	6.15599999999995
0.0652173913043478	10.9970000000001
0.033596837944664	10.4509999999999
0.00790513833992095	16.556
0.262845849802372	13.855
1	0.858999999999995
0.367588932806324	0.00800000000000978
0.367588932806324	9.917
0.158102766798419	4.04399999999998
0.108695652173913	3.19499999999999
0.0434782608695652	17.908
0.0474308300395257	9.50600000000003
0.0197628458498024	14.301
0.379446640316206	14.744
0.565217391304348	17.024
0.00395256916996047	15.697
0.0138339920948617	6.21100000000001
0.0276679841897233	13.2489999999999
0.00790513833992095	10.4620000000001
0.0355731225296443	14.5
0.873517786561265	10.918
0.873517786561265	16.657
0.865612648221344	7.084
0.276679841897233	16.105
0.237154150197628	16.261
0.300395256916996	3.46200000000005
0.300395256916996	17.268
0.936758893280632	17.348
0.0612648221343874	7.95600000000002
0.0592885375494071	15.681
0.270750988142292	10.278
0.00988142292490119	16.452
0.203557312252964	0.711000000000013
0.0256916996047431	17.133
0.0177865612648221	8.32899999999995
0.00988142292490119	0.878000000000043
0.0928853754940712	17.876
0.873517786561265	15.18
0.361660079051383	12.822
0.622529644268775	6.80099999999999
0.464426877470356	5.43900000000002
0.284584980237154	3.95399999999995
0.146245059288538	15.928
0.142292490118577	3.7940000000001
0.0691699604743083	14.5179999999999
0.0652173913043478	6.45100000000002
0.144268774703557	18.607
0.0158102766798419	18.586
0.00592885375494071	13.7800000000001
0.691699604743083	10.8979999999999
0.592885375494071	14.3199999999999
0.444664031620553	6.43799999999999
1	15.6777
0.355731225296443	15.381
0.041501976284585	5.321
0.681818181818182	5.46299999999997
0.393280632411067	8.43100000000004
0.41699604743083	1.09999999999997
0.403162055335968	5.21099999999996
0.458498023715415	16.291
0.343873517786561	4.44900000000007
0.806324110671937	4.05899999999997
0.0138339920948617	3.66300000000001
0.00988142292490119	4.86099999999999
0.00592885375494071	17.564
0.543478260869565	15.9160000000001
0.543478260869565	8.47500000000002
0.367588932806324	19.148
0.636363636363636	17.411
0.638339920948617	16.646
0.671936758893281	0.44599999999997
0.671936758893281	6.08300000000003
0.472332015810277	16.105
0.195652173913043	3.14099999999996
0.138339920948617	11.196
0.0256916996047431	12.624
0.393280632411067	15.154
0.405138339920949	9.488
0.00592885375494071	8.24399999999997
0.0118577075098814	19.824
0.0533596837944664	13.5069999999999
0.343873517786561	5.66099999999994
0.806324110671937	6.90200000000004
0.561264822134387	19.624
0.891304347826087	5.09499999999991
0.897233201581028	0.885000000000105
0.893280632411067	13.1999999999999
0.00197628458498024	1.61199999999997
0.00197628458498024	0.236999999999966
0.00988142292490119	6.88499999999999
0.0237154150197628	9.51499999999999
0.760869565217391	9.131
0.339920948616601	16.403
0.826086956521739	7.62199999999996
0.00197628458498024	10.357
0.00790513833992095	8.48899999999998
0.00197628458498024	2.59899999999993
0.0138339920948617	8.96900000000005
0.0177865612648221	9.37599999999998
0.930830039525692	8.27700000000004
0.928853754940711	17.838
0.0118577075098814	6.11299999999994
0.00395256916996047	11.7230000000001
0.91897233201581	4.99199999999996
1	16.861
0.99802371541502	3.322
0.986166007905138	9.577
0.988142292490119	2.774
0.992094861660079	6.017
0.766798418972332	16.102
0.820158102766798	11.145
0.0197628458498024	11.791
0.0177865612648221	18.272
0.00395256916996047	12.602
0.58102766798419	8.37099999999998
0.579051383399209	5.80600000000004
0.0237154150197628	7.49000000000001
0.0158102766798419	17.098
0.00790513833992095	13.6079999999999
0.0138339920948617	19.288
0.00592885375494071	14.182
0.861660079051383	18.504
0.91699604743083	5.971
0.91897233201581	8.88999999999999
0.328063241106719	6.16200000000003
0.156126482213439	8.101
0.992094861660079	0.293000000000006
0.660079051383399	4.303
0.0671936758893281	2.286
0.0533596837944664	11.446
0.0296442687747036	9.851
0.00395256916996047	7.69100000000003
0.00395256916996047	12.687
0.555335968379447	3.245
0.553359683794466	5.64799999999997
0.91304347826087	5.041
0.00790513833992095	17.537
0.636363636363636	13.842
0.642292490118577	15.636
0.673913043478261	7.80900000000008
0.0138339920948617	15.052
1	9.374
0.99802371541502	10.292
0.156126482213439	12.819
0.660079051383399	2.727
0.91699604743083	8.029
0.00197628458498024	1.45999999999998
0.0158102766798419	12.339
0.0158102766798419	8.94400000000002
0.555335968379447	15.111
0.879446640316206	16.294
0.120553359683794	12.1189999999999
0.0691699604743083	9.55100000000004
0.241106719367589	14.58
0.154150197628458	3.66600000000005
0.310276679841897	17.827
0.871541501976285	1.26000000000002
0.160079051383399	2.81699999999998
0.00395256916996047	0.130999999999972
0.0177865612648221	12.629
0.0138339920948617	13.009
0.00988142292490119	11.0749999999999
0.00395256916996047	9.91899999999998
0.924901185770751	15.3090000000001
0.911067193675889	5.03200000000004
1	7.947
0.99802371541502	10.548
0.310276679841897	17.998
0.869565217391304	3.94
0.717391304347826	19.227
0.322134387351779	18.346
0.0237154150197628	15.773
0.00395256916996047	8.863
0.00197628458498024	15.556
0.598814229249012	19.42
0.00197628458498024	14.4450000000001
0.00790513833992095	19.046
0.0316205533596838	17.496
0.91501976284585	0.000999999999976353
0.91304347826087	1.149
0.924901185770751	12.903
0.592885375494071	13.66
0.239130434782609	3.952
0.308300395256917	9.06700000000001
0.0118577075098814	15.651
0.486166007905138	9.52699999999999
0.102766798418972	19.698
0.110671936758893	12.5740000000001
0.0652173913043478	13.9409999999999
0.0217391304347826	11.412
0.00197628458498024	12.683
0.940711462450593	6.96000000000004
0.1699604743083	6.65800000000002
1	3.30600000000001
0.994071146245059	8.452
0.992094861660079	6.23700000000002
0.132411067193676	0.752999999999986
0.00395256916996047	7.58199999999999
0.802371541501976	16.571
0.264822134387352	18.367
0.270750988142292	2.84100000000001
0.268774703557312	18.9640000000001
0.00592885375494071	17.929
0	0.00300000000004275
0.480237154150198	12.694
0.476284584980237	8.49000000000001
0.00395256916996047	18.575
0.0158102766798419	15.211
0.0612648221343874	17.502
0.0197628458498024	10.504
0.322134387351779	3.36000000000001
0.00395256916996047	5.26400000000001
1	2.871
0.99802371541502	18.764
0.341897233201581	11.533
0.282608695652174	15.327
0.0118577075098814	12.378
0.968379446640316	14.923
0.0770750988142292	18.397
0.0612648221343874	19.3389999999999
0.0355731225296443	16.736
0.0276679841897233	14.5590000000001
0.0138339920948617	13.8879999999999
0.822134387351779	14.2810000000001
0.798418972332016	17.391
1	5.31909999999999
0.99604743083004	14.9874
0.322134387351779	5.31
0.588932806324111	14.216
0.102766798418972	11.29
0.00592885375494071	1.30199999999999
0.00197628458498024	3.602
0.0177865612648221	14.212
0.571146245059289	13.235
0.00988142292490119	0.204000000000008
0.00790513833992095	0.586999999999989
0.33596837944664	3.738
0.859683794466403	2.84799999999996
0.871541501976285	8.25300000000004
0.875494071146245	7.26400000000001
0.25296442687747	6.625
0.0197628458498024	9.15499999999997
0.00592885375494071	14.206
0.00197628458498024	10.066
0.0197628458498024	17.696
0.00988142292490119	14.034
1	1.01559999999999
0.99604743083004	13.5177
0.391304347826087	8.13
0.1699604743083	13.622
0.480237154150198	11.838
0.480237154150198	6.72699999999998
0.531620553359684	7.67400000000004
0.00197628458498024	1.95800000000003
0.152173913043478	10.649
0.0612648221343874	14.1849999999999
0.00592885375494071	8.57799999999997
0.600790513833992	16.317
0.642292490118577	19.229
0.175889328063241	1.23400000000004
0.181818181818182	5.04300000000001
0.033596837944664	7.03999999999996
0.0217391304347826	7.53700000000003
0.00988142292490119	19.764
0.00197628458498024	1.59500000000003
0.725296442687747	5.70650000000001
0.549407114624506	16.706
0.614624505928854	10.403
0.00395256916996047	13.851
0.0948616600790514	17.819
0.804347826086957	18.145
0.887351778656126	18.597
0.881422924901186	16.28
0.221343873517787	4.50400000000002
0.0533596837944664	5.76700000000005
0.033596837944664	15.597
0.171936758893281	6.86199999999997
0.737154150197628	9.68000000000006
0.0652173913043478	13.725
0.0573122529644269	4.85500000000002
1	17.6851
0.256916996047431	18.2543
0.3300395256917	18.426
0.33399209486166	3.625
0.608695652173913	3.68899999999999
0.00395256916996047	8.84100000000001
0.0691699604743083	19.238
0.369565217391304	12.764
0.0434782608695652	18.547
0.00988142292490119	12.381
0.00790513833992095	7.298
0.887351778656126	15.672
0.885375494071146	2.89800000000002
0.223320158102767	17.5839999999999
0.0434782608695652	10.883
0.173913043478261	3.26400000000001
0.171936758893281	0.680999999999926
0.187747035573123	13.772
0.0968379446640316	3.91899999999998
0.0355731225296443	16.356
0.041501976284585	13.678
0.292490118577075	17.628
0.280632411067194	3.102
0.0513833992094862	12.474
0.00790513833992095	13.322
0.934782608695652	7.26999999999998
0.0849802371541502	18.847
0.571146245059289	13.362
0.940711462450593	2.23599999999999
0.25296442687747	8.94000000000005
0.237154150197628	7.24400000000003
0.217391304347826	17.862
0.855731225296443	2.45699999999999
0.612648221343874	12.556
0.0355731225296443	13.064
0.577075098814229	18.7760000000001
0.705533596837945	17.264
0.701581027667984	11.193
0.322134387351779	9.24799999999999
0.300395256916996	8.85400000000001
0.0395256916996047	19.058
0.0217391304347826	9.61200000000002
0.00790513833992095	19.631
0.58498023715415	14.472
0.00790513833992095	9.255
0.00395256916996047	13.1990000000001
0.717391304347826	12.4789999999999
0.91897233201581	1.36300000000006
0.300395256916996	12.128
0.480237154150198	17.107
0.00592885375494071	17.5
0.033596837944664	18.895
0.00988142292490119	19.7030000000001
0.909090909090909	17.817
0.642292490118577	1.839
0.891304347826087	1.48500000000001
0.345849802371542	18.439
0.231225296442688	11.569
0.563241106719368	15.568
0.719367588932806	13.602
0.00592885375494071	8.91899999999998
0.513833992094862	5.56400000000008
0.515810276679842	7.35599999999999
0.523715415019763	7.91800000000001
0.270750988142292	18.539
0.00197628458498024	1.84100000000001
0.0889328063241107	18.203
0.00197628458498024	0.259999999999991
0.0434782608695652	13.891
0.909090909090909	16.656
0.648221343873518	1.96600000000001
0.891304347826087	4.91999999999996
0.260869565217391	18.178
0.235177865612648	18.234
0.0138339920948617	14.222
0.0276679841897233	9.863
0.517786561264822	1.97199999999998
0.266798418972332	9.59799999999996
0.486166007905138	15.159
0.195652173913043	18.8330000000001
0.25098814229249	17.4169999999999
0.948616600790514	13.2954
0.944664031620553	17.307
0.00790513833992095	10.143
0.0988142292490119	10.518
0.0948616600790514	16.63
0.00395256916996047	12.896
0.946640316205534	12.775
0.0296442687747036	16.9359999999999
0.926877470355731	3.2600000000001
0.126482213438735	12.241
0.0177865612648221	13.8919999999999
0.00395256916996047	14.326
0.00197628458498024	1.88300000000004
0.00197628458498024	2.45100000000002
0.00592885375494071	12.348
0.00197628458498024	1.29499999999996
0.944664031620553	14.508
0.934782608695652	18.646
0.241106719367589	16.875
0.276679841897233	9.00999999999999
0.539525691699605	3.02600000000001
0.537549407114625	7.04900000000004
0.322134387351779	11.401
0.328063241106719	3.69099999999997
0.531620553359684	14.077
0.0711462450592885	13.89
0.0652173913043478	19.738
0.0296442687747036	5.67399999999998
0.0296442687747036	18.5139999999999
0.00395256916996047	18.4050000000001
0.851778656126482	13.5519999999999
0.00197628458498024	8.19600000000003
0.00395256916996047	15.0590000000001
0.875494071146245	16.154
0.889328063241107	19.389
0.00592885375494071	10.461
0.290513833992095	3.28100000000001
0.104743083003953	19.722
0.0770750988142292	12.165
0.041501976284585	16.709
0.00395256916996047	7.82099999999997
0.0118577075098814	11.192
0.0276679841897233	5.35699999999997
0.00395256916996047	3.87799999999999
0.00988142292490119	17.986
0.00197628458498024	5.89999999999998
0.899209486166008	1.43299999999999
0.895256916996047	9.05999999999995
0.0889328063241107	11.759
0.0849802371541502	13.53
0.100790513833992	8.77200000000005
0.286561264822134	18.644
0.102766798418972	15.965
0.00395256916996047	7.38200000000001
0.0612648221343874	11.73
0.0316205533596838	4.79899999999998
0.899209486166008	5.92600000000004
0.897233201581028	7.55499999999995
0.270750988142292	5.16100000000006
0.266798418972332	6.10599999999999
0.138339920948617	1.93499999999995
0.0474308300395257	13.682
0.150197628458498	13.852
0.108695652173913	8.79100000000005
0.0118577075098814	16.1129999999999
0.310276679841897	4.35980000000001
0.306324110671937	1.24589999999999
0.745059288537549	6.44400000000002
0.203557312252964	0.836999999999989
0.197628458498024	3.49800000000002
0.517786561264822	18.517
0.288537549407115	9.86799999999999
0.298418972332016	9.21499999999997
0.409090909090909	4.536
0.411067193675889	4.48099999999999
0.132411067193676	12.293
0.0316205533596838	18.2430000000001
0.527667984189723	9.46500000000003
0.8300395256917	15.774
0.824110671936759	13.256
0.887351778656126	0.400999999999954
0.877470355731225	19.8000000000001
0.00395256916996047	4.05099999999993
0.0276679841897233	16.1990000000001
0.00988142292490119	4.29200000000003
0.685770750988142	1.80619999999999
0.683794466403162	2.18300000000001
0.681818181818182	3.54199999999999
0.984189723320158	19.66
0.203557312252964	10.717
0.201581027667984	2.227
0.201581027667984	16.953
0.0454545454545455	10.796
0.0355731225296443	12.889
0.0158102766798419	12.08
0.00197628458498024	7.86900000000003
0.00197628458498024	13.4400000000001
0.0454545454545455	16.8240000000001
0.0355731225296443	17.024
0.739130434782609	4.43299999999999
0.735177865612648	14.363
0.401185770750988	6.93699999999998
0.399209486166008	2.13100000000003
0.405138339920949	15.09
0.0632411067193676	11.983
0.0434782608695652	2.68399999999997
0.00988142292490119	10.77
0.484189723320158	7.45999999999998
0.0158102766798419	6.04499999999996
0.0118577075098814	17.091
0.709486166007905	11.6130000000001
0.1699604743083	7.85299999999995
0.114624505928854	5.56200000000001
0.0849802371541502	6.74800000000005
0.00197628458498024	7.035
0.735177865612648	12.762
0.523715415019763	4.143
0.00395256916996047	13.526
0.00395256916996047	18.073
0.280632411067194	8.90700000000004
0.0177865612648221	19.544
0.859683794466403	17.802
0.00988142292490119	14.146
0.871541501976285	15.8119999999999
0.932806324110672	0.647000000000048
0.175889328063241	6.66200000000003
0.00395256916996047	17.288
0.766798418972332	8.40800000000002
0.766798418972332	4.27799999999991
1	6.715
0.99604743083004	13.4775
0.557312252964427	1.50899999999999
0.733201581027668	10.066
0.207509881422925	0.994000000000028
0.100790513833992	12.88
0.0454545454545455	17.311
0.0217391304347826	10.449
0.0138339920948617	16.35
0.0296442687747036	8.81799999999998
0.08300395256917	19.1609999999999
0.00197628458498024	6.69500000000005
1	8.5552
0.99604743083004	6.16000000000001
0.992094861660079	16.447
0.353754940711462	11.324
0.371541501976285	0.977000000000004
0.369565217391304	8.881
0.436758893280632	0.539999999999964
0.359683794466403	7.83199999999999
0.112648221343874	10.354
0.183794466403162	2.07299999999998
0.203557312252964	16.086
0.175889328063241	17.813
0.126482213438735	14.941
0.00395256916996047	11.998
0.0256916996047431	18.074
0.00592885375494071	19.186
0.00592885375494071	15.893
0.00197628458498024	9.98900000000003
0.116600790513834	17.972
0.0988142292490119	10.926
0.0988142292490119	13.912
0.0177865612648221	10.047
0.00592885375494071	17.763
0.379446640316206	12.268
0.403162055335968	15.776
0.0217391304347826	17.956
0.448616600790514	11.629
0.375494071146245	4.721
0.00988142292490119	11.843
0.00395256916996047	15.167
0.00395256916996047	14.8919999999999
0.156126482213439	14.297
0.00395256916996047	16.294
0.0158102766798419	10.414
0.41699604743083	8.85100000000003
0.312252964426877	12.943
0.322134387351779	7.77099999999996
0.606719367588933	3.029
0.203557312252964	17.402
0.197628458498024	8.08199999999999
0.0790513833992095	15.592
0.0533596837944664	14.455
0.0474308300395257	8.85699999999997
0.0316205533596838	15.056
0.0158102766798419	9.47699999999998
0.00395256916996047	9.79100000000005
0.00988142292490119	15.237
0.00988142292490119	9.69000000000005
0.812252964426877	14.0749999999999
0.00395256916996047	2.548
0.00197628458498024	5.053
1	19.6726
0.545454545454545	7.8535
0.537549407114625	6.562
0.235177865612648	8.78800000000001
0.256916996047431	5.982
0.122529644268775	19.163
0.114624505928854	16.085
0.828063241106719	13.261
0.0869565217391304	17.167
0.0909090909090909	4.435
0.132411067193676	4.96100000000001
0.00197628458498024	5.43099999999998
0.033596837944664	18.231
0.889328063241107	19.048
0.837944664031621	0.269999999999982
0.839920948616601	10.516
0.359683794466403	14.825
0.0869565217391304	18.9299999999999
0.0513833992094862	8.10800000000006
0.0296442687747036	12.9839999999999
0.0138339920948617	8.61500000000001
0.041501976284585	12.5650000000001
0.191699604743083	12.978
0.0770750988142292	13.6990000000001
0.545454545454545	5.41380000000001
0.539525691699605	0.233999999999995
0.535573122529644	8.629
0.25296442687747	0
0.25098814229249	3.75700000000001
0.150197628458498	10.994
0.00592885375494071	12.876
0.00395256916996047	9.16700000000003
0.0118577075098814	9.59899999999999
0.0217391304347826	10.215
0.0118577075098814	16.007
0.885375494071146	5.26599999999996
0.893280632411067	5.80600000000004
0.889328063241107	6.61000000000001
0.0375494071146245	14.9879999999999
0.33399209486166	4.33900000000006
0.468379446640316	15.352
0.557312252964427	2.79300000000001
0.559288537549407	10.24
0.191699604743083	5.57999999999993
0.203557312252964	16.8349999999999
0.877470355731225	10.5809
0.873517786561265	4.089
0.754940711462451	19.574
0.075098814229249	9.465
0.0948616600790514	17.653
0.00790513833992095	17.865
0.531620553359684	5.87700000000001
0.0711462450592885	7.9319999999999
0.0118577075098814	8.03400000000011
0.00395256916996047	15.0999999999999
0.420948616600791	14.1080000000001
0.622529644268775	2.08199999999999
0.620553359683794	18.774
0.262845849802372	11.5409999999999
0.264822134387352	15.811
0.0968379446640316	7.25
0.0118577075098814	15.682
0.144268774703557	9.21900000000005
0.877470355731225	6.56610000000001
0.873517786561265	14.283
0.104743083003953	15.374
0.828063241106719	12.074
0.529644268774704	19.15
0.296442687747036	7.83599999999996
0.486166007905138	11.585
0.486166007905138	12.748
0.0691699604743083	10.826
0.00790513833992095	14.218
0.478260869565217	7.04899999999998
0.523715415019763	3.73099999999999
0.264822134387352	3.11799999999994
0.262845849802372	6.24400000000003
0.0770750988142292	17.7719999999999
0.0652173913043478	8.303
0.0118577075098814	18.9540000000001
0.0355731225296443	18.159
0.786561264822134	4.7907
0.780632411067194	19.626
0.209486166007905	13.518
0.642292490118577	15.962
0.472332015810277	11.089
0.83201581027668	5.77999999999997
0.626482213438735	17.745
0.0118577075098814	17.335
0.00592885375494071	16.3689999999999
0.837944664031621	14.0160000000001
0.729249011857708	18.627
0.776679841897233	3.09800000000007
0.776679841897233	1.976
0.764822134387352	6.68899999999996
0.454545454545455	19.967
0.454545454545455	17.405
0.0237154150197628	8.452
0.786561264822134	1.986
0.786561264822134	0.329999999999998
0.128458498023715	4.56400000000002
0.209486166007905	19.796
0.122529644268775	5.56
0.173913043478261	16.958
0.197628458498024	17.436
0.16798418972332	19.92
0.727272727272727	4.33800000000002
0.0592885375494071	16.14
0.140316205533597	5.11200000000008
0.774703557312253	5.851
0.772727272727273	19.361
0.00197628458498024	3.73400000000004
0.102766798418972	17.9659999999999
0.120553359683794	19.1640000000001
0.0533596837944664	17.005
0.00395256916996047	4.53899999999999
0.0177865612648221	17.898
0.104743083003953	19.4699999999999
0.108695652173913	4.57900000000006
0.0395256916996047	9.79300000000001
0.00197628458498024	19.505
0.215415019762846	8.41800000000001
0.203557312252964	13.98
0.177865612648221	12.77
0.245059288537549	7.46699999999998
0.624505928853755	9.18200000000002
0.041501976284585	16.508
0.0296442687747036	4.85199999999998
0.0276679841897233	1.279
0.041501976284585	18.4299999999999
0.075098814229249	9.44400000000007
0.0553359683794466	8.89400000000001
0.0276679841897233	14.4219999999999
0.00790513833992095	11.0740000000001
0.899209486166008	3.42700000000002
0.907114624505929	5.99799999999993
0.553359683794466	13.468
0.00790513833992095	16.203
0.99604743083004	2.74799999999999
0.994071146245059	13.974
0.970355731225296	15.402
0.754940711462451	15.069
0.292490118577075	13.106
0.0731225296442688	6.70500000000004
0.0592885375494071	9.29699999999997
0.0573122529644269	15.614
0.041501976284585	17.446
0.075098814229249	12.207
0.0533596837944664	19.77
0.0276679841897233	18.083
0.0177865612648221	17.869
0.0217391304347826	13.176
0.839920948616601	15.112
0.160079051383399	6.13400000000001
0.782608695652174	1.07199999999997
0.778656126482213	15.628
0.545454545454545	4.89100000000002
0.268774703557312	13.922
0.519762845849802	5.56200000000001
0.00395256916996047	16.832
0.25098814229249	2.10000000000002
0.24901185770751	13.299
0.209486166007905	5.35799999999995
0.201581027667984	12.2570000000001
0.106719367588933	13.2149999999999
0.116600790513834	2.85200000000009
0.0256916996047431	9.62
0.00395256916996047	5.44099999999992
0.00592885375494071	4.11099999999999
0.0434782608695652	16.814
0.0158102766798419	13.319
0.780632411067194	1.86099999999999
0.776679841897233	13.158
0.114624505928854	13.338
0.130434782608696	6.76400000000001
0.0889328063241107	9.12099999999998
0.484189723320158	14.8009999999999
0.901185770750988	12.939
0.138339920948617	15.78
0.0513833992094862	4.58600000000001
0.00197628458498024	3.178
0.0217391304347826	18.01
0.0256916996047431	10.2230000000001
0.984189723320158	1.43599999999998
0.837944664031621	4.99000000000001
0.822134387351779	8.29599999999999
0.756916996047431	6.05599999999998
0.237154150197628	8.33499999999998
0.0296442687747036	16.578
0.227272727272727	2.41200000000003
0.0770750988142292	4.05000000000007
0.0632411067193676	9.17700000000002
0.00790513833992095	19.5939999999999
0.0177865612648221	11.14
0.49802371541502	5.13
0.713438735177866	14.503
0.719367588932806	1.61199999999997
0.16403162055336	12.255
0.0158102766798419	15.923
0.00395256916996047	9.63200000000006
1	8.65200000000002
0.99802371541502	3.85399999999998
0.984189723320158	11.565
0.8300395256917	0.214999999999975
0.822134387351779	5.404
0.351778656126482	0.543999999999983
0.353754940711462	5.27500000000003
0.448616600790514	19.967
0.130434782608696	6.09500000000003
0.320158102766798	4.97700000000009
0.112648221343874	17.4399999999999
0.0158102766798419	16.955
0.0237154150197628	19.731
0.0355731225296443	14.898
0.203557312252964	19.796
0.16600790513834	0.629999999999995
0.160079051383399	10.7
0.0948616600790514	6.7589999999999
0.99802371541502	16.075
0.112648221343874	17.94
0.100790513833992	2.87800000000001
0.177865612648221	7.96000000000001
0.138339920948617	17.433
0.0790513833992095	19.451
0.0711462450592885	0.738999999999976
0.0691699604743083	8.99000000000001
0.00988142292490119	13.064
0.683794466403162	10.093
0.683794466403162	16.8960000000001
0.241106719367589	12.8689999999999
0.0138339920948617	11.948
0.114624505928854	5.99000000000001
0.0592885375494071	8.64699999999993
0.0355731225296443	15.1600000000001
0.0158102766798419	10.4069999999999
0.00790513833992095	12.838
0.189723320158103	18.301
0.671936758893281	13.213
1	8.72
0.99802371541502	16.843
0.875494071146245	15.855
0.735177865612648	5.84800000000001
0.00197628458498024	6.767
0.185770750988142	11.447
0.0276679841897233	16.511
0.00197628458498024	1.35300000000001
0.337944664031621	9.42400000000009
0.154150197628458	19.4989999999999
0.343873517786561	12.47
0.0968379446640316	14.442
0.041501976284585	16.019
0.0296442687747036	4.18600000000004
0.873517786561265	2.83100000000002
0.877470355731225	8.62599999999998
0.701581027667984	8.99800000000005
0.697628458498024	10.7149999999999
0.0573122529644269	19.1940000000001
0.0434782608695652	12.6429999999999
0.00592885375494071	9.78500000000008
0.879446640316206	7.337
0.871541501976285	14.409
0.689723320158103	10.021
0.624505928853755	2.477
0.00592885375494071	12.896
0.0454545454545455	14.404
0.00790513833992095	15.664
0.00197628458498024	0
0.16798418972332	0.285000000000082
0.1699604743083	4.15099999999995
0.16798418972332	19.592
0.0316205533596838	11.1420000000001
0.00790513833992095	19.143
0.00395256916996047	16.942
0.922924901185771	1.78399999999999
0.91699604743083	12.294
0.270750988142292	18.557
0.622529644268775	13.843
0.881422924901186	19.599
0.871541501976285	12.382
0.0158102766798419	11.801
0.300395256916996	9.55500000000001
0.146245059288538	9.21600000000001
0.0928853754940712	10.523
0.0592885375494071	10.741
0.0513833992094862	18.671
0.00197628458498024	2.56400000000002
0.00592885375494071	16.98
0.0355731225296443	9.57599999999991
0.033596837944664	19.496
0.0217391304347826	7.60599999999999
0.0177865612648221	18.747
0.91699604743083	16.731
0.867588932806324	16.917
0.559288537549407	1.3545
0.557312252964427	1.90400000000001
0.555335968379447	16.157
0.128458498023715	0.0130000000000052
0.130434782608696	3.62799999999999
0.361660079051383	13.215
0.359683794466403	0.980000000000018
0.357707509881423	8.166
0.519762845849802	18.887
0.0316205533596838	12.822
0.0118577075098814	14.521
0.231225296442688	15.544
0.219367588932806	0.956000000000017
0.207509881422925	0.729000000000042
0.00395256916996047	8.80099999999993
0.440711462450593	12.2719999999999
0.134387351778656	15.2190000000001
0.132411067193676	18.304
0.859683794466403	12.1270000000001
0.0849802371541502	10.26
0.446640316205534	16.625
0.0158102766798419	7.68499999999995
0.440711462450593	10.4167
0.438735177865613	2.748
0.436758893280632	7.98999999999999
0.0691699604743083	3.97699999999998
0.0810276679841897	7.99700000000001
0.00197628458498024	5.53299999999999
0.322134387351779	18.1799999999999
0.102766798418972	4.74000000000001
0.235177865612648	9.517
0.282608695652174	18.01
0.409090909090909	18.051
0.201581027667984	19.75
0.691699604743083	6.577
0.656126482213439	2.08699999999999
0.235177865612648	2.33799999999997
0.239130434782609	11.001
0.0988142292490119	6.60599999999999
0.521739130434783	8.40300000000002
0.0395256916996047	16.0260000000001
0.875494071146245	3.00699999999995
0.266798418972332	2.95100000000002
0.731225296442688	14.458
0.0158102766798419	11.4630000000001
0.802371541501976	16.997
0.798418972332016	9.69200000000001
0.788537549407115	18.163
0.217391304347826	8.21000000000001
0.0197628458498024	6.31700000000001
0.128458498023715	2.625
0.126482213438735	5.822
0.0316205533596838	19.021
0.00790513833992095	12.887
0.0474308300395257	19.754
0.58102766798419	19.098
0.122529644268775	12.725
0.0671936758893281	12.078
0.0276679841897233	15.535
0.00592885375494071	13.5170000000001
0.227272727272727	0.0710000000000264
0.235177865612648	10.592
0.126482213438735	11.338
0.804347826086957	16.5652
0.802371541501976	18.5459
0.784584980237154	14.497
0.245059288537549	3.976
0.446640316205534	0.528999999999996
0.446640316205534	2.48200000000003
0.444664031620553	9.28199999999998
0.00395256916996047	11.415
0.58102766798419	19.251
0.577075098814229	15.1319999999999
0.409090909090909	7.06399999999996
0.426877470355731	3.99800000000005
0.0237154150197628	8.65999999999997
0.227272727272727	8.01999999999998
0.112648221343874	14.497
0.0177865612648221	16.6619999999999
0.128458498023715	1.37700000000007
0.126482213438735	7.88099999999997
1	10.2451
0.99604743083004	6.78700000000001
0.411067193675889	14.902
0.41304347826087	6.709
0.434782608695652	18.428
0.00592885375494071	3.75999999999999
0.00395256916996047	15.63
0.0118577075098814	0.833000000000027
0.00395256916996047	7.12799999999999
0.033596837944664	16.7909999999999
0.229249011857708	12.116
0.662055335968379	11.1560000000001
0.075098814229249	12.732
0.0158102766798419	9.19299999999998
0.114624505928854	15.658
0.177865612648221	19.052
0.863636363636364	16.4540000000001
1	12.7653
0.99604743083004	8.191
0.359683794466403	0.650999999999982
0.363636363636364	4.363
0.361660079051383	2.01400000000001
0.128458498023715	6.75900000000001
0.515810276679842	9.57299999999998
0.0138339920948617	12.662
0.00592885375494071	9.79899999999998
0.00592885375494071	10.186
0.256916996047431	5.50099999999998
0.264822134387352	4.92399999999998
0.260869565217391	8.77700000000004
0.116600790513834	15.731
0.00592885375494071	9.20100000000002
0.0316205533596838	14.025
0.855731225296443	16.074
0.855731225296443	5.98000000000002
0.922924901185771	9.928
0.00592885375494071	5.74699999999999
0.341897233201581	19.077
0.75296442687747	13.704
0.243083003952569	14.66
0.25296442687747	16.143
0.00395256916996047	11.794
0.0355731225296443	15.051
0.00592885375494071	10.072
0.00395256916996047	8.95600000000002
0.727272727272727	16.338
0.662055335968379	3.10900000000004
0.658102766798419	9.98500000000001
0.511857707509881	5.23599999999999
0.00197628458498024	0.0480000000000018
0.00790513833992095	10.097
0.614624505928854	0.0240000000000009
0.00197628458498024	2.30800000000002
0.00592885375494071	0.317999999999984
0.00395256916996047	15.128
0.136363636363636	17.597
0.203557312252964	14.313
0.256916996047431	19.273
0.100790513833992	4.07099999999991
0.00395256916996047	10.3150000000001
0.0197628458498024	16.543
0.743083003952569	19.39
0.349802371541502	3.99199999999996
0.185770750988142	15.596
0.00790513833992095	6.08600000000001
0.0276679841897233	19.924
0.579051383399209	1.37899999999996
0.555335968379447	2.38200000000001
0.24901185770751	19.681
0.292490118577075	13.937
0.193675889328063	5.75799999999998
0.128458498023715	11.007
0.122529644268775	0
0.0454545454545455	15.484
0.0296442687747036	9.78300000000002
0.00592885375494071	13.692
0.00790513833992095	18.2679999999999
0.820158102766798	17.421
0.00197628458498024	2.93299999999999
0.0158102766798419	17.903
0.881422924901186	19.0070000000001
1	2.65300000000001
0.490118577075099	16.878
0.577075098814229	14.931
0.575098814229249	18.609
0.673913043478261	5.822
0.193675889328063	19.438
0.154150197628458	2.56100000000004
0.312252964426877	13.9159999999999
0.203557312252964	9.27500000000009
0.0217391304347826	19.5459999999999
0.00988142292490119	9.40300000000002
0.0118577075098814	15.144
0.911067193675889	17.641
0.130434782608696	19.5150000000001
0.100790513833992	15.6769999999999
1	13.8148
0.367588932806324	17.7328
0.359683794466403	17.929
0.0355731225296443	17.688
0.519762845849802	12.476
0.148221343873518	1.96000000000004
0.0731225296442688	16.674
0.0573122529644269	19.887
0.0296442687747036	14.183
0.0296442687747036	17.6899999999999
0.907114624505929	18.051
0.345849802371542	11.176
0.776679841897233	17.452
1	15.816
0.624505928853755	0.835699999999989
0.622529644268775	5.7886
0.620553359683794	7.33199999999999
0.875494071146245	3.108
0.0296442687747036	5.131
0.0217391304347826	13.156
0.393280632411067	17.488
0.391304347826087	6.00799999999998
0.00790513833992095	15.484
0.0810276679841897	14.022
0.0217391304347826	13.53
0.0158102766798419	16.582
0.00395256916996047	10.961
0.00592885375494071	15.7380000000001
0.932806324110672	19.351
0.347826086956522	4.72699999999998
0.0869565217391304	11.304
0.075098814229249	15.145
0.033596837944664	9.17100000000005
0.0118577075098814	11.0359999999999
0.0968379446640316	11.604
0.0513833992094862	8.24800000000002
0.0316205533596838	18.318
0.614624505928854	0.0729999999999791
0.802371541501976	0.204000000000008
0.804347826086957	2.53200000000004
0.804347826086957	16.098
0.00197628458498024	2.85700000000003
0.58695652173913	6.21699999999998
0.691699604743083	12.5549999999999
0.328063241106719	2.96600000000001
0.1699604743083	3.02499999999998
0.00592885375494071	16.6360000000001
0.237154150197628	11.2779999999999
0.0395256916996047	15.6690000000001
0.0217391304347826	8.65099999999995
0.0177865612648221	15.056
0.00988142292490119	15.6759999999999
0.891304347826087	14.3820000000001
1	14.166
0.99802371541502	12.417
0.99604743083004	16.423
0.296442687747036	11.752
0.00592885375494071	16.5839999999999
0.612648221343874	17.953
0.802371541501976	15.758
0.804347826086957	3.45999999999998
0.185770750988142	16.15
0.16798418972332	19.546
0.626482213438735	12.147
0.0671936758893281	11.98
0.320158102766798	11.0029999999999
0.1699604743083	19.1560000000001
0.243083003952569	16.461
0.401185770750988	9.04899999999998
0.328063241106719	13.438
0.318181818181818	9.69600000000003
0.845849802371542	9.74599999999998
0.195652173913043	17.352
0.0909090909090909	13.549
0.08300395256917	18.63
0.0237154150197628	18.394
0.0217391304347826	8.90700000000004
0.00988142292490119	10.814
0.385375494071146	2.72500000000002
0.381422924901186	14.448
0.120553359683794	13.293
0.209486166007905	9.3309999999999
0.0928853754940712	9.649
0.033596837944664	8.16800000000001
0.0276679841897233	18.4399999999999
1	2.19900000000001
0.964426877470356	9.00099999999998
0.960474308300395	5.60699999999997
0.74703557312253	5.572
0.841897233201581	7.76999999999998
0.298418972332016	9.86599999999999
0.284584980237154	16.053
0.0237154150197628	10.045
0.0118577075098814	10.104
0.00592885375494071	16.804
0.387351778656126	17.994
0.385375494071146	5.41700000000003
0.349802371541502	4.99399999999991
0.138339920948617	14.644
1	14.713
0.549407114624506	10.4340000000001
0.555335968379447	1.61299999999994
0.553359683794466	9.84300000000007
0.243083003952569	10.0949999999999
0.227272727272727	9.95400000000006
0.567193675889328	14.192
0.104743083003953	15.7629999999999
0.041501976284585	3.28899999999999
0.00790513833992095	16.832
0.0671936758893281	0.663999999999987
0.033596837944664	10.8870000000001
0.468379446640316	9.82900000000001
0.0158102766798419	8.59699999999998
0.0138339920948617	19.7130000000001
0.0138339920948617	17.8049999999999
0.796442687747036	3.54600000000005
0.00592885375494071	1.66800000000001
0.142292490118577	17.0459999999999
0.130434782608696	0
0.703557312252964	0.829000000000065
0.00395256916996047	1.89800000000002
1	6.7299
0.99604743083004	8.42659999999999
0.527667984189723	12.129
0.505928853754941	13.233
0.0197628458498024	8.44499999999999
0.00592885375494071	14.138
0.00395256916996047	6.26100000000002
0.800395256916996	7.84399999999994
0.116600790513834	3.95100000000002
0.114624505928854	3.25999999999999
0.0573122529644269	7.28499999999997
0.0197628458498024	18.12
0.00197628458498024	5.25800000000004
0.0316205533596838	19.847
0.00197628458498024	13.687
0.140316205533597	16.178
0.0217391304347826	5.51700000000005
0.00197628458498024	4.80100000000004
0.102766798418972	17.554
0.100790513833992	14.151
1	6.3023
0.99604743083004	6.458
0.517786561264822	14.193
0.505928853754941	0.00100000000000477
0.513833992094862	2.88499999999999
0.511857707509881	9.90800000000002
0.256916996047431	3.49199999999996
0.24703557312253	2.01300000000003
0.00395256916996047	10.858
0.132411067193676	18.2
0.00395256916996047	10.079
0.00790513833992095	18.344
0.146245059288538	14.1310000000001
0.195652173913043	7.48400000000004
0.201581027667984	13.371
0.766798418972332	3.38599999999997
0.764822134387352	8.26999999999998
0.909090909090909	6.68899999999996
0.74901185770751	9.77800000000002
0.122529644268775	17.1450000000001
0.0671936758893281	13.9029999999999
0.00395256916996047	0.00100000000009004
0.934782608695652	2.17610000000001
0.930830039525692	8.11579999999999
0.274703557312253	9.33500000000001
0.0869565217391304	9.64400000000001
0.618577075098814	18.004
0.245059288537549	11.572
0.375494071146245	14.911
0.74901185770751	19.558
0.0138339920948617	10.23
0.00395256916996047	12.5
0.154150197628458	13.807
0.711462450592885	18.956
0.885375494071146	12.077
0.895256916996047	15.532
0.936758893280632	18.4062
0.932806324110672	1.935
0.930830039525692	16.5898
0.288537549407115	12.666
0.407114624505929	8.601
0.00395256916996047	0.845000000000027
0.0197628458498024	10.9829999999999
0.322134387351779	1.95099999999991
0.322134387351779	7.0200000000001
0.154150197628458	16.96
0.0612648221343874	7.34100000000001
0.041501976284585	9.06999999999994
0.885375494071146	1.31299999999999
0.0177865612648221	16.11
0.00988142292490119	10.057
1	19.138
0.99802371541502	14.495
0.231225296442688	13.543
0.00988142292490119	10.292
0.00395256916996047	1.678
0.780632411067194	7.80600000000004
0.00988142292490119	8.27999999999997
0.00592885375494071	7.596
0.00197628458498024	9.69000000000005
0.00395256916996047	15.7569999999999
0.0158102766798419	17.761
0.0573122529644269	15.518
0.91501976284585	19.311
0.640316205533597	15.7959999999999
0.268774703557312	2.31600000000003
0.00395256916996047	6.35699999999997
0.0256916996047431	19.2860000000001
0.990118577075099	16.676
0.142292490118577	8.35599999999999
0.132411067193676	1.23199999999997
0.126482213438735	18.525
0.124505928853755	13.107
0.0237154150197628	3.47000000000003
0.00790513833992095	13.651
0.0355731225296443	6.40500000000009
0.889328063241107	6.31499999999994
0.891304347826087	5.46300000000008
0.594861660079051	16.515
0.920948616600791	16.2859999999999
0.632411067193676	4.52100000000007
0.0533596837944664	4.96799999999996
0.0217391304347826	11.588
0.0138339920948617	0
1	19.9686
0.99802371541502	10.338
0.525691699604743	0.253999999999991
0.521739130434783	5.59800000000001
0.00395256916996047	14.598
0.0948616600790514	16.773
0.0197628458498024	14.89
0.00197628458498024	5.94900000000007
0.0197628458498024	8.40300000000002
0.00592885375494071	11.7529999999999
0.00395256916996047	13.011
0.0217391304347826	12.648
0.00197628458498024	9.07600000000002
0.00395256916996047	13.96
0.00197628458498024	17.569
0.0177865612648221	18.38
0.529644268774704	14.651
0.521739130434783	5.06799999999998
0.0355731225296443	17.932
0.490118577075099	0.000999999999976353
0.490118577075099	0.310999999999979
0.488142292490119	5.52499999999998
0.774703557312253	17.546
0.0217391304347826	19.8030000000001
0.0276679841897233	19.275
0.00197628458498024	0.778999999999996
0.00395256916996047	16.9979999999999
0.00197628458498024	5.65700000000004
0.930830039525692	12.044
0.0316205533596838	14.938
0.0237154150197628	13.255
0.00395256916996047	18.274
0.911067193675889	7.91000000000008
0.91304347826087	8.25900000000001
0.91304347826087	10.164
0.314229249011858	18.532
0.296442687747036	11.88
0.300395256916996	10.084
0.381422924901186	9.834
0.00197628458498024	8.54100000000005
0.0138339920948617	18.14
0.146245059288538	7.56799999999998
0.545454545454545	13.599
0.523715415019763	6.423
0.577075098814229	2.654
0.577075098814229	6.78800000000001
0.928853754940711	16.736
0.0948616600790514	16.684
1	6.99599999999998
0.99802371541502	1.43600000000001
0.99604743083004	6.709
0.377470355731225	0.0419999999999732
0.373517786561265	2.95400000000001
0.195652173913043	4.935
0.00790513833992095	8.54899999999998
0.233201581027668	12.1229999999999
0.233201581027668	1.63800000000003
0.616600790513834	0.921000000000049
0.557312252964427	19.277
0.0177865612648221	15.241
0.0177865612648221	18.119
0.00395256916996047	10.8539999999999
0.326086956521739	10.341
1	5.23609999999999
0.99604743083004	17.0004
0.474308300395257	0.350999999999999
0.472332015810277	8.47499999999999
0.187747035573123	9.54799999999997
0.171936758893281	7.53400000000005
0.173913043478261	10.482
0.276679841897233	13.794
0.877470355731225	8.18000000000001
0.539525691699605	4.58699999999999
0.387351778656126	15.626
0.310276679841897	2.18299999999999
0.142292490118577	15.375
0.521739130434783	11.7439999999999
0.00395256916996047	16.8200000000001
0.075098814229249	14.365
0.00592885375494071	19.785
0.509881422924901	18.7810000000001
0.426877470355731	10.1049999999999
0.430830039525692	5.91300000000001
1	8.8848
0.99604743083004	16.201
0.476284584980237	14.046
0.472332015810277	18.98
0.00395256916996047	12.109
0.0138339920948617	19.788
0.00395256916996047	9.43900000000002
0.08300395256917	16.853
0.602766798418972	14.559
0.397233201581028	16.332
0.391304347826087	16.467
0.160079051383399	6.74400000000003
0.0948616600790514	11.6070000000001
0.173913043478261	7.67699999999991
0.00197628458498024	6.24400000000003
0.0118577075098814	11.266
1	8.60300000000001
0.041501976284585	14.021
0.00395256916996047	15.727
0.0553359683794466	0.812000000000012
0.0138339920948617	7.82500000000005
0.50197628458498	10.1850000000001
0.806324110671937	1.37399999999991
0.814229249011858	4.18099999999993
0.756916996047431	14.283
0.847826086956522	0.451999999999998
0.847826086956522	7.03300000000002
0.936758893280632	18.948
0.91501976284585	15.224
0.849802371541502	9.351
0.116600790513834	17.7089999999999
0.0158102766798419	18.611
0.0395256916996047	19.72
0.994071146245059	7.48699999999999
0.409090909090909	18.993
0.403162055335968	13.376
0.962450592885375	12.118
0.0454545454545455	15.627
0.0217391304347826	13.081
0.0158102766798419	14.05
0.280632411067194	16.521
0.118577075098814	6.08199999999999
0.0296442687747036	7.81099999999992
0.0217391304347826	17.7600000000001
0.0118577075098814	14.822
0.142292490118577	18.146
0.0573122529644269	6.27499999999998
0.0731225296442688	10.623
0.0434782608695652	12.436
0.00395256916996047	6.71199999999999
0.00197628458498024	0.175000000000011
0.525691699604743	1.28799999999995
0.776679841897233	14.097
0.770750988142292	8.40800000000002
0.675889328063241	18.066
0.122529644268775	19.707
0.0276679841897233	11.9830000000001
0.154150197628458	17.918
0.134387351778656	9.59799999999996
0.132411067193676	3.45900000000006
0.0197628458498024	10.9159999999999
0.0276679841897233	6.66000000000008
0.00395256916996047	10.99
1	15.1717
0.99802371541502	18.725
0.588932806324111	10.103
0.992094861660079	2.56700000000001
0.442687747035573	4.57999999999998
0.430830039525692	16.907
0.00395256916996047	8.43199999999996
0.776679841897233	0.158999999999992
0.772727272727273	3.47300000000001
0.268774703557312	13.125
0.126482213438735	6.97199999999998
0.126482213438735	9.03899999999999
0.00988142292490119	7.495
0.134387351778656	9.721
0.0770750988142292	17.6800000000001
0.0553359683794466	11.997
0.0197628458498024	6.36199999999997
0.0276679841897233	14.7950000000001
0.0454545454545455	8.75299999999993
0.033596837944664	16.3240000000001
0.0138339920948617	18.8629999999999
0.940711462450593	14.072
0.0632411067193676	7.94299999999998
0.869565217391304	15.198
0.956521739130435	9.19500000000005
0.687747035573123	4.63099999999997
0.948616600790514	11.95
0.725296442687747	14.721
0.389328063241107	17.61
0.177865612648221	6.01300000000003
0.00395256916996047	15.673
0.0276679841897233	5.96199999999999
1	14.081
0.0375494071146245	3.56
0.0316205533596838	17.055
0.0158102766798419	15.702
0.00395256916996047	9.23500000000001
0.0671936758893281	3.61500000000001
0.0573122529644269	6.47199999999998
0.00395256916996047	18.3630000000001
0.952569169960474	4.55200000000002
0.440711462450593	9.07799999999997
0.440711462450593	14.554
0.523715415019763	15.1610000000001
0.00592885375494071	7.61299999999994
0.00197628458498024	6.44500000000005
0.575098814229249	3.91800000000001
0.551383399209486	13.531
0.867588932806324	11.094
0.0810276679841897	5.36000000000001
0.0256916996047431	13.694
0.00197628458498024	7.50800000000004
0.00395256916996047	12.832
0.802371541501976	4.62699999999995
0.889328063241107	3.2059999999999
0.887351778656126	9.69600000000003
0.106719367588933	6.82900000000006
0.106719367588933	19.6659999999999
0.806324110671937	19.0020000000001
0.824110671936759	13.647
0.824110671936759	5.899
0.575098814229249	8.80999999999997
0.494071146245059	18.862
0.565217391304348	5.24299999999999
0.869565217391304	7.29000000000002
0.0849802371541502	0.677000000000021
0.00395256916996047	9.48399999999998
0.0494071146245059	6.06899999999996
0.0118577075098814	8.41899999999998
0.00988142292490119	17.823
0.0276679841897233	10.138
0.00395256916996047	4.673
0.075098814229249	5.39700000000005
0.00592885375494071	11.904
0.826086956521739	5.54599999999994
0.403162055335968	16.888
0.399209486166008	19.369
