0.00197628458498024
0.00197628458498024
0.00197628458498024
0.00197628458498024
0.00197628458498024
0.140316205533597
0.00197628458498024
0.00197628458498024
0.00197628458498024
0.00395256916996047
0.00197628458498024
0.00197628458498024
0.0158102766798419
0.00988142292490119
0.00197628458498024
0.899209486166008
0.00197628458498024
0.00197628458498024
0.00197628458498024
0.00197628458498024
0.0138339920948617
0.075098814229249
0.00197628458498024
0.00197628458498024
0.00197628458498024
0.00197628458498024
0.99802371541502
0.0177865612648221
0.0256916996047431
0.00197628458498024
0.00197628458498024
