1
1
1
0.116600790513834
0.110671936758893
0.626482213438735
0.632411067193676
0.626482213438735
0.624505928853755
0.988142292490119
0.571146245059289
0.569169960474308
0.970355731225296
0.895256916996047
0.966403162055336
0.956521739130435
0.958498023715415
0.960474308300395
0.00592885375494071
0.00592885375494071
0.00790513833992095
0.950592885375494
0.602766798418972
0.948616600790514
0.948616600790514
0.950592885375494
0.952569169960474
0.954545454545455
0.952569169960474
1
1
0.879446640316206
0.877470355731225
0.988142292490119
0.630434782608696
0.624505928853755
0.58300395256917
0.982213438735178
0.986166007905138
0.895256916996047
0.970355731225296
0.962450592885375
0.952569169960474
0.958498023715415
0.942687747035573
0.950592885375494
0.758893280632411
0.758893280632411
0.602766798418972
0.600790513833992
0.946640316205534
0.950592885375494
0.952569169960474
0.954545454545455
0.952569169960474
1
1
0.66403162055336
0.00395256916996047
0.389328063241107
0.385375494071146
0.980237154150198
0.428853754940711
0.0118577075098814
0.399209486166008
0.387351778656126
0.00988142292490119
0.00988142292490119
0.0158102766798419
0.341897233201581
0.314229249011858
0.306324110671937
0.891304347826087
0.0158102766798419
0.0118577075098814
0.91897233201581
0.0197628458498024
0.00988142292490119
0.0177865612648221
0.958498023715415
0.958498023715415
0.960474308300395
0.960474308300395
0.962450592885375
0.966403162055336
0.970355731225296
0.671936758893281
1
1
0.33399209486166
0.33399209486166
0.602766798418972
0.00988142292490119
0.980237154150198
0.551383399209486
0.58498023715415
0.577075098814229
0.966403162055336
0.608695652173913
0.964426877470356
0.618577075098814
0.620553359683794
0.656126482213439
0.0118577075098814
0.0296442687747036
0.0355731225296443
0.00395256916996047
0.0197628458498024
0.00988142292490119
0.0158102766798419
0.00395256916996047
0.00395256916996047
0.966403162055336
0.00395256916996047
0.970355731225296
0.288537549407115
0.276679841897233
1
1
1
1
1
0.845849802371542
0.994071146245059
0.99802371541502
0.00197628458498024
0.994071146245059
0.994071146245059
0.994071146245059
0.994071146245059
0.992094861660079
0.992094861660079
0.988142292490119
0.976284584980237
0.962450592885375
0.962450592885375
0.859683794466403
0.859683794466403
0.822134387351779
0.822134387351779
0.865612648221344
0.822134387351779
0.756916996047431
0.881422924901186
0.863636363636364
0.893280632411067
1
0.00395256916996047
0.00592885375494071
0.00395256916996047
0.994071146245059
0.994071146245059
0.994071146245059
0.994071146245059
0.994071146245059
0.992094861660079
0.990118577075099
0.976284584980237
0.968379446640316
0.962450592885375
0.855731225296443
0.723320158102767
0.822134387351779
0.822134387351779
0.865612648221344
0.723320158102767
0.784584980237154
0.74901185770751
0.881422924901186
0.897233201581028
1
1
0.00197628458498024
0.737154150197628
0.737154150197628
0.99802371541502
0.994071146245059
0.988142292490119
0.00790513833992095
0.00790513833992095
0.940711462450593
0.940711462450593
0.950592885375494
0.938735177865613
0.946640316205534
0.972332015810277
0.812252964426877
0.610671936758893
0.956521739130435
0.938735177865613
0.938735177865613
0.938735177865613
0.901185770750988
0.891304347826087
0.926877470355731
0.774703557312253
0.778656126482213
0.786561264822134
1
1
0.737154150197628
0.737154150197628
0.737154150197628
0.737154150197628
0.99604743083004
0.994071146245059
0.988142292490119
0.707509881422925
0.976284584980237
0.928853754940711
0.940711462450593
0.940711462450593
0.940711462450593
0.974308300395257
0.972332015810277
0.610671936758893
0.968379446640316
0.673913043478261
0.66600790513834
0.936758893280632
0.950592885375494
0.926877470355731
0.924901185770751
0.782608695652174
0.780632411067194
0.784584980237154
0.932806324110672
1
1
1
1
1
1
1
1
0.994071146245059
0.988142292490119
0.816205533596838
0.958498023715415
0.966403162055336
0.944664031620553
0.946640316205534
0.920948616600791
0.938735177865613
0.780632411067194
0.780632411067194
0.776679841897233
0.772727272727273
0.703557312252964
0.883399209486166
0.958498023715415
0.958498023715415
0.648221343873518
0.776679841897233
0.887351778656126
1
1
1
1
1
1
1
0.99802371541502
0.992094861660079
0.816205533596838
0.962450592885375
0.954545454545455
0.958498023715415
0.00395256916996047
0.0177865612648221
0.932806324110672
0.75296442687747
0.780632411067194
0.784584980237154
0.776679841897233
0.717391304347826
0.689723320158103
0.883399209486166
0.883399209486166
0.958498023715415
0.954545454545455
0.646245059288538
0.928853754940711
0.766798418972332
0.887351778656126
1
0.0118577075098814
0.108695652173913
0.00197628458498024
0.00197628458498024
0.00592885375494071
0.0810276679841897
0.0810276679841897
0.08300395256917
0.00395256916996047
0.00592885375494071
0.00790513833992095
0.00988142292490119
0.863636363636364
0.980237154150198
0.986166007905138
0.982213438735178
0.976284584980237
0.948616600790514
0.705533596837945
0.948616600790514
0.952569169960474
0.960474308300395
0.964426877470356
0.952569169960474
0.948616600790514
0.952569169960474
0.954545454545455
1
1
0.106719367588933
0.106719367588933
0.988142292490119
0.988142292490119
0.903162055335968
0.903162055335968
0.909090909090909
0.930830039525692
0.938735177865613
0.930830039525692
0.863636363636364
0.863636363636364
0.984189723320158
0.984189723320158
0.974308300395257
0.942687747035573
0.727272727272727
0.948616600790514
0.944664031620553
0.954545454545455
0.966403162055336
0.950592885375494
0.950592885375494
0.952569169960474
0.950592885375494
0.877470355731225
1
0.877470355731225
0.00592885375494071
0.00790513833992095
0.00395256916996047
0.934782608695652
0.511857707509881
0.511857707509881
0.944664031620553
0.944664031620553
0.946640316205534
0.946640316205534
0.952569169960474
0.960474308300395
0.962450592885375
0.968379446640316
0.849802371541502
0.707509881422925
0.820158102766798
0.58300395256917
0.713438735177866
0.636363636363636
0.875494071146245
0.944664031620553
0.938735177865613
0.934782608695652
1
1
1
1
1
1
0.869565217391304
0.869565217391304
0.966403162055336
0.511857707509881
0.942687747035573
0.944664031620553
0.944664031620553
0.946640316205534
0.954545454545455
0.950592885375494
0.958498023715415
0.964426877470356
0.851778656126482
0.717391304347826
0.705533596837945
0.727272727272727
0.636363636363636
0.877470355731225
0.867588932806324
0.938735177865613
0.936758893280632
1
1
1
1
1
1
0.99802371541502
0.988142292490119
0.00790513833992095
0.0118577075098814
0.715415019762846
0.715415019762846
0.956521739130435
0.984189723320158
0.926877470355731
0.958498023715415
0.974308300395257
0.806324110671937
0.758893280632411
0.721343873517787
0.887351778656126
0.948616600790514
0.952569169960474
0.948616600790514
0.778656126482213
0.926877470355731
0.926877470355731
0.91699604743083
0.889328063241107
1
1
1
1
1
1
0.99802371541502
0.994071146245059
0.978260869565217
0.974308300395257
0.745059288537549
0.713438735177866
0.970355731225296
0.926877470355731
0.980237154150198
0.984189723320158
0.802371541501976
0.762845849802372
0.899209486166008
0.936758893280632
0.946640316205534
0.948616600790514
0.956521739130435
0.956521739130435
0.790513833992095
0.782608695652174
0.926877470355731
0.928853754940711
0.924901185770751
0.932806324110672
1
0.00395256916996047
0.00790513833992095
0.00790513833992095
0.00790513833992095
0.0158102766798419
0.0237154150197628
0.00988142292490119
0.91897233201581
0.91699604743083
0.91304347826087
0.909090909090909
0.895256916996047
0.958498023715415
0.851778656126482
0.808300395256917
0.940711462450593
0.375494071146245
0.420948616600791
0.428853754940711
0.377470355731225
0.877470355731225
1
1
1
1
1
1
1
1
0.992094861660079
0.990118577075099
0.988142292490119
0.974308300395257
0.901185770750988
0.756916996047431
0.91501976284585
0.91897233201581
0.91304347826087
0.909090909090909
0.893280632411067
0.956521739130435
0.942687747035573
0.806324110671937
0.948616600790514
0.956521739130435
0.393280632411067
0.420948616600791
0.428853754940711
0.41897233201581
0.371541501976285
0.877470355731225
1
0.590909090909091
0.590909090909091
0.58300395256917
0.58300395256917
0.964426877470356
0.851778656126482
0.855731225296443
0.802371541501976
0.808300395256917
0.0138339920948617
0.162055335968379
0.00790513833992095
0.00790513833992095
0.0118577075098814
0.849802371541502
0.962450592885375
0.964426877470356
0.968379446640316
0.976284584980237
0.792490118577075
0.786561264822134
0.974308300395257
0.847826086956522
0.845849802371542
0.00395256916996047
1
1
1
1
1
1
0.99802371541502
0.403162055335968
0.403162055335968
0.399209486166008
0.385375494071146
0.120553359683794
0.00988142292490119
0.162055335968379
0.158102766798419
0.0177865612648221
0.162055335968379
0.120553359683794
0.00395256916996047
0.00395256916996047
0.00395256916996047
0.0158102766798419
0.0118577075098814
0.00592885375494071
0.00197628458498024
0.786561264822134
0.00395256916996047
0.00197628458498024
1
0.00197628458498024
0.962450592885375
0.982213438735178
0.940711462450593
0.940711462450593
0.966403162055336
0.952569169960474
0.881422924901186
0.928853754940711
0.986166007905138
0.877470355731225
0.877470355731225
0.881422924901186
0.924901185770751
0.926877470355731
0.00790513833992095
0.970355731225296
0.968379446640316
0.387351778656126
0.948616600790514
0.357707509881423
0.00395256916996047
0.00988142292490119
0.962450592885375
0.954545454545455
0.00790513833992095
0.938735177865613
0.324110671936759
0.326086956521739
1
0.968379446640316
0.00395256916996047
0.00592885375494071
0.033596837944664
0.976284584980237
0.0197628458498024
0.00790513833992095
0.00395256916996047
0.0177865612648221
0.0573122529644269
0.0612648221343874
0.984189723320158
0.0948616600790514
0.883399209486166
0.0513833992094862
0.00790513833992095
0.974308300395257
0.341897233201581
0.968379446640316
0.58498023715415
0.948616600790514
0.58300395256917
0.411067193675889
0.940711462450593
0.604743083003953
0.958498023715415
0.594861660079051
0.598814229249012
0.0118577075098814
0.618577075098814
0.717391304347826
1
1
1
1
1
1
0.992094861660079
0.950592885375494
0.950592885375494
0.91897233201581
0.911067193675889
0.964426877470356
0.968379446640316
0.976284584980237
0.964426877470356
0.938735177865613
0.770750988142292
0.944664031620553
0.818181818181818
0.91897233201581
0.91501976284585
0.928853754940711
0.91897233201581
0.91897233201581
0.889328063241107
0.91304347826087
0.920948616600791
0.924901185770751
1
1
1
1
1
1
0.992094861660079
0.952569169960474
0.950592885375494
0.91897233201581
0.907114624505929
0.958498023715415
0.964426877470356
0.972332015810277
0.893280632411067
0.901185770750988
0.930830039525692
0.774703557312253
0.828063241106719
0.822134387351779
0.954545454545455
0.934782608695652
0.91699604743083
0.893280632411067
0.907114624505929
0.770750988142292
0.936758893280632
0.936758893280632
1
0.685770750988142
0.326086956521739
0.320158102766798
0.318181818181818
0.992094861660079
0.0296442687747036
0.00592885375494071
0.00988142292490119
0.00988142292490119
0.337944664031621
0.337944664031621
0.337944664031621
0.33596837944664
0.934782608695652
0.972332015810277
0.480237154150198
0.486166007905138
0.976284584980237
0.966403162055336
0.920948616600791
0.926877470355731
0.932806324110672
0.952569169960474
0.940711462450593
0.620553359683794
1
1
1
1
1
1
1
0.671936758893281
0.679841897233202
0.675889328063241
0.990118577075099
0.962450592885375
0.401185770750988
0.409090909090909
0.00395256916996047
0.646245059288538
0.644268774703557
0.932806324110672
0.974308300395257
0.480237154150198
0.490118577075099
0.978260869565217
0.970355731225296
0.964426877470356
0.91501976284585
0.926877470355731
0.948616600790514
0.954545454545455
0.00988142292490119
0.620553359683794
1
1
1
1
1
1
0.99802371541502
0.948616600790514
0.909090909090909
0.897233201581028
0.936758893280632
0.938735177865613
0.733201581027668
0.723320158102767
0.897233201581028
0.543478260869565
0.606719367588933
0.567193675889328
0.389328063241107
0.355731225296443
0.343873517786561
0.00197628458498024
0.324110671936759
0.33596837944664
0.351778656126482
0.355731225296443
0.345849802371542
0.357707509881423
0.355731225296443
1
1
1
1
1
1
1
0.960474308300395
0.895256916996047
0.91699604743083
0.934782608695652
0.954545454545455
0.729249011857708
0.725296442687747
0.964426877470356
0.543478260869565
0.604743083003953
0.905138339920949
0.399209486166008
0.359683794466403
0.345849802371542
0.00790513833992095
0.590909090909091
0.590909090909091
0.590909090909091
0.58300395256917
0.58498023715415
0.58300395256917
1
0.847826086956522
0.99604743083004
0.792490118577075
0.788537549407115
0.790513833992095
0.857707509881423
0.857707509881423
0.984189723320158
0.980237154150198
0.976284584980237
0.968379446640316
0.964426877470356
0.310276679841897
0.310276679841897
0.571146245059289
0.569169960474308
0.962450592885375
0.49802371541502
0.484189723320158
0.195652173913043
0.0118577075098814
0.944664031620553
0.466403162055336
0.958498023715415
0.622529644268775
0.614624505928854
0.620553359683794
1
0.00395256916996047
0.00395256916996047
0.00395256916996047
0.790513833992095
0.857707509881423
0.857707509881423
0.984189723320158
0.984189723320158
0.980237154150198
0.974308300395257
0.980237154150198
0.964426877470356
0.310276679841897
0.310276679841897
0.571146245059289
0.569169960474308
0.962450592885375
0.00395256916996047
0.00592885375494071
0.480237154150198
0.480237154150198
0.772727272727273
0.928853754940711
0.926877470355731
0.476284584980237
0.952569169960474
0.952569169960474
0.948616600790514
0.320158102766798
1
1
0.138339920948617
0.138339920948617
0.00395256916996047
0.0177865612648221
0.0138339920948617
0.00988142292490119
0.472332015810277
0.00592885375494071
0.00988142292490119
0.3300395256917
0.721343873517787
0.713438735177866
0.709486166007905
0.733201581027668
0.972332015810277
0.972332015810277
0.956521739130435
0.940711462450593
0.0158102766798419
0.0118577075098814
0.948616600790514
1
1
1
0.857707509881423
0.855731225296443
0.855731225296443
0.903162055335968
0.658102766798419
0.662055335968379
0.509881422924901
0.549407114624506
0.367588932806324
0.3300395256917
0.952569169960474
0.709486166007905
0.733201581027668
0.733201581027668
0.972332015810277
0.958498023715415
0.940711462450593
0.938735177865613
0.950592885375494
0.948616600790514
1
1
1
0.602766798418972
0.608695652173913
0.99604743083004
0.99604743083004
0.99604743083004
0.992094861660079
0.990118577075099
0.986166007905138
0.741106719367589
0.731225296442688
0.932806324110672
0.608695652173913
0.776679841897233
0.776679841897233
0.903162055335968
0.952569169960474
0.66600790513834
0.00395256916996047
1
0.00790513833992095
0.608695652173913
0.608695652173913
0.99604743083004
0.99604743083004
0.994071146245059
0.990118577075099
0.990118577075099
0.243083003952569
0.245059288537549
0.00790513833992095
0.0118577075098814
0.0177865612648221
0.00790513833992095
0.00790513833992095
0.0138339920948617
0.432806324110672
0.954545454545455
0.292490118577075
0.962450592885375
0.964426877470356
0.964426877470356
0.964426877470356
0.964426877470356
0.964426877470356
0.964426877470356
0.964426877470356
0.954545454545455
1
0.00197628458498024
1
1
0.00197628458498024
0.978260869565217
0.978260869565217
0.978260869565217
0.978260869565217
0.978260869565217
0.978260869565217
0.976284584980237
0.980237154150198
0.802371541501976
0.780632411067194
0.662055335968379
0.66798418972332
0.8300395256917
0.974308300395257
0.982213438735178
0.745059288537549
0.745059288537549
0.74901185770751
0.976284584980237
0.563241106719368
0.523715415019763
0.818181818181818
0.822134387351779
0.818181818181818
0.909090909090909
1
0.00592885375494071
0.0454545454545455
1
0.00197628458498024
0.978260869565217
0.978260869565217
0.978260869565217
0.978260869565217
0.978260869565217
0.978260869565217
0.976284584980237
0.802371541501976
0.780632411067194
0.00790513833992095
0.00790513833992095
0.0177865612648221
0.00790513833992095
0.00395256916996047
0.00790513833992095
0.00395256916996047
0.00790513833992095
0.74901185770751
0.978260869565217
0.565217391304348
0.527667984189723
0.932806324110672
0.818181818181818
0.818181818181818
0.91501976284585
1
1
0.100790513833992
0.0968379446640316
0.100790513833992
0.0889328063241107
0.08300395256917
0.0810276679841897
0.0731225296442688
0.974308300395257
0.980237154150198
0.978260869565217
0.974308300395257
0.0138339920948617
0.0118577075098814
0.00592885375494071
0.00592885375494071
0.00395256916996047
0.00592885375494071
0.00790513833992095
0.958498023715415
0.958498023715415
0.964426877470356
0.956521739130435
0.956521739130435
0.956521739130435
0.824110671936759
1
1
1
1
0.104743083003953
0.00395256916996047
0.00395256916996047
0.100790513833992
0.0968379446640316
0.08300395256917
0.08300395256917
0.0810276679841897
0.0691699604743083
0.980237154150198
0.958498023715415
0.978260869565217
0.974308300395257
0.964426877470356
0.962450592885375
0.974308300395257
0.970355731225296
0.00988142292490119
0.00197628458498024
0.956521739130435
0.956521739130435
0.958498023715415
0.958498023715415
0.962450592885375
0.956521739130435
0.956521739130435
0.950592885375494
0.83596837944664
0.818181818181818
1
0.816205533596838
0.814229249011858
0.99802371541502
0.739130434782609
0.980237154150198
0.474308300395257
0.494071146245059
0.484189723320158
0.634387351778656
0.960474308300395
0.594861660079051
0.604743083003953
0.976284584980237
0.968379446640316
0.966403162055336
0.960474308300395
0.938735177865613
0.930830039525692
0.924901185770751
0.903162055335968
0.897233201581028
0.907114624505929
0.551383399209486
0.0118577075098814
0.824110671936759
1
1
0.183794466403162
0.99802371541502
0.239130434782609
0.980237154150198
0.5
0.492094861660079
0.478260869565217
0.478260869565217
0.318181818181818
0.956521739130435
0.00395256916996047
0.604743083003953
0.978260869565217
0.974308300395257
0.968379446640316
0.966403162055336
0.964426877470356
0.938735177865613
0.940711462450593
0.938735177865613
0.954545454545455
0.911067193675889
0.901185770750988
0.897233201581028
0.909090909090909
0.606719367588933
0.494071146245059
0.824110671936759
1
1
1
1
0.00197628458498024
0.00395256916996047
0.99604743083004
0.99604743083004
0.99604743083004
0.99604743083004
0.990118577075099
0.984189723320158
0.974308300395257
0.976284584980237
0.903162055335968
0.962450592885375
0.974308300395257
0.786561264822134
0.964426877470356
0.818181818181818
0.930830039525692
0.91897233201581
0.930830039525692
0.911067193675889
0.907114624505929
0.903162055335968
1
1
0.00395256916996047
0.00395256916996047
0.99604743083004
0.99604743083004
0.99604743083004
0.99604743083004
0.990118577075099
0.990118577075099
0.988142292490119
0.982213438735178
0.976284584980237
0.978260869565217
0.903162055335968
0.962450592885375
0.786561264822134
0.786561264822134
0.956521739130435
0.796442687747036
0.91897233201581
0.932806324110672
0.924901185770751
0.909090909090909
0.903162055335968
1
1
1
1
1
0.99802371541502
0.994071146245059
0.994071146245059
0.849802371541502
0.986166007905138
0.980237154150198
0.970355731225296
0.966403162055336
0.970355731225296
0.83399209486166
0.938735177865613
0.944664031620553
0.948616600790514
0.946640316205534
0.928853754940711
0.926877470355731
0.899209486166008
0.901185770750988
0.00592885375494071
0.00988142292490119
0.766798418972332
0.766798418972332
1
1
1
1
1
1
0.99802371541502
0.994071146245059
0.994071146245059
0.845849802371542
0.984189723320158
0.855731225296443
0.970355731225296
0.966403162055336
0.837944664031621
0.938735177865613
0.948616600790514
0.948616600790514
0.938735177865613
0.932806324110672
0.909090909090909
0.0316205533596838
0.0197628458498024
0.00790513833992095
0.00197628458498024
0.0158102766798419
0.0118577075098814
0.00197628458498024
1
1
1
1
1
0.99802371541502
0.992094861660079
0.922924901185771
0.0118577075098814
0.00592885375494071
0.677865612648221
0.984189723320158
0.118577075098814
0.120553359683794
0.00395256916996047
0.952569169960474
0.948616600790514
0.446640316205534
0.905138339920949
0.462450592885375
0.940711462450593
0.950592885375494
0.83201581027668
0.00592885375494071
0.00197628458498024
1
1
1
1
1
1
1
1
0.99802371541502
0.924901185770751
0.849802371541502
0.796442687747036
0.8300395256917
0.636363636363636
0.984189723320158
0.982213438735178
0.861660079051383
0.853754940711462
0.869565217391304
0.49802371541502
0.899209486166008
0.486166007905138
0.956521739130435
0.83596837944664
0.391304347826087
0.715415019762846
1
1
0.357707509881423
0.357707509881423
0.357707509881423
0.357707509881423
0.99604743083004
0.99604743083004
0.940711462450593
0.00395256916996047
0.0197628458498024
0.00988142292490119
0.0118577075098814
0.00197628458498024
0.984189723320158
0.990118577075099
0.179841897233202
0.814229249011858
0.992094861660079
0.992094861660079
0.988142292490119
0.988142292490119
0.986166007905138
0.986166007905138
0.978260869565217
0.970355731225296
0.968379446640316
0.853754940711462
0.847826086956522
0.911067193675889
0.91501976284585
0.966403162055336
1
0.00197628458498024
0.00197628458498024
0.357707509881423
0.357707509881423
0.357707509881423
0.99604743083004
0.99604743083004
0.940711462450593
0.00592885375494071
0.0118577075098814
0.00790513833992095
0.00592885375494071
0.00197628458498024
0.00395256916996047
0.992094861660079
0.814229249011858
0.992094861660079
0.992094861660079
0.990118577075099
0.988142292490119
0.986166007905138
0.984189723320158
0.978260869565217
0.970355731225296
0.966403162055336
0.851778656126482
0.843873517786561
0.911067193675889
0.91501976284585
0.964426877470356
1
0.00790513833992095
0.0573122529644269
0.00395256916996047
0.00395256916996047
0.405138339920949
0.994071146245059
0.314229249011858
0.986166007905138
0.563241106719368
0.565217391304348
0.565217391304348
0.984189723320158
0.420948616600791
0.909090909090909
0.901185770750988
0.958498023715415
0.00988142292490119
0.91304347826087
0.924901185770751
0.911067193675889
0.911067193675889
0.91501976284585
0.934782608695652
0.942687747035573
0.952569169960474
0.940711462450593
1
0.942687747035573
0.942687747035573
0.99802371541502
0.99604743083004
0.588932806324111
0.994071146245059
0.675889328063241
0.671936758893281
0.986166007905138
0.567193675889328
0.565217391304348
0.565217391304348
0.986166007905138
0.982213438735178
0.41897233201581
0.909090909090909
0.901185770750988
0.952569169960474
0.936758893280632
0.909090909090909
0.909090909090909
0.91501976284585
0.907114624505929
0.940711462450593
0.948616600790514
0.942687747035573
0.944664031620553
1
1
0.00197628458498024
0.99604743083004
0.99604743083004
0.994071146245059
0.994071146245059
0.992094861660079
0.990118577075099
0.990118577075099
0.986166007905138
0.982213438735178
0.687747035573123
0.681818181818182
0.679841897233202
0.956521739130435
0.409090909090909
0.411067193675889
0.930830039525692
0.903162055335968
0.897233201581028
0.920948616600791
0.909090909090909
1
1
1
1
1
0.478260869565217
0.99604743083004
0.99604743083004
0.99604743083004
0.99604743083004
0.994071146245059
0.992094861660079
0.986166007905138
0.984189723320158
0.984189723320158
0.681818181818182
0.541501976284585
0.958498023715415
0.409090909090909
0.41304347826087
0.940711462450593
0.932806324110672
0.903162055335968
0.897233201581028
0.893280632411067
0.895256916996047
0.907114624505929
0.887351778656126
1
0.00395256916996047
0.0138339920948617
0.0158102766798419
0.0177865612648221
0.0138339920948617
0.0138339920948617
0.00395256916996047
0.0118577075098814
0.0138339920948617
0.0138339920948617
0.0553359683794466
0.790513833992095
0.102766798418972
0.0928853754940712
0.930830039525692
0.00197628458498024
0.855731225296443
0.857707509881423
0.91897233201581
0.91897233201581
0.713438735177866
0.705533596837945
0.689723320158103
0.940711462450593
0.863636363636364
1
1
1
1
1
0.99802371541502
0.99604743083004
0.873517786561265
0.861660079051383
0.822134387351779
0.818181818181818
0.816205533596838
0.847826086956522
0.857707509881423
0.869565217391304
0.754940711462451
0.794466403162055
0.841897233201581
0.837944664031621
0.885375494071146
0.768774703557312
0.861660079051383
0.91699604743083
0.709486166007905
0.966403162055336
0.6699604743083
0.863636363636364
1
1
1
0.00592885375494071
0.00395256916996047
0.879446640316206
0.873517786561265
0.982213438735178
0.575098814229249
0.964426877470356
0.577075098814229
0.523715415019763
0.511857707509881
0.930830039525692
0.792490118577075
0.960474308300395
0.543478260869565
0.0177865612648221
0.0138339920948617
0.0118577075098814
0.00790513833992095
0.0138339920948617
0.879446640316206
0.505928853754941
0.523715415019763
0.606719367588933
0.598814229249012
0.950592885375494
0.952569169960474
0.958498023715415
0.956521739130435
1
1
0.16798418972332
0.994071146245059
0.110671936758893
0.982213438735178
0.391304347826087
0.964426877470356
0.385375494071146
0.970355731225296
0.00988142292490119
0.91304347826087
0.936758893280632
0.158102766798419
0.424901185770751
0.422924901185771
0.294466403162055
0.958498023715415
0.885375494071146
0.857707509881423
0.855731225296443
0.523715415019763
0.606719367588933
0.598814229249012
0.950592885375494
0.952569169960474
0.956521739130435
0.794466403162055
1
1
1
1
1
1
1
0.956521739130435
0.926877470355731
0.796442687747036
0.822134387351779
0.814229249011858
0.8300395256917
0.822134387351779
0.960474308300395
0.875494071146245
0.806324110671937
0.733201581027668
0.709486166007905
0.887351778656126
0.91501976284585
0.438735177865613
0.438735177865613
0.440711462450593
0.946640316205534
0.948616600790514
0.911067193675889
0.903162055335968
1
1
1
1
1
1
1
0.956521739130435
0.926877470355731
0.804347826086957
0.822134387351779
0.820158102766798
0.828063241106719
0.820158102766798
0.944664031620553
0.879446640316206
0.806324110671937
0.942687747035573
0.711462450592885
0.885375494071146
0.920948616600791
0.438735177865613
0.438735177865613
0.442687747035573
0.946640316205534
0.948616600790514
0.909090909090909
0.91304347826087
0.911067193675889
1
0.940711462450593
0.940711462450593
0.00197628458498024
0.994071146245059
0.99802371541502
0.994071146245059
0.988142292490119
0.600790513833992
0.482213438735178
0.855731225296443
0.843873517786561
0.841897233201581
0.274703557312253
0.00592885375494071
0.00395256916996047
0.00395256916996047
0.845849802371542
0.841897233201581
0.826086956521739
0.962450592885375
0.91897233201581
0.897233201581028
0.776679841897233
0.00790513833992095
0.00790513833992095
1
1
1
1
1
0.00790513833992095
0.938735177865613
0.938735177865613
0.938735177865613
0.994071146245059
0.994071146245059
0.693675889328063
0.988142292490119
0.988142292490119
0.474308300395257
0.843873517786561
0.841897233201581
0.274703557312253
0.274703557312253
0.00395256916996047
0.00395256916996047
0.00395256916996047
0.00592885375494071
0.00988142292490119
0.126482213438735
0.00592885375494071
0.00592885375494071
0.00395256916996047
0.00197628458498024
0.00790513833992095
0.00592885375494071
0.00790513833992095
0.00790513833992095
1
0.00592885375494071
0.00592885375494071
0.905138339920949
0.958498023715415
0.984189723320158
0.972332015810277
0.845849802371542
0.818181818181818
0.950592885375494
0.974308300395257
0.735177865612648
0.304347826086957
0.895256916996047
0.855731225296443
0.83201581027668
0.930830039525692
0.924901185770751
0.932806324110672
0.737154150197628
0.721343873517787
1
1
1
1
1
1
1
0.99802371541502
0.988142292490119
0.91304347826087
0.887351778656126
0.897233201581028
0.938735177865613
0.968379446640316
0.816205533596838
0.950592885375494
0.976284584980237
0.74703557312253
0.66403162055336
0.895256916996047
0.849802371541502
0.83201581027668
0.934782608695652
0.926877470355731
0.936758893280632
0.936758893280632
0.699604743083004
1
0.00395256916996047
0.00395256916996047
0.175889328063241
0.177865612648221
0.994071146245059
0.994071146245059
0.992094861660079
0.990118577075099
0.990118577075099
0.883399209486166
0.883399209486166
0.986166007905138
0.986166007905138
0.984189723320158
0.936758893280632
0.946640316205534
0.703557312252964
0.0118577075098814
0.731225296442688
0.962450592885375
0.960474308300395
0.960474308300395
0.958498023715415
0.956521739130435
0.954545454545455
0.715415019762846
0.707509881422925
0.930830039525692
1
1
0.00197628458498024
0.00395256916996047
0.00395256916996047
0.00395256916996047
0.00197628458498024
0.992094861660079
0.891304347826087
0.00395256916996047
0.988142292490119
0.986166007905138
0.986166007905138
0.984189723320158
0.924901185770751
0.920948616600791
0.944664031620553
0.938735177865613
0.713438735177866
0.725296442687747
0.731225296442688
0.729249011857708
0.958498023715415
0.962450592885375
0.958498023715415
0.956521739130435
0.717391304347826
0.707509881422925
0.926877470355731
1
0.00395256916996047
0.00395256916996047
0.00395256916996047
0.00395256916996047
0.00395256916996047
0.00592885375494071
0.00790513833992095
0.992094861660079
0.992094861660079
0.990118577075099
0.347826086956522
0.272727272727273
0.268774703557312
0.266798418972332
0.258893280632411
0.950592885375494
0.950592885375494
0.946640316205534
0.956521739130435
0.946640316205534
0.944664031620553
0.934782608695652
0.934782608695652
0.924901185770751
1
1
1
0.992094861660079
0.99604743083004
0.99604743083004
0.990118577075099
0.990118577075099
0.988142292490119
0.810276679841897
0.988142292490119
0.992094861660079
0.990118577075099
0.351778656126482
0.347826086956522
0.274703557312253
0.266798418972332
0.266798418972332
0.256916996047431
0.950592885375494
0.950592885375494
0.948616600790514
0.948616600790514
0.948616600790514
0.952569169960474
0.944664031620553
0.934782608695652
0.934782608695652
0.926877470355731
1
1
0.849802371541502
0.849802371541502
0.994071146245059
0.594861660079051
0.974308300395257
0.976284584980237
0.521739130434783
0.519762845849802
0.519762845849802
0.966403162055336
0.58695652173913
0.592885375494071
0.41501976284585
0.960474308300395
0.962450592885375
0.956521739130435
0.956521739130435
0.956521739130435
0.920948616600791
0.899209486166008
0.901185770750988
0.920948616600791
0.91699604743083
0.907114624505929
1
1
1
1
0.00395256916996047
0.00395256916996047
0.00395256916996047
0.391304347826087
0.958498023715415
0.444664031620553
0.970355731225296
0.444664031620553
0.0158102766798419
0.440711462450593
0.966403162055336
0.373517786561265
0.0138339920948617
0.0118577075098814
0.960474308300395
0.964426877470356
0.962450592885375
0.956521739130435
0.954545454545455
0.958498023715415
0.956521739130435
0.928853754940711
0.91501976284585
0.901185770750988
0.91897233201581
0.920948616600791
0.893280632411067
1
1
1
1
1
1
0.994071146245059
0.99604743083004
0.984189723320158
0.877470355731225
0.922924901185771
0.91699604743083
0.966403162055336
0.91699604743083
0.91897233201581
0.966403162055336
0.966403162055336
0.954545454545455
0.859683794466403
0.934782608695652
0.920948616600791
0.899209486166008
0.859683794466403
0.926877470355731
0.66403162055336
0.91897233201581
0.91501976284585
0.922924901185771
0.91897233201581
1
1
1
1
1
1
1
0.99604743083004
0.992094861660079
0.814229249011858
0.810276679841897
0.91699604743083
0.911067193675889
0.91699604743083
0.972332015810277
0.911067193675889
0.948616600790514
0.948616600790514
0.847826086956522
0.930830039525692
0.907114624505929
0.875494071146245
0.91304347826087
0.689723320158103
0.66403162055336
0.91897233201581
0.91699604743083
0.924901185770751
1
0.00395256916996047
0.980237154150198
0.980237154150198
0.980237154150198
0.980237154150198
0.984189723320158
0.982213438735178
0.982213438735178
0.968379446640316
0.776679841897233
0.897233201581028
0.920948616600791
0.903162055335968
0.930830039525692
0.946640316205534
0.956521739130435
0.954545454545455
0.881422924901186
0.857707509881423
0.91501976284585
0.83201581027668
0.826086956521739
0.903162055335968
0.790513833992095
0.782608695652174
1
1
0.980237154150198
0.980237154150198
0.980237154150198
0.980237154150198
0.982213438735178
0.982213438735178
0.859683794466403
0.798418972332016
0.897233201581028
0.893280632411067
0.920948616600791
0.895256916996047
0.946640316205534
0.948616600790514
0.956521739130435
0.954545454545455
0.875494071146245
0.91897233201581
0.828063241106719
0.907114624505929
0.899209486166008
0.772727272727273
0.792490118577075
1
0.675889328063241
0.6699604743083
0.6699604743083
0.99802371541502
0.968379446640316
0.58102766798419
0.677865612648221
0.687747035573123
0.660079051383399
0.0158102766798419
0.0177865612648221
0.0118577075098814
0.0118577075098814
0.0138339920948617
0.853754940711462
0.855731225296443
0.855731225296443
0.847826086956522
0.83201581027668
0.814229249011858
0.924901185770751
0.824110671936759
0.83596837944664
0.83399209486166
0.905138339920949
0.905138339920949
0.818181818181818
0.847826086956522
1
1
0.324110671936759
0.318181818181818
0.312252964426877
0.970355731225296
0.375494071146245
0.282608695652174
0.968379446640316
0.0158102766798419
0.00988142292490119
0.00988142292490119
0.0177865612648221
0.00592885375494071
0.00988142292490119
0.968379446640316
0.853754940711462
0.855731225296443
0.855731225296443
0.857707509881423
0.966403162055336
0.816205533596838
0.824110671936759
0.843873517786561
0.839920948616601
0.905138339920949
0.907114624505929
0.00395256916996047
0.820158102766798
0.853754940711462
1
0.00395256916996047
0.00790513833992095
0.968379446640316
0.968379446640316
0.968379446640316
0.980237154150198
0.986166007905138
0.982213438735178
0.978260869565217
0.982213438735178
0.598814229249012
0.600790513833992
0.600790513833992
0.590909090909091
0.590909090909091
0.978260869565217
0.784584980237154
0.784584980237154
0.782608695652174
0.652173913043478
0.956521739130435
0.956521739130435
0.948616600790514
0.887351778656126
0.897233201581028
0.91501976284585
0.905138339920949
1
0.00197628458498024
0.00790513833992095
0.00395256916996047
0.00395256916996047
0.968379446640316
0.978260869565217
0.988142292490119
0.984189723320158
0.982213438735178
0.976284584980237
0.974308300395257
0.982213438735178
0.383399209486166
0.00395256916996047
0.389328063241107
0.387351778656126
0.978260869565217
0.784584980237154
0.784584980237154
0.652173913043478
0.652173913043478
0.958498023715415
0.952569169960474
0.938735177865613
0.903162055335968
0.907114624505929
0.91501976284585
1
0.00592885375494071
0.00790513833992095
0.00988142292490119
0.0928853754940712
0.00395256916996047
0.00197628458498024
0.383399209486166
0.758893280632411
0.760869565217391
0.756916996047431
0.756916996047431
0.839920948616601
0.839920948616601
0.841897233201581
0.845849802371542
0.889328063241107
0.881422924901186
0.592885375494071
0.590909090909091
1
1
1
1
1
1
1
1
0.994071146245059
0.982213438735178
0.871541501976285
0.895256916996047
0.756916996047431
0.00592885375494071
0.00592885375494071
0.00197628458498024
0.00395256916996047
0.756916996047431
0.839920948616601
0.982213438735178
0.847826086956522
0.841897233201581
0.845849802371542
0.891304347826087
0.877470355731225
0.703557312252964
0.590909090909091
0.847826086956522
1
0.762845849802372
0.762845849802372
0.99802371541502
0.758893280632411
0.549407114624506
0.541501976284585
0.549407114624506
0.563241106719368
0.976284584980237
0.458498023715415
0.462450592885375
0.00592885375494071
0.00592885375494071
0.608695652173913
0.00197628458498024
0.968379446640316
0.0355731225296443
0.00790513833992095
0.0237154150197628
0.144268774703557
0.0177865612648221
0.782608695652174
0.784584980237154
0.958498023715415
0.958498023715415
0.958498023715415
0.950592885375494
0.711462450592885
0.703557312252964
1
0.0118577075098814
0.237154150197628
0.00197628458498024
0.229249011857708
0.972332015810277
0.00988142292490119
0.424901185770751
0.41699604743083
0.41897233201581
0.505928853754941
0.5
0.859683794466403
0.322134387351779
0.488142292490119
0.608695652173913
0.539525691699605
0.899209486166008
0.911067193675889
0.91897233201581
0.91304347826087
0.778656126482213
0.948616600790514
0.784584980237154
0.958498023715415
0.960474308300395
0.956521739130435
0.952569169960474
0.715415019762846
0.713438735177866
1
0.00197628458498024
0.00197628458498024
0.50197628458498
0.50197628458498
0.505928853754941
0.988142292490119
0.982213438735178
0.322134387351779
0.970355731225296
0.450592885375494
0.972332015810277
0.00592885375494071
0.00197628458498024
0.974308300395257
0.974308300395257
0.974308300395257
0.974308300395257
0.974308300395257
0.970355731225296
0.922924901185771
0.958498023715415
0.962450592885375
0.952569169960474
0.954545454545455
0.00197628458498024
1
1
1
1
0.988142292490119
0.99802371541502
0.492094861660079
0.492094861660079
0.988142292490119
0.980237154150198
0.652173913043478
0.652173913043478
0.5
0.507905138339921
0.00988142292490119
0.00790513833992095
0.00790513833992095
0.00592885375494071
0.922924901185771
0.974308300395257
0.974308300395257
0.974308300395257
0.974308300395257
0.970355731225296
0.934782608695652
0.958498023715415
0.851778656126482
0.952569169960474
0.00395256916996047
1
0.99802371541502
0.99802371541502
0.99802371541502
0.99604743083004
0.994071146245059
0.99604743083004
0.994071146245059
0.992094861660079
0.984189723320158
0.984189723320158
0.857707509881423
0.0118577075098814
0.0118577075098814
0.887351778656126
0.883399209486166
0.982213438735178
0.984189723320158
0.824110671936759
0.810276679841897
0.976284584980237
0.847826086956522
0.859683794466403
0.91699604743083
0.863636363636364
0.901185770750988
0.928853754940711
0.91304347826087
0.91699604743083
1
0.00395256916996047
0.99802371541502
0.99802371541502
0.99604743083004
0.994071146245059
0.99604743083004
0.994071146245059
0.992094861660079
0.980237154150198
0.978260869565217
0.994071146245059
0.877470355731225
0.879446640316206
0.885375494071146
0.982213438735178
0.984189723320158
0.824110671936759
0.814229249011858
0.974308300395257
0.907114624505929
0.873517786561265
0.828063241106719
0.91699604743083
0.877470355731225
0.895256916996047
0.91699604743083
0.91304347826087
0.920948616600791
1
1
1
1
1
0.711462450592885
0.711462450592885
0.711462450592885
0.644268774703557
0.644268774703557
0.650197628458498
0.66600790513834
0.5
0.563241106719368
0.626482213438735
0.976284584980237
0.976284584980237
0.00988142292490119
0.272727272727273
0.268774703557312
0.266798418972332
0.264822134387352
0.25098814229249
0.231225296442688
0.223320158102767
0.219367588932806
0.217391304347826
0.211462450592885
0.211462450592885
1
1
0.282608695652174
0.99604743083004
0.280632411067194
0.990118577075099
0.00790513833992095
0.0138339920948617
0.322134387351779
0.588932806324111
0.592885375494071
0.00790513833992095
0.0118577075098814
0.632411067193676
0.626482213438735
0.282608695652174
0.272727272727273
0.270750988142292
0.264822134387352
0.25296442687747
0.231225296442688
0.227272727272727
0.223320158102767
0.217391304347826
0.217391304347826
0.211462450592885
0.952569169960474
1
1
1
1
0.968379446640316
0.968379446640316
0.99802371541502
0.99802371541502
0.99604743083004
0.99604743083004
0.824110671936759
0.766798418972332
0.924901185770751
0.58300395256917
0.579051383399209
0.58498023715415
0.521739130434783
0.521739130434783
0.521739130434783
0.91897233201581
0.907114624505929
0.922924901185771
0.944664031620553
0.83201581027668
1
0.968379446640316
0.99802371541502
0.99802371541502
0.99802371541502
0.99802371541502
0.99604743083004
0.99604743083004
0.826086956521739
0.816205533596838
0.920948616600791
0.567193675889328
0.577075098814229
0.58498023715415
0.521739130434783
0.527667984189723
0.936758893280632
0.91699604743083
0.907114624505929
0.926877470355731
0.934782608695652
0.0138339920948617
1
0.0355731225296443
0.00592885375494071
0.00592885375494071
0.984189723320158
0.697628458498024
0.699604743083004
0.701581027667984
0.982213438735178
0.0118577075098814
0.0217391304347826
0.25098814229249
0.968379446640316
0.972332015810277
0.347826086956522
0.347826086956522
0.909090909090909
0.75296442687747
0.756916996047431
0.768774703557312
0.772727272727273
0.938735177865613
0.895256916996047
0.958498023715415
1
1
1
1
1
1
1
0.970355731225296
0.964426877470356
0.00988142292490119
0.984189723320158
0.284584980237154
0.978260869565217
0.440711462450593
0.972332015810277
0.956521739130435
0.954545454545455
0.715415019762846
0.00988142292490119
0.590909090909091
0.58102766798419
0.0138339920948617
0.033596837944664
0.152173913043478
0.197628458498024
0.195652173913043
0.185770750988142
0.0217391304347826
0.897233201581028
0.899209486166008
0.895256916996047
0.960474308300395
1
1
1
1
1
1
1
0.988142292490119
0.982213438735178
0.780632411067194
0.91501976284585
0.920948616600791
0.966403162055336
0.972332015810277
0.575098814229249
0.567193675889328
0.561264822134387
0.956521739130435
0.936758893280632
0.936758893280632
0.936758893280632
0.944664031620553
0.940711462450593
0.942687747035573
0.762845849802372
0.952569169960474
0.887351778656126
1
1
1
1
1
1
1
0.99604743083004
0.986166007905138
0.790513833992095
0.0197628458498024
0.920948616600791
0.920948616600791
0.966403162055336
0.958498023715415
0.573122529644269
0.571146245059289
0.567193675889328
0.563241106719368
0.958498023715415
0.936758893280632
0.920948616600791
0.936758893280632
0.942687747035573
0.0118577075098814
0.946640316205534
0.760869565217391
0.956521739130435
0.954545454545455
0.91897233201581
0.887351778656126
1
1
1
1
1
1
1
1
0.99802371541502
0.99604743083004
0.770750988142292
0.897233201581028
0.814229249011858
0.893280632411067
0.891304347826087
0.978260869565217
0.887351778656126
0.889328063241107
0.946640316205534
0.944664031620553
0.723320158102767
0.727272727272727
0.91501976284585
0.91304347826087
0.606719367588933
0.41897233201581
0.758893280632411
0.893280632411067
0.00592885375494071
0.940711462450593
1
1
1
1
1
1
1
0.99802371541502
0.99604743083004
0.893280632411067
0.895256916996047
0.800395256916996
0.891304347826087
0.972332015810277
0.887351778656126
0.863636363636364
0.948616600790514
0.944664031620553
0.721343873517787
0.727272727272727
0.91501976284585
0.91304347826087
0.606719367588933
0.430830039525692
0.770750988142292
0.745059288537549
0.891304347826087
0.901185770750988
0.936758893280632
1
0.00197628458498024
0.00197628458498024
0.112648221343874
0.264822134387352
0.970355731225296
0.353754940711462
0.980237154150198
0.422924901185771
0.403162055335968
0.00988142292490119
0.3300395256917
0.33201581027668
0.3300395256917
0.320158102766798
0.547430830039526
0.962450592885375
0.424901185770751
0.956521739130435
0.420948616600791
0.432806324110672
0.0118577075098814
0.58300395256917
0.00395256916996047
0.00395256916996047
0.00197628458498024
0.871541501976285
0.869565217391304
0.958498023715415
0.954545454545455
1
0.893280632411067
0.885375494071146
0.885375494071146
0.99604743083004
0.707509881422925
0.618577075098814
0.614624505928854
0.984189723320158
0.547430830039526
0.539525691699605
0.966403162055336
0.600790513833992
0.41897233201581
0.411067193675889
0.00790513833992095
0.958498023715415
0.537549407114625
0.535573122529644
0.954545454545455
0.533596837944664
0.968379446640316
0.58300395256917
0.452569169960474
0.877470355731225
0.551383399209486
0.547430830039526
0.869565217391304
0.958498023715415
0.958498023715415
1
0.683794466403162
0.00197628458498024
0.681818181818182
0.99802371541502
0.99802371541502
0.994071146245059
0.962450592885375
0.960474308300395
0.851778656126482
0.869565217391304
0.00592885375494071
0.911067193675889
0.946640316205534
0.964426877470356
0.954545454545455
0.956521739130435
0.764822134387352
0.758893280632411
0.893280632411067
0.885375494071146
0.822134387351779
0.760869565217391
0.865612648221344
0.75296442687747
0.735177865612648
0.907114624505929
1
1
0.681818181818182
0.681818181818182
0.681818181818182
0.99802371541502
0.99604743083004
0.994071146245059
0.978260869565217
0.962450592885375
0.952569169960474
0.861660079051383
0.865612648221344
0.960474308300395
0.956521739130435
0.954545454545455
0.814229249011858
0.956521739130435
0.764822134387352
0.758893280632411
0.954545454545455
0.893280632411067
0.885375494071146
0.790513833992095
0.865612648221344
0.756916996047431
0.733201581027668
0.737154150197628
1
1
1
1
1
1
1
0.99604743083004
0.994071146245059
0.91699604743083
0.49802371541502
0.478260869565217
0.0138339920948617
0.0138339920948617
0.426877470355731
0.432806324110672
0.972332015810277
0.869565217391304
0.91304347826087
0.907114624505929
0.950592885375494
0.741106719367589
0.737154150197628
0.695652173913043
0.91897233201581
0.0197628458498024
0.00395256916996047
0.618577075098814
0.616600790513834
0.616600790513834
1
1
1
1
1
1
0.99604743083004
0.992094861660079
0.938735177865613
0.0177865612648221
0.954545454545455
0.956521739130435
0.420948616600791
0.432806324110672
0.897233201581028
0.865612648221344
0.911067193675889
0.911067193675889
0.946640316205534
0.00988142292490119
0.735177865612648
0.697628458498024
0.91304347826087
0.922924901185771
0.948616600790514
0.958498023715415
0.608695652173913
0.602766798418972
