0.988142292490119
0.630434782608696
0.58300395256917
0.903162055335968
0.974308300395257
0.962450592885375
0.952569169960474
0.924901185770751
0.00197628458498024
0.948616600790514
0.952569169960474
0.630434782608696
0.630434782608696
0.624505928853755
0.571146245059289
0.897233201581028
0.964426877470356
0.956521739130435
0.924901185770751
0.958498023715415
0.952569169960474
0.948616600790514
0.00197628458498024
0.952569169960474
0.99802371541502
0.385375494071146
0.00197628458498024
0.958498023715415
0.00197628458498024
0.320158102766798
0.00197628458498024
0.00197628458498024
0.679841897233202
0.6699604743083
0.99604743083004
0.00197628458498024
0.974308300395257
0.612648221343874
0.652173913043478
0.0197628458498024
0.0118577075098814
0.00197628458498024
0.272727272727273
0.00395256916996047
0.994071146245059
0.990118577075099
0.966403162055336
0.964426877470356
0.863636363636364
0.824110671936759
0.871541501976285
0.729249011857708
0.810276679841897
0.760869565217391
0.891304347826087
0.00197628458498024
0.00197628458498024
0.992094861660079
0.988142292490119
0.960474308300395
0.962450592885375
0.861660079051383
0.826086956521739
0.871541501976285
0.867588932806324
0.820158102766798
0.875494071146245
0.867588932806324
0.899209486166008
0.00197628458498024
0.994071146245059
0.992094861660079
0.986166007905138
0.00592885375494071
0.970355731225296
0.968379446640316
0.00197628458498024
0.956521739130435
0.903162055335968
0.778656126482213
0.786561264822134
0.932806324110672
0.99802371541502
0.992094861660079
0.988142292490119
0.478260869565217
0.950592885375494
0.946640316205534
0.620553359683794
0.954545454545455
0.938735177865613
0.954545454545455
0.903162055335968
0.00197628458498024
0.930830039525692
0.99802371541502
0.992094861660079
0.954545454545455
0.958498023715415
0.920948616600791
0.762845849802372
0.784584980237154
0.768774703557312
0.885375494071146
0.887351778656126
0.654150197628458
0.91304347826087
0.766798418972332
0.885375494071146
1
0.994071146245059
0.839920948616601
0.968379446640316
0.00395256916996047
0.00197628458498024
0.778656126482213
0.00790513833992095
0.950592885375494
0.636363636363636
0.772727272727273
0.00197628458498024
0.00197628458498024
0.00197628458498024
0.940711462450593
0.727272727272727
0.652173913043478
0.956521739130435
0.966403162055336
0.954545454545455
0.954545454545455
0.946640316205534
0.938735177865613
0.00197628458498024
0.911067193675889
0.940711462450593
0.980237154150198
0.978260869565217
0.970355731225296
0.701581027667984
0.652173913043478
0.952569169960474
0.962450592885375
0.954545454545455
0.950592885375494
0.952569169960474
0.942687747035573
0.00197628458498024
0.966403162055336
0.960474308300395
0.950592885375494
0.968379446640316
0.705533596837945
0.723320158102767
0.877470355731225
0.875494071146245
0.938735177865613
0.936758893280632
0.994071146245059
0.942687747035573
0.00197628458498024
0.944664031620553
0.960474308300395
0.966403162055336
0.970355731225296
0.707509881422925
0.590909090909091
0.719367588932806
0.632411067193676
0.877470355731225
0.936758893280632
0.936758893280632
0.994071146245059
0.980237154150198
0.00197628458498024
0.828063241106719
0.944664031620553
0.893280632411067
0.944664031620553
0.956521739130435
0.956521739130435
0.790513833992095
0.930830039525692
0.924901185770751
0.988142292490119
0.982213438735178
0.715415019762846
0.928853754940711
0.8300395256917
0.75098814229249
0.00197628458498024
0.956521739130435
0.00197628458498024
0.930830039525692
0.887351778656126
0.00197628458498024
0.901185770750988
0.808300395256917
0.806324110671937
0.956521739130435
0.422924901185771
0.41897233201581
0.887351778656126
0.66600790513834
1
0.992094861660079
0.00197628458498024
0.758893280632411
0.91699604743083
0.901185770750988
0.853754940711462
0.804347826086957
0.00197628458498024
0.887351778656126
0.235177865612648
0.00197628458498024
0.808300395256917
0.00197628458498024
0.00197628458498024
0.976284584980237
0.849802371541502
0.00395256916996047
1
0.99802371541502
0.00197628458498024
0.0138339920948617
0.00197628458498024
0.00197628458498024
0.00197628458498024
0.00197628458498024
0.944664031620553
0.883399209486166
0.924901185770751
0.715415019762846
0.928853754940711
0.00197628458498024
0.385375494071146
0.00197628458498024
0.353754940711462
0.00197628458498024
0.225296442687747
0.00197628458498024
0.00197628458498024
0.00197628458498024
0.00197628458498024
0.58498023715415
0.942687747035573
0.00197628458498024
0.596837944664032
0.624505928853755
0.952569169960474
0.970355731225296
0.948616600790514
0.964426877470356
0.970355731225296
0.897233201581028
0.956521739130435
0.879446640316206
0.922924901185771
0.930830039525692
0.895256916996047
0.768774703557312
0.952569169960474
0.970355731225296
0.948616600790514
0.930830039525692
0.974308300395257
0.956521739130435
0.950592885375494
0.940711462450593
0.920948616600791
0.944664031620553
0.91897233201581
0.893280632411067
0.934782608695652
0.00197628458498024
0.00197628458498024
0.399209486166008
0.978260869565217
0.974308300395257
0.964426877470356
0.950592885375494
0.952569169960474
0.624505928853755
0.673913043478261
0.679841897233202
0.695652173913043
0.407114624505929
0.00197628458498024
0.575098814229249
0.492094861660079
0.974308300395257
0.91699604743083
0.950592885375494
0.00197628458498024
0.99604743083004
0.907114624505929
0.895256916996047
0.950592885375494
0.940711462450593
0.733201581027668
0.58300395256917
0.907114624505929
0.373517786561265
0.351778656126482
0.00197628458498024
0.942687747035573
0.982213438735178
0.91304347826087
0.881422924901186
0.948616600790514
0.968379446640316
0.733201581027668
0.547430830039526
0.590909090909091
0.375494071146245
0.355731225296443
0.343873517786561
0.00197628458498024
0.58498023715415
0.790513833992095
0.984189723320158
0.978260869565217
0.984189723320158
0.00197628458498024
0.567193675889328
0.527667984189723
0.486166007905138
0.00197628458498024
0.00197628458498024
0.952569169960474
0.946640316205534
0.00197628458498024
0.00197628458498024
0.978260869565217
0.966403162055336
0.970355731225296
0.567193675889328
0.00197628458498024
0.940711462450593
0.339920948616601
0.00197628458498024
0.994071146245059
0.0197628458498024
0.00197628458498024
0.00197628458498024
0.733201581027668
0.733201581027668
0.964426877470356
0.950592885375494
0.938735177865613
0.00197628458498024
0.903162055335968
0.952569169960474
0.511857707509881
0.33201581027668
0.713438735177866
0.976284584980237
0.970355731225296
0.952569169960474
0.938735177865613
0.849802371541502
0.00197628458498024
0.994071146245059
0.988142292490119
0.741106719367589
0.798418972332016
0.608695652173913
0.885375494071146
0.432806324110672
0.958498023715415
0.00197628458498024
1
0.99604743083004
0.992094861660079
0.00197628458498024
0.00197628458498024
0.00197628458498024
0.958498023715415
0.00197628458498024
0.00197628458498024
0.808300395256917
0.826086956521739
0.978260869565217
0.745059288537549
0.74901185770751
0.527667984189723
0.938735177865613
0.83399209486166
0.91897233201581
0.00197628458498024
0.978260869565217
0.980237154150198
0.808300395256917
0.00197628458498024
0.00395256916996047
0.00592885375494071
0.942687747035573
0.83399209486166
0.820158102766798
0.905138339920949
0.00395256916996047
0.980237154150198
0.0217391304347826
0.978260869565217
0.0158102766798419
0.0138339920948617
0.00197628458498024
0.0118577075098814
0.956521739130435
0.8300395256917
0.818181818181818
0.00197628458498024
0.974308300395257
0.976284584980237
0.980237154150198
0.972332015810277
0.00197628458498024
0.958498023715415
0.956521739130435
0.824110671936759
0.745059288537549
0.478260869565217
0.470355731225296
0.952569169960474
0.978260869565217
0.974308300395257
0.970355731225296
0.944664031620553
0.940711462450593
0.946640316205534
0.905138339920949
0.911067193675889
0.897233201581028
0.592885375494071
0.00197628458498024
0.00197628458498024
0.5
0.954545454545455
0.966403162055336
0.976284584980237
0.970355731225296
0.946640316205534
0.934782608695652
0.905138339920949
0.91897233201581
0.903162055335968
0.00197628458498024
0.00197628458498024
0.99604743083004
0.990118577075099
0.980237154150198
0.976284584980237
0.964426877470356
0.966403162055336
0.974308300395257
0.956521739130435
0.91897233201581
0.926877470355731
0.905138339920949
0.00197628458498024
0.99604743083004
0.990118577075099
0.974308300395257
0.964426877470356
0.974308300395257
0.964426877470356
0.798418972332016
0.922924901185771
0.924901185770751
0.91304347826087
0.905138339920949
1
0.99604743083004
0.994071146245059
0.843873517786561
0.845849802371542
0.974308300395257
0.812252964426877
0.942687747035573
0.952569169960474
0.928853754940711
0.905138339920949
0.901185770750988
0.924901185770751
0.00197628458498024
0.99802371541502
0.994071146245059
0.988142292490119
0.970355731225296
0.974308300395257
0.942687747035573
0.942687747035573
0.950592885375494
0.91897233201581
0.903162055335968
0.00197628458498024
0.982213438735178
0.922924901185771
0.00197628458498024
0.00197628458498024
0.00197628458498024
0.462450592885375
0.579051383399209
0.00197628458498024
0.99802371541502
0.936758893280632
0.00197628458498024
0.986166007905138
0.857707509881423
0.952569169960474
0.438735177865613
0.442687747035573
0.942687747035573
0.00197628458498024
0.00197628458498024
0.00197628458498024
0.990118577075099
0.982213438735178
0.974308300395257
0.861660079051383
0.91304347826087
0.968379446640316
1
0.00197628458498024
0.00197628458498024
0.992094861660079
0.988142292490119
0.984189723320158
0.974308300395257
0.861660079051383
0.911067193675889
0.968379446640316
1
0.994071146245059
0.312252964426877
0.569169960474308
0.986166007905138
0.424901185770751
0.909090909090909
0.891304347826087
0.00395256916996047
0.00197628458498024
0.91304347826087
0.794466403162055
0.942687747035573
0.00197628458498024
0.00197628458498024
0.569169960474308
0.984189723320158
0.422924901185771
0.905138339920949
0.891304347826087
0.926877470355731
0.911067193675889
0.91501976284585
0.926877470355731
0.794466403162055
0.00197628458498024
0.986166007905138
0.681818181818182
0.958498023715415
0.41304347826087
0.960474308300395
0.91699604743083
0.897233201581028
0.891304347826087
0.907114624505929
0.907114624505929
0.00197628458498024
0.99604743083004
0.994071146245059
0.990118577075099
0.986166007905138
0.687747035573123
0.681818181818182
0.00197628458498024
0.411067193675889
0.911067193675889
0.897233201581028
0.909090909090909
0.907114624505929
0.00197628458498024
0.00197628458498024
0.00197628458498024
0.691699604743083
0.66798418972332
1
0.994071146245059
0.994071146245059
0.00197628458498024
0.859683794466403
0.924901185770751
0.802371541501976
0.828063241106719
0.810276679841897
0.91897233201581
0.723320158102767
0.683794466403162
0.942687747035573
0.875494071146245
0.00197628458498024
0.573122529644269
0.573122529644269
0.541501976284585
0.547430830039526
0.00197628458498024
0.00197628458498024
0.956521739130435
0.954545454545455
0.116600790513834
0.397233201581028
0.395256916996047
0.00197628458498024
0.968379446640316
0.420948616600791
0.288537549407115
0.879446640316206
0.00197628458498024
0.956521739130435
0.958498023715415
0.952569169960474
0.99604743083004
0.964426877470356
0.8300395256917
0.822134387351779
0.83399209486166
0.818181818181818
0.946640316205534
0.942687747035573
0.895256916996047
0.436758893280632
0.442687747035573
0.946640316205534
0.91501976284585
0.99802371541502
0.964426877470356
0.770750988142292
0.824110671936759
0.8300395256917
0.962450592885375
0.871541501976285
0.887351778656126
0.911067193675889
0.440711462450593
0.946640316205534
0.91501976284585
0.00197628458498024
0.681818181818182
0.986166007905138
0.470355731225296
0.403162055335968
0.274703557312253
0.00197628458498024
0.932806324110672
0.903162055335968
0.00197628458498024
0.99802371541502
0.988142292490119
0.482213438735178
0.855731225296443
0.403162055335968
0.00197628458498024
0.00197628458498024
0.00197628458498024
0.00197628458498024
0.946640316205534
0.845849802371542
0.75098814229249
0.00197628458498024
0.940711462450593
0.930830039525692
0.936758893280632
0.992094861660079
0.930830039525692
0.905138339920949
0.978260869565217
0.972332015810277
0.00988142292490119
0.411067193675889
0.66798418972332
0.926877470355731
0.928853754940711
0.75098814229249
0.994071146245059
0.992094861660079
0.988142292490119
0.982213438735178
0.984189723320158
0.91304347826087
0.930830039525692
0.00197628458498024
0.956521739130435
0.881422924901186
0.709486166007905
0.00197628458498024
0.179841897233202
0.00395256916996047
0.00197628458498024
0.00197628458498024
0.920948616600791
0.930830039525692
0.962450592885375
0.936758893280632
0.954545454545455
0.711462450592885
0.871541501976285
0.00197628458498024
0.00197628458498024
0.351778656126482
0.278656126482213
0.262845849802372
0.254940711462451
0.950592885375494
0.948616600790514
0.948616600790514
0.950592885375494
0.944664031620553
0.932806324110672
0.934782608695652
0.990118577075099
0.810276679841897
0.992094861660079
0.282608695652174
0.268774703557312
0.258893280632411
0.950592885375494
0.944664031620553
0.954545454545455
0.946640316205534
0.942687747035573
0.932806324110672
0.934782608695652
0.596837944664032
0.537549407114625
0.517786561264822
0.968379446640316
0.00197628458498024
0.964426877470356
0.956521739130435
0.956521739130435
0.928853754940711
0.91501976284585
0.91699604743083
0.91304347826087
0.885375494071146
0.00197628458498024
0.980237154150198
0.444664031620553
0.00197628458498024
0.00197628458498024
0.938735177865613
0.920948616600791
0.91304347826087
0.926877470355731
0.887351778656126
0.978260869565217
0.810276679841897
0.911067193675889
0.972332015810277
0.905138339920949
0.948616600790514
0.859683794466403
0.924901185770751
0.907114624505929
0.885375494071146
0.0118577075098814
0.994071146245059
0.946640316205534
0.922924901185771
0.922924901185771
0.976284584980237
0.966403162055336
0.897233201581028
0.867588932806324
0.932806324110672
0.930830039525692
0.907114624505929
0.930830039525692
0.922924901185771
0.984189723320158
0.978260869565217
0.907114624505929
0.776679841897233
0.903162055335968
0.905138339920949
0.897233201581028
0.909090909090909
0.948616600790514
0.958498023715415
0.883399209486166
0.83596837944664
0.899209486166008
0.788537549407115
0.984189723320158
0.976284584980237
0.970355731225296
0.928853754940711
0.784584980237154
0.946640316205534
0.901185770750988
0.909090909090909
0.91699604743083
0.958498023715415
0.881422924901186
0.905138339920949
0.83596837944664
0.792490118577075
0.786561264822134
0.673913043478261
0.962450592885375
0.962450592885375
0.843873517786561
0.00197628458498024
0.853754940711462
0.972332015810277
0.778656126482213
0.83596837944664
0.91304347826087
0.879446640316206
0.822134387351779
0.986166007905138
0.00197628458498024
0.972332015810277
0.00197628458498024
0.00197628458498024
0.970355731225296
0.820158102766798
0.924901185770751
0.837944664031621
0.91304347826087
0.00197628458498024
0.00790513833992095
0.00197628458498024
0.984189723320158
0.976284584980237
0.00592885375494071
0.784584980237154
0.652173913043478
0.946640316205534
0.944664031620553
0.907114624505929
0.91897233201581
0.911067193675889
0.254940711462451
0.00197628458498024
0.982213438735178
0.00197628458498024
0.784584980237154
0.782608695652174
0.962450592885375
0.944664031620553
0.950592885375494
0.891304347826087
0.91699604743083
0.907114624505929
0.00197628458498024
0.758893280632411
0.847826086956522
0.845849802371542
0.885375494071146
0.962450592885375
0.861660079051383
1
0.986166007905138
0.986166007905138
0.893280632411067
0.00395256916996047
0.00197628458498024
0.885375494071146
0.869565217391304
0.754940711462451
0.970355731225296
0.00197628458498024
0.468379446640316
0.976284584980237
0.00197628458498024
0.00197628458498024
0.00197628458498024
0.00197628458498024
0.962450592885375
0.00197628458498024
0.952569169960474
0.231225296442688
0.00197628458498024
0.978260869565217
0.867588932806324
0.00197628458498024
0.970355731225296
0.774703557312253
0.782608695652174
0.960474308300395
0.956521739130435
0.703557312252964
0.00197628458498024
0.00197628458498024
0.320158102766798
0.472332015810277
0.968379446640316
0.00197628458498024
0.00197628458498024
0.952569169960474
0.952569169960474
0.847826086956522
0.920948616600791
0.99802371541502
0.488142292490119
0.984189723320158
0.970355731225296
0.968379446640316
0.00197628458498024
0.974308300395257
0.950592885375494
0.960474308300395
0.942687747035573
0.00395256916996047
0.00197628458498024
0.00197628458498024
0.822134387351779
0.812252964426877
0.911067193675889
0.820158102766798
0.851778656126482
0.899209486166008
0.885375494071146
0.91699604743083
0.909090909090909
0.990118577075099
0.851778656126482
0.881422924901186
0.826086956521739
0.810276679841897
0.976284584980237
0.83596837944664
0.859683794466403
0.887351778656126
0.879446640316206
0.926877470355731
0.91699604743083
0.911067193675889
0.715415019762846
0.990118577075099
0.648221343873518
0.525691699604743
0.636363636363636
0.632411067193676
0.00197628458498024
0.264822134387352
0.237154150197628
0.221343873517787
0.215415019762846
0.952569169960474
0.282608695652174
0.00197628458498024
0.00197628458498024
0.970355731225296
0.282608695652174
0.266798418972332
0.264822134387352
0.241106719367589
0.219367588932806
0.211462450592885
0.99802371541502
0.828063241106719
0.814229249011858
0.58498023715415
0.569169960474308
0.934782608695652
0.523715415019763
0.91699604743083
0.91897233201581
0.00197628458498024
0.974308300395257
0.810276679841897
0.930830039525692
0.58695652173913
0.579051383399209
0.521739130434783
0.521739130434783
0.91699604743083
0.938735177865613
0.00197628458498024
0.980237154150198
0.448616600790514
0.00197628458498024
0.859683794466403
0.764822134387352
0.762845849802372
0.895256916996047
0.994071146245059
0.00197628458498024
0.278656126482213
0.513833992094862
0.711462450592885
0.00197628458498024
0.00197628458498024
0.0177865612648221
0.99604743083004
0.986166007905138
0.739130434782609
0.924901185770751
0.974308300395257
0.573122529644269
0.567193675889328
0.962450592885375
0.920948616600791
0.944664031620553
0.944664031620553
0.956521739130435
0.91897233201581
0.988142292490119
0.982213438735178
0.00197628458498024
0.976284584980237
0.567193675889328
0.956521739130435
0.932806324110672
0.950592885375494
0.00197628458498024
0.99802371541502
0.887351778656126
0.891304347826087
0.863636363636364
0.00197628458498024
0.602766798418972
0.774703557312253
0.733201581027668
0.891304347826087
0.00197628458498024
1
0.99802371541502
0.00197628458498024
0.885375494071146
0.887351778656126
0.889328063241107
0.754940711462451
0.725296442687747
0.606719367588933
0.41501976284585
0.893280632411067
0.903162055335968
0.703557312252964
0.00197628458498024
0.355731225296443
0.399209486166008
0.00197628458498024
0.968379446640316
0.420948616600791
0.00592885375494071
0.00395256916996047
0.00197628458498024
0.958498023715415
0.966403162055336
0.978260869565217
0.555335968379447
0.592885375494071
0.411067193675889
0.00197628458498024
0.537549407114625
0.573122529644269
0.557312252964427
0.547430830039526
0.958498023715415
0.956521739130435
0.00197628458498024
0.99604743083004
0.966403162055336
0.863636363636364
0.871541501976285
0.00197628458498024
0.808300395256917
0.962450592885375
0.897233201581028
0.875494071146245
0.786561264822134
0.685770750988142
0.737154150197628
0.99802371541502
0.994071146245059
0.960474308300395
0.871541501976285
0.861660079051383
0.901185770750988
0.00197628458498024
0.962450592885375
0.877470355731225
0.822134387351779
0.754940711462451
0.75296442687747
0.905138339920949
0.99604743083004
0.944664031620553
0.478260869565217
0.00197628458498024
0.897233201581028
0.91501976284585
0.911067193675889
0.962450592885375
0.705533596837945
0.922924901185771
0.00197628458498024
0.99604743083004
0.924901185770751
0.00197628458498024
0.426877470355731
0.976284584980237
0.91501976284585
0.944664031620553
0.00197628458498024
0.91699604743083
0.616600790513834
0.938735177865613
