0.00197628458498024
0.00395256916996047
0.974308300395257
0.970355731225296
0.00197628458498024
0.0118577075098814
0.00197628458498024
0.962450592885375
0.924901185770751
0.948616600790514
0.00197628458498024
0.948616600790514
0.725296442687747
0.0158102766798419
0.00197628458498024
0.00197628458498024
0.982213438735178
0.980237154150198
0.956521739130435
0.703557312252964
0.541501976284585
0.83596837944664
0.924901185770751
0.956521739130435
0.511857707509881
0.907114624505929
0.970355731225296
0.875494071146245
0.622529644268775
0.924901185770751
0.511857707509881
0.00197628458498024
0.00988142292490119
0.484189723320158
0.00197628458498024
0.972332015810277
0.00197628458498024
0.796442687747036
0.994071146245059
0.992094861660079
0.610671936758893
0.806324110671937
0.802371541501976
0.897233201581028
0.00197628458498024
0.992094861660079
0.604743083003953
0.950592885375494
0.812252964426877
0.83399209486166
0.766798418972332
0.940711462450593
0.377470355731225
0.942687747035573
0.00197628458498024
0.00197628458498024
0.982213438735178
0.689723320158103
0.942687747035573
0.91304347826087
0.978260869565217
0.99604743083004
0.00197628458498024
0.974308300395257
0.978260869565217
0.853754940711462
0.743083003952569
0.731225296442688
0.972332015810277
0.960474308300395
0.00197628458498024
0.99604743083004
0.901185770750988
0.970355731225296
0.00197628458498024
0.824110671936759
0.841897233201581
0.00197628458498024
0.984189723320158
0.934782608695652
0.911067193675889
0
0.00197628458498024
0.992094861660079
0.970355731225296
0.946640316205534
0.575098814229249
0.899209486166008
0.507905138339921
0.513833992094862
0.00197628458498024
0.99604743083004
0.00197628458498024
0.00197628458498024
0.992094861660079
0.00197628458498024
0.00197628458498024
0.00197628458498024
0.960474308300395
0.00197628458498024
0.960474308300395
0.984189723320158
0.980237154150198
0.75296442687747
0.75296442687747
0.956521739130435
0.970355731225296
0.988142292490119
0.705533596837945
0.964426877470356
0.984189723320158
0.974308300395257
0.316205533596838
0.978260869565217
0.00197628458498024
0.770750988142292
0.00197628458498024
1
0.940711462450593
0.861660079051383
0.764822134387352
0.766798418972332
0.964426877470356
0.737154150197628
0.946640316205534
0.703557312252964
0.766798418972332
0.00197628458498024
0.986166007905138
0.976284584980237
0.857707509881423
0.871541501976285
0.909090909090909
0.964426877470356
0.962450592885375
0.91699604743083
0.980237154150198
0.707509881422925
0.74703557312253
0.940711462450593
0.91304347826087
0.970355731225296
0.658102766798419
0.958498023715415
0.511857707509881
0.932806324110672
0.74901185770751
0.968379446640316
0.91699604743083
0.66403162055336
0.529644268774704
0.00197628458498024
0.982213438735178
0.972332015810277
0.875494071146245
0.944664031620553
0.950592885375494
0.982213438735178
0.974308300395257
0.871541501976285
0.857707509881423
0.992094861660079
0.00197628458498024
0.758893280632411
0.00197628458498024
0.99604743083004
0.946640316205534
0.867588932806324
0.812252964426877
0.950592885375494
0.974308300395257
0.980237154150198
0.00197628458498024
0.986166007905138
0.784584980237154
0.812252964426877
0.883399209486166
0.952569169960474
0.91304347826087
0.00197628458498024
0.990118577075099
0.964426877470356
0.932806324110672
0.911067193675889
0.934782608695652
0.00197628458498024
0.00197628458498024
0.990118577075099
0.00197628458498024
0.00197628458498024
0.99802371541502
0.847826086956522
0.590909090909091
0.58695652173913
0.940711462450593
0.899209486166008
0.865612648221344
0.855731225296443
0.867588932806324
0.00197628458498024
0.00197628458498024
0.590909090909091
0.391304347826087
0.889328063241107
0.903162055335968
0.889328063241107
0.0118577075098814
0.00197628458498024
0.347826086956522
0.772727272727273
0.758893280632411
0.871541501976285
0.00197628458498024
0.00395256916996047
0.638339920948617
0.980237154150198
0.00395256916996047
0.980237154150198
0.976284584980237
0.940711462450593
0.932806324110672
0.630434782608696
0.974308300395257
0.905138339920949
0.934782608695652
0.986166007905138
0.843873517786561
0.895256916996047
0.930830039525692
0.662055335968379
0.980237154150198
0.822134387351779
0.873517786561265
0.99802371541502
0.843873517786561
0.883399209486166
0.0237154150197628
0.00197628458498024
0.314229249011858
0.602766798418972
0.794466403162055
0.616600790513834
0.387351778656126
0.00197628458498024
0.00197628458498024
0.810276679841897
0.982213438735178
0.978260869565217
0.970355731225296
0.766798418972332
0.00197628458498024
0.978260869565217
0.00592885375494071
0.792490118577075
0.790513833992095
0.782608695652174
0.948616600790514
0.407114624505929
0.905138339920949
0.990118577075099
0.974308300395257
0.796442687747036
0.950592885375494
0.369565217391304
0.00197628458498024
0.195652173913043
0.940711462450593
0.673913043478261
0.881422924901186
0.928853754940711
0.958498023715415
0.701581027667984
0.871541501976285
0.719367588932806
0.658102766798419
0.839920948616601
0.875494071146245
0.932806324110672
0.99604743083004
0.00197628458498024
0.00197628458498024
0.00197628458498024
0.0197628458498024
0.976284584980237
0.399209486166008
0.982213438735178
0.541501976284585
0.446640316205534
0.00197628458498024
0.00197628458498024
0.00197628458498024
0.871541501976285
0.966403162055336
0.00197628458498024
0.00197628458498024
0.713438735177866
0.944664031620553
0.393280632411067
0.796442687747036
0.658102766798419
0.778656126482213
0.701581027667984
0.891304347826087
0.00197628458498024
0.0138339920948617
0.968379446640316
0.988142292490119
0.976284584980237
0.91501976284585
0.950592885375494
0.640316205533597
0.99802371541502
0.966403162055336
0.91897233201581
0.849802371541502
0.897233201581028
0.00197628458498024
0.950592885375494
0.992094861660079
0.988142292490119
0.766798418972332
0.885375494071146
0.543478260869565
0.00197628458498024
0.00197628458498024
0.994071146245059
0.559288537549407
0.0197628458498024
0.964426877470356
0.994071146245059
0.565217391304348
0.326086956521739
0.893280632411067
0.909090909090909
0.00197628458498024
0.897233201581028
0.932806324110672
0.922924901185771
0.758893280632411
0.148221343873518
0.00197628458498024
0.99802371541502
0.992094861660079
0.774703557312253
0.699604743083004
0.00197628458498024
0.994071146245059
0.780632411067194
0.592885375494071
0.00395256916996047
0.00592885375494071
0.00197628458498024
0.58695652173913
0.942687747035573
0.974308300395257
0.00197628458498024
0.822134387351779
0.58695652173913
0.885375494071146
0.920948616600791
0.968379446640316
0.887351778656126
0.897233201581028
0.887351778656126
0.964426877470356
0.99604743083004
0.745059288537549
0.976284584980237
0.725296442687747
0.887351778656126
0.379446640316206
0.99604743083004
0.988142292490119
0.873517786561265
0.735177865612648
0.940711462450593
0.942687747035573
0.99604743083004
0.780632411067194
0.671936758893281
0.843873517786561
0.00197628458498024
0.00197628458498024
0.99604743083004
0.847826086956522
0.857707509881423
0.962450592885375
0.758893280632411
0.855731225296443
0.978260869565217
0.976284584980237
0.970355731225296
0.968379446640316
0.934782608695652
0.640316205533597
0.988142292490119
0.798418972332016
0.00197628458498024
0.00197628458498024
0.00790513833992095
0.796442687747036
0.972332015810277
0.926877470355731
0.00988142292490119
0.976284584980237
0.0256916996047431
0.00197628458498024
0.855731225296443
0.58102766798419
0.756916996047431
0.00197628458498024
0.855731225296443
0.626482213438735
0.559288537549407
0.930830039525692
0.974308300395257
0.980237154150198
0.8300395256917
0.897233201581028
0.00197628458498024
0.984189723320158
0.982213438735178
0.828063241106719
0.0138339920948617
0.377470355731225
0.286561264822134
0.845849802371542
0.982213438735178
0.00197628458498024
0.891304347826087
0.984189723320158
0.867588932806324
0.984189723320158
0.986166007905138
0.948616600790514
0.982213438735178
0.00197628458498024
0.873517786561265
0.00197628458498024
0.883399209486166
0.00395256916996047
0.990118577075099
0.990118577075099
0.636363636363636
0.00197628458498024
0.00197628458498024
1
0.00197628458498024
0.00197628458498024
0.946640316205534
0.968379446640316
0.950592885375494
0.709486166007905
0.703557312252964
0.620553359683794
0.00197628458498024
0.292490118577075
0.272727272727273
0.152173913043478
0.00197628458498024
0.968379446640316
0.703557312252964
0.640316205533597
0.517786561264822
0.00197628458498024
0.254940711462451
