1
1
0.25098814229249
0.00197628458498024
0.99604743083004
0.99604743083004
0.0988142292490119
0.0988142292490119
0.0988142292490119
0.0948616600790514
0.00197628458498024
0.00790513833992095
0.00988142292490119
0.0177865612648221
0.950592885375494
0.950592885375494
0.964426877470356
0.936758893280632
0.936758893280632
0.972332015810277
0.962450592885375
0.00592885375494071
0.0177865612648221
0.0118577075098814
0.0118577075098814
0.0118577075098814
0.00988142292490119
0.00790513833992095
0.00592885375494071
0.0138339920948617
0.0256916996047431
0.041501976284585
0.00395256916996047
0.0177865612648221
0.00197628458498024
1
0.00592885375494071
0.00592885375494071
0.99604743083004
0.99604743083004
0.112648221343874
0.0988142292490119
0.00395256916996047
0.00197628458498024
0.0770750988142292
0.0533596837944664
0.0533596837944664
0.950592885375494
0.950592885375494
0.950592885375494
0.950592885375494
0.960474308300395
0.936758893280632
0.936758893280632
0.936758893280632
0.972332015810277
0.970355731225296
0.956521739130435
0.932806324110672
0.936758893280632
0.942687747035573
0.952569169960474
0.964426877470356
0.956521739130435
0.950592885375494
0.926877470355731
0.91304347826087
0.889328063241107
0.0158102766798419
0.0158102766798419
1
1
1
1
1
1
0.992094861660079
0.980237154150198
0.976284584980237
0.972332015810277
0.814229249011858
0.812252964426877
0.974308300395257
0.974308300395257
0.970355731225296
0.940711462450593
0.934782608695652
0.938735177865613
0.952569169960474
0.972332015810277
0.00395256916996047
0.00395256916996047
0.00395256916996047
0.00592885375494071
0.990118577075099
0.885375494071146
0.863636363636364
0.881422924901186
0.239130434782609
0.978260869565217
0.387351778656126
0.970355731225296
0.980237154150198
0.256916996047431
0.00592885375494071
0.322134387351779
1
0.00395256916996047
0.00988142292490119
0.00790513833992095
0.814229249011858
0.812252964426877
0.974308300395257
0.972332015810277
0.970355731225296
0.944664031620553
0.940711462450593
0.0256916996047431
0.0197628458498024
0.0237154150197628
0.0276679841897233
0.262845849802372
0.262845849802372
0.262845849802372
0.260869565217391
0.990118577075099
0.885375494071146
0.871541501976285
0.881422924901186
0.636363636363636
0.577075098814229
0.966403162055336
0.719367588932806
0.978260869565217
0.966403162055336
0.654150197628458
1
1
1
1
1
1
1
0.992094861660079
0.962450592885375
0.952569169960474
0.719367588932806
0.743083003952569
0.958498023715415
0.624505928853755
0.547430830039526
0.535573122529644
0.964426877470356
0.849802371541502
0.932806324110672
0.871541501976285
0.873517786561265
0.930830039525692
0.970355731225296
0.970355731225296
0.897233201581028
0.938735177865613
0.505928853754941
0.470355731225296
0.903162055335968
0.91897233201581
0.920948616600791
0.920948616600791
0.899209486166008
1
1
1
1
1
0.99802371541502
0.99604743083004
0.962450592885375
0.952569169960474
0.74901185770751
0.762845849802372
0.549407114624506
0.543478260869565
0.535573122529644
0.964426877470356
0.0118577075098814
0.83596837944664
0.932806324110672
0.871541501976285
0.873517786561265
0.930830039525692
0.970355731225296
0.970355731225296
0.956521739130435
0.897233201581028
0.938735177865613
0.505928853754941
0.0276679841897233
0.00790513833992095
0.00592885375494071
0.00395256916996047
0.0197628458498024
0.0138339920948617
0.899209486166008
1
1
0.00197628458498024
0.00988142292490119
0.984189723320158
0.982213438735178
0.519762845849802
0.505928853754941
0.478260869565217
0.0158102766798419
0.0197628458498024
0.0177865612648221
0.0217391304347826
0.175889328063241
0.966403162055336
0.00197628458498024
0.0256916996047431
0.0276679841897233
0.0158102766798419
0.00592885375494071
0.00197628458498024
0.00197628458498024
0.990118577075099
0.960474308300395
0.960474308300395
0.990118577075099
0.990118577075099
0.988142292490119
0.958498023715415
0.946640316205534
0.926877470355731
0.893280632411067
1
1
0.555335968379447
0.555335968379447
0.980237154150198
0.462450592885375
0.466403162055336
0.488142292490119
0.436758893280632
0.458498023715415
0.972332015810277
0.0158102766798419
0.00395256916996047
0.00395256916996047
0.0177865612648221
0.0256916996047431
0.0276679841897233
0.982213438735178
0.986166007905138
0.990118577075099
0.990118577075099
0.990118577075099
0.960474308300395
0.984189723320158
0.990118577075099
0.982213438735178
0.920948616600791
0.936758893280632
0.91699604743083
1
1
0.375494071146245
0.369565217391304
0.994071146245059
0.385375494071146
0.0118577075098814
0.0256916996047431
0.0138339920948617
0.00197628458498024
0.0118577075098814
0.950592885375494
0.950592885375494
0.952569169960474
0.954545454545455
0.796442687747036
0.8300395256917
0.8300395256917
0.992094861660079
0.988142292490119
0.606719367588933
0.843873517786561
0.837944664031621
0.952569169960474
0.91304347826087
0.903162055335968
0.905138339920949
0.91699604743083
0.83596837944664
0.828063241106719
1
1
1
0.99802371541502
0.620553359683794
0.620553359683794
0.626482213438735
0.608695652173913
0.604743083003953
0.978260869565217
0.8300395256917
0.00988142292490119
0.0118577075098814
0.00592885375494071
0.00988142292490119
0.00395256916996047
0.952569169960474
0.788537549407115
0.796442687747036
0.794466403162055
0.8300395256917
0.994071146245059
0.992094861660079
0.990118577075099
0.988142292490119
0.984189723320158
0.83399209486166
0.83596837944664
0.926877470355731
0.903162055335968
0.909090909090909
0.800395256916996
0.8300395256917
0.944664031620553
1
0.905138339920949
0.905138339920949
0.909090909090909
0.00592885375494071
0.0652173913043478
0.0652173913043478
0.994071146245059
0.00790513833992095
0.956521739130435
0.954545454545455
0.958498023715415
0.962450592885375
0.964426877470356
0.964426877470356
0.964426877470356
0.966403162055336
0.99802371541502
0.994071146245059
0.909090909090909
0.677865612648221
0.756916996047431
0.768774703557312
0.960474308300395
0.594861660079051
0.381422924901186
0.397233201581028
0.91304347826087
0.956521739130435
0.940711462450593
0.948616600790514
0.0138339920948617
0.0138339920948617
0.00395256916996047
0.978260869565217
0.976284584980237
1
1
0.0948616600790514
0.075098814229249
0.00790513833992095
0.00988142292490119
0.00988142292490119
0.00592885375494071
0.00988142292490119
0.956521739130435
0.956521739130435
0.960474308300395
0.964426877470356
0.964426877470356
0.962450592885375
0.960474308300395
0.994071146245059
0.911067193675889
0.673913043478261
0.764822134387352
0.768774703557312
0.0118577075098814
0.940711462450593
0.381422924901186
0.377470355731225
0.391304347826087
0.954545454545455
0.940711462450593
0.938735177865613
0.952569169960474
0.956521739130435
0.966403162055336
0.976284584980237
0.976284584980237
1
1
1
1
1
1
1
1
1
1
0.99802371541502
0.99802371541502
0.897233201581028
0.683794466403162
0.733201581027668
0.721343873517787
0.893280632411067
0.911067193675889
0.954545454545455
0.946640316205534
0.958498023715415
0.974308300395257
0.849802371541502
0.960474308300395
0.75296442687747
0.91897233201581
0.91897233201581
0.968379446640316
0.970355731225296
0.974308300395257
0.976284584980237
0.640316205533597
0.863636363636364
0.976284584980237
0.711462450592885
1
1
1
1
1
1
1
0.956521739130435
0.920948616600791
0.681818181818182
0.735177865612648
0.733201581027668
0.893280632411067
0.909090909090909
0.952569169960474
0.946640316205534
0.950592885375494
0.849802371541502
0.974308300395257
0.00395256916996047
0.00395256916996047
0.00790513833992095
0.00988142292490119
0.00197628458498024
0.00790513833992095
0.00592885375494071
0.758893280632411
0.863636363636364
0.865612648221344
0.853754940711462
0.723320158102767
1
1
1
1
0.99802371541502
0.99802371541502
0.99604743083004
0.99604743083004
0.901185770750988
0.992094861660079
0.988142292490119
0.978260869565217
0.976284584980237
0.770750988142292
0.760869565217391
0.399209486166008
0.00395256916996047
0.610671936758893
0.292490118577075
0.622529644268775
0.381422924901186
0.377470355731225
0.620553359683794
0.616600790513834
0.618577075098814
0.618577075098814
0.984189723320158
0.984189723320158
0.302371541501976
0.300395256916996
0.855731225296443
0.849802371541502
0.841897233201581
0.841897233201581
0.841897233201581
0.839920948616601
1
0.00790513833992095
0.901185770750988
0.988142292490119
0.988142292490119
0.0158102766798419
0.0138339920948617
0.0118577075098814
0.00592885375494071
0.760869565217391
0.351778656126482
0.347826086956522
0.565217391304348
0.322134387351779
0.326086956521739
0.622529644268775
0.377470355731225
0.618577075098814
0.614624505928854
0.616600790513834
0.618577075098814
0.618577075098814
0.986166007905138
0.00395256916996047
0.300395256916996
0.857707509881423
0.849802371541502
0.851778656126482
0.841897233201581
0.841897233201581
0.826086956521739
1
1
0.685770750988142
0.683794466403162
0.00395256916996047
0.00395256916996047
0.00395256916996047
0.99604743083004
0.99604743083004
0.424901185770751
0.992094861660079
0.527667984189723
0.990118577075099
0.990118577075099
0.978260869565217
0.950592885375494
0.944664031620553
0.946640316205534
0.936758893280632
0.936758893280632
0.903162055335968
0.543478260869565
0.567193675889328
0.561264822134387
0.938735177865613
0.91501976284585
0.871541501976285
0.885375494071146
0.863636363636364
0.901185770750988
0.952569169960474
0.754940711462451
1
1
0.685770750988142
0.683794466403162
0.00395256916996047
0.00395256916996047
0.00395256916996047
0.00197628458498024
0.99604743083004
0.99604743083004
0.99604743083004
0.992094861660079
0.527667984189723
0.990118577075099
0.990118577075099
0.984189723320158
0.976284584980237
0.944664031620553
0.940711462450593
0.950592885375494
0.926877470355731
0.567193675889328
0.567193675889328
0.567193675889328
0.00395256916996047
0.932806324110672
0.879446640316206
0.91501976284585
0.863636363636364
0.950592885375494
0.762845849802372
1
1
0.507905138339921
0.50197628458498
0.505928853754941
0.984189723320158
0.00790513833992095
0.00395256916996047
0.851778656126482
0.845849802371542
0.972332015810277
0.972332015810277
0.00790513833992095
0.818181818181818
0.828063241106719
0.849802371541502
0.859683794466403
0.853754940711462
0.867588932806324
0.91699604743083
0.930830039525692
0.0434782608695652
0.0138339920948617
0.0316205533596838
0.00395256916996047
0.0177865612648221
0.0138339920948617
0.0158102766798419
0.0118577075098814
0.978260869565217
0.972332015810277
0.976284584980237
0.976284584980237
1
1
1
1
1
0.484189723320158
0.482213438735178
0.486166007905138
0.490118577075099
0.984189723320158
0.470355731225296
0.988142292490119
0.00197628458498024
0.00395256916996047
0.132411067193676
0.972332015810277
0.148221343873518
0.0118577075098814
0.112648221343874
0.112648221343874
0.118577075098814
0.0434782608695652
0.0375494071146245
0.033596837944664
0.00197628458498024
0.00395256916996047
0.0158102766798419
0.0138339920948617
0.0118577075098814
0.0138339920948617
0.00395256916996047
0.00592885375494071
0.00790513833992095
0.978260869565217
0.972332015810277
0.974308300395257
0.976284584980237
1
0.920948616600791
0.920948616600791
1
1
0.99802371541502
0.992094861660079
0.990118577075099
0.928853754940711
0.0177865612648221
0.0177865612648221
0.0197628458498024
0.0158102766798419
0.946640316205534
0.956521739130435
0.956521739130435
0.978260869565217
0.74901185770751
0.75098814229249
0.986166007905138
0.847826086956522
0.851778656126482
0.853754940711462
0.853754940711462
0.8300395256917
0.8300395256917
0.978260869565217
0.968379446640316
0.968379446640316
0.50197628458498
0.950592885375494
0.300395256916996
0.270750988142292
0.266798418972332
0.00395256916996047
1
0.920948616600791
0.920948616600791
1
1
0.99802371541502
0.992094861660079
0.992094861660079
0.988142292490119
0.0889328063241107
0.00395256916996047
0.00395256916996047
0.00395256916996047
0.0177865612648221
0.0177865612648221
0.0138339920948617
0.00592885375494071
0.0237154150197628
0.978260869565217
0.982213438735178
0.235177865612648
0.984189723320158
0.00592885375494071
0.851778656126482
0.853754940711462
0.853754940711462
0.990118577075099
0.8300395256917
0.986166007905138
0.980237154150198
0.970355731225296
0.970355731225296
0.50395256916996
0.960474308300395
0.290513833992095
0.0296442687747036
0.00592885375494071
0.00395256916996047
1
1
1
1
1
1
0.99802371541502
0.99802371541502
0.99604743083004
0.992094861660079
0.942687747035573
0.798418972332016
0.924901185770751
0.980237154150198
0.988142292490119
0.887351778656126
0.74901185770751
0.841897233201581
0.960474308300395
0.968379446640316
0.976284584980237
0.780632411067194
0.75098814229249
0.974308300395257
0.488142292490119
0.962450592885375
0.241106719367589
0.0197628458498024
0.235177865612648
0.237154150197628
0.24901185770751
0.223320158102767
0.00988142292490119
0.00395256916996047
0.0138339920948617
0.0118577075098814
0.00790513833992095
1
1
1
1
1
1
0.99802371541502
0.99802371541502
0.99604743083004
0.00395256916996047
0.944664031620553
0.798418972332016
0.924901185770751
0.984189723320158
0.982213438735178
0.980237154150198
0.982213438735178
0.889328063241107
0.74901185770751
0.841897233201581
0.960474308300395
0.980237154150198
0.784584980237154
0.75098814229249
0.00395256916996047
0.0118577075098814
0.0118577075098814
0.0118577075098814
0.235177865612648
0.235177865612648
0.235177865612648
0.243083003952569
0.223320158102767
0.223320158102767
0.213438735177866
0.213438735177866
0.209486166007905
0.203557312252964
1
1
0.677865612648221
0.677865612648221
0.984189723320158
0.604743083003953
0.970355731225296
0.798418972332016
0.804347826086957
0.990118577075099
0.990118577075099
0.709486166007905
0.707509881422925
0.00790513833992095
0.768774703557312
0.762845849802372
0.978260869565217
0.978260869565217
0.982213438735178
0.816205533596838
0.770750988142292
0.768774703557312
0.978260869565217
0.857707509881423
0.312252964426877
0.310276679841897
0.954545454545455
0.138339920948617
0.00395256916996047
0.118577075098814
0.118577075098814
0.110671936758893
0.942687747035573
1
1
0.312252964426877
0.312252964426877
0.984189723320158
0.373517786561265
0.970355731225296
0.796442687747036
0.802371541501976
0.986166007905138
0.990118577075099
0.990118577075099
0.553359683794466
0.243083003952569
0.241106719367589
0.243083003952569
0.980237154150198
0.768774703557312
0.762845849802372
0.978260869565217
0.982213438735178
0.824110671936759
0.774703557312253
0.770750988142292
0.976284584980237
0.91699604743083
0.855731225296443
0.312252964426877
0.312252964426877
0.310276679841897
0.956521739130435
0.130434782608696
0.120553359683794
0.120553359683794
0.116600790513834
0.0158102766798419
1
1
1
1
1
0.99802371541502
0.99802371541502
0.91897233201581
0.978260869565217
0.968379446640316
0.978260869565217
0.861660079051383
0.839920948616601
0.756916996047431
0.756916996047431
0.0770750988142292
0.0770750988142292
0.786561264822134
0.448616600790514
0.774703557312253
0.772727272727273
0.772727272727273
0.772727272727273
0.756916996047431
0.741106719367589
0.745059288537549
0.754940711462451
0.74703557312253
0.960474308300395
0.954545454545455
0.944664031620553
0.790513833992095
0.956521739130435
1
0.0118577075098814
0.982213438735178
0.114624505928854
0.839920948616601
0.229249011857708
0.227272727272727
0.219367588932806
0.699604743083004
0.786561264822134
0.448616600790514
0.774703557312253
0.772727272727273
0.772727272727273
0.772727272727273
0.756916996047431
0.00790513833992095
0.00395256916996047
0.0158102766798419
0.00395256916996047
0.00395256916996047
0.00988142292490119
0.00790513833992095
0.946640316205534
0.0158102766798419
0.0118577075098814
0.958498023715415
1
1
0.00592885375494071
0.994071146245059
0.381422924901186
0.375494071146245
0.974308300395257
0.968379446640316
0.91699604743083
0.91699604743083
0.972332015810277
0.962450592885375
0.968379446640316
0.976284584980237
0.984189723320158
0.974308300395257
0.976284584980237
0.796442687747036
0.920948616600791
0.895256916996047
0.891304347826087
0.851778656126482
0.859683794466403
0.954545454545455
0.954545454545455
0.970355731225296
0.964426877470356
0.897233201581028
0.282608695652174
0.903162055335968
0.304347826086957
0.968379446640316
0.968379446640316
0.8300395256917
0.0434782608695652
0.142292490118577
1
0.83399209486166
0.83399209486166
0.99604743083004
0.612648221343874
0.00395256916996047
0.0177865612648221
0.0197628458498024
0.0138339920948617
0.0217391304347826
0.974308300395257
0.0217391304347826
0.968379446640316
0.978260869565217
0.986166007905138
0.986166007905138
0.978260869565217
0.976284584980237
0.974308300395257
0.853754940711462
0.924901185770751
0.91897233201581
0.879446640316206
0.891304347826087
0.851778656126482
0.859683794466403
0.952569169960474
0.954545454545455
0.970355731225296
0.899209486166008
0.620553359683794
0.903162055335968
0.66798418972332
0.968379446640316
0.8300395256917
0.788537549407115
0.802371541501976
1
1
1
1
0.99604743083004
0.972332015810277
0.964426877470356
0.948616600790514
0.930830039525692
0.976284584980237
0.91897233201581
0.974308300395257
0.802371541501976
0.980237154150198
0.982213438735178
0.707509881422925
0.760869565217391
0.758893280632411
0.745059288537549
0.968379446640316
0.924901185770751
0.91501976284585
0.920948616600791
0.91897233201581
0.960474308300395
0.952569169960474
0.962450592885375
0.662055335968379
0.660079051383399
0.936758893280632
0.521739130434783
1
1
1
1
0.99604743083004
0.972332015810277
0.964426877470356
0.938735177865613
0.930830039525692
0.976284584980237
0.91897233201581
0.974308300395257
0.802371541501976
0.980237154150198
0.980237154150198
0.984189723320158
0.709486166007905
0.486166007905138
0.760869565217391
0.75296442687747
0.745059288537549
0.964426877470356
0.909090909090909
0.91501976284585
0.91897233201581
0.91897233201581
0.970355731225296
0.952569169960474
0.956521739130435
0.962450592885375
0.658102766798419
0.638339920948617
0.938735177865613
0.571146245059289
0.513833992094862
1
0.0494071146245059
0.00395256916996047
0.992094861660079
0.00592885375494071
0.00395256916996047
0.0276679841897233
0.964426877470356
0.972332015810277
0.976284584980237
0.978260869565217
0.972332015810277
0.984189723320158
0.873517786561265
0.867588932806324
0.857707509881423
0.956521739130435
0.956521739130435
0.954545454545455
0.948616600790514
0.903162055335968
0.646245059288538
0.845849802371542
1
1
1
1
1
1
1
1
1
0.948616600790514
0.988142292490119
0.41304347826087
0.992094861660079
0.972332015810277
0.964426877470356
0.960474308300395
0.966403162055336
0.972332015810277
0.976284584980237
0.978260869565217
0.982213438735178
0.869565217391304
0.879446640316206
0.869565217391304
0.857707509881423
0.958498023715415
0.956521739130435
0.954545454545455
0.948616600790514
0.922924901185771
0.924901185770751
0.00988142292490119
1
1
1
1
0.549407114624506
0.549407114624506
0.547430830039526
0.541501976284585
0.988142292490119
0.946640316205534
0.942687747035573
0.944664031620553
0.952569169960474
0.954545454545455
0.948616600790514
0.91897233201581
0.91501976284585
0.948616600790514
0.954545454545455
0.992094861660079
0.994071146245059
0.99604743083004
0.768774703557312
0.756916996047431
0.758893280632411
0.567193675889328
0.00988142292490119
0.0138339920948617
0.0316205533596838
0.0138339920948617
0.928853754940711
0.318181818181818
0.0158102766798419
0.359683794466403
0.355731225296443
0.0158102766798419
0.0138339920948617
0.58695652173913
1
1
0.549407114624506
0.549407114624506
0.545454545454545
0.992094861660079
0.990118577075099
0.0138339920948617
0.0177865612648221
0.0217391304347826
0.0158102766798419
0.0138339920948617
0.948616600790514
0.91897233201581
0.91501976284585
0.948616600790514
0.954545454545455
0.992094861660079
0.994071146245059
0.99802371541502
0.994071146245059
0.756916996047431
0.74901185770751
0.569169960474308
0.66403162055336
0.928853754940711
0.930830039525692
0.926877470355731
0.602766798418972
0.596837944664032
0.610671936758893
0.0138339920948617
0.565217391304348
0.58695652173913
0.58300395256917
0.600790513833992
1
1
1
1
1
1
1
0.980237154150198
0.976284584980237
0.944664031620553
0.679841897233202
0.0118577075098814
0.0177865612648221
0.0177865612648221
0.0177865612648221
0.982213438735178
0.942687747035573
0.986166007905138
0.986166007905138
0.397233201581028
0.383399209486166
0.365612648221344
0.780632411067194
0.970355731225296
0.822134387351779
0.855731225296443
0.940711462450593
0.909090909090909
0.907114624505929
0.948616600790514
0.952569169960474
0.960474308300395
0.968379446640316
0.883399209486166
1
1
1
1
1
1
1
0.99604743083004
0.968379446640316
0.677865612648221
0.926877470355731
0.938735177865613
0.956521739130435
0.980237154150198
0.982213438735178
0.942687747035573
0.946640316205534
0.990118577075099
0.596837944664032
0.608695652173913
0.780632411067194
0.968379446640316
0.822134387351779
0.867588932806324
0.857707509881423
0.909090909090909
0.911067193675889
0.909090909090909
0.956521739130435
0.948616600790514
0.950592885375494
0.960474308300395
0.966403162055336
0.972332015810277
1
0.83399209486166
0.00395256916996047
0.828063241106719
0.99604743083004
0.622529644268775
0.624505928853755
0.00592885375494071
0.0118577075098814
0.992094861660079
0.926877470355731
0.928853754940711
0.992094861660079
0.990118577075099
0.988142292490119
0.988142292490119
0.988142292490119
0.984189723320158
0.5
0.484189723320158
0.932806324110672
0.928853754940711
0.899209486166008
0.91501976284585
0.946640316205534
0.934782608695652
0.938735177865613
0.944664031620553
0.879446640316206
0.887351778656126
0.873517786561265
0.976284584980237
0.970355731225296
0.727272727272727
1
1
1
1
1
0.0138339920948617
0.16600790513834
0.99604743083004
0.622529644268775
0.624505928853755
0.616600790513834
0.608695652173913
0.992094861660079
0.926877470355731
0.928853754940711
0.928853754940711
0.990118577075099
0.988142292490119
0.982213438735178
0.972332015810277
0.50395256916996
0.484189723320158
0.940711462450593
0.930830039525692
0.905138339920949
0.946640316205534
0.930830039525692
0.940711462450593
0.873517786561265
0.00395256916996047
0.075098814229249
0.0790513833992095
0.972332015810277
0.243083003952569
1
0.948616600790514
0.952569169960474
0.952569169960474
0.952569169960474
0.99604743083004
0.99802371541502
0.99802371541502
0.818181818181818
0.980237154150198
0.810276679841897
0.818181818181818
0.990118577075099
0.0138339920948617
0.976284584980237
0.24703557312253
0.24703557312253
0.984189723320158
0.968379446640316
0.0118577075098814
0.0197628458498024
0.0118577075098814
0.00988142292490119
0.0138339920948617
0.982213438735178
0.00395256916996047
0.134387351778656
0.00395256916996047
0.142292490118577
0.00988142292490119
0.873517786561265
0.00988142292490119
0.00790513833992095
0.00592885375494071
0.00197628458498024
0.50197628458498
1
1
0.952569169960474
0.952569169960474
0.952569169960474
0.99604743083004
0.99802371541502
0.99802371541502
0.685770750988142
0.964426877470356
0.814229249011858
0.816205533596838
0.990118577075099
0.992094861660079
0.764822134387352
0.363636363636364
0.24703557312253
0.24703557312253
0.984189723320158
0.968379446640316
0.948616600790514
0.948616600790514
0.946640316205534
0.966403162055336
0.982213438735178
0.976284584980237
0.982213438735178
0.990118577075099
0.853754940711462
0.853754940711462
0.843873517786561
0.845849802371542
0.818181818181818
0.926877470355731
0.810276679841897
0.810276679841897
0.725296442687747
0.717391304347826
1
0.66600790513834
0.652173913043478
0.650197628458498
0.986166007905138
0.986166007905138
0.612648221343874
0.596837944664032
0.596837944664032
0.954545454545455
0.387351778656126
0.381422924901186
0.885375494071146
0.903162055335968
0.903162055335968
0.889328063241107
0.879446640316206
0.857707509881423
0.853754940711462
0.851778656126482
0.845849802371542
0.863636363636364
0.00395256916996047
0.00592885375494071
0.00395256916996047
0.00395256916996047
0.0217391304347826
0.956521739130435
1
1
1
1
0.66600790513834
0.652173913043478
0.650197628458498
0.986166007905138
0.986166007905138
0.612648221343874
0.596837944664032
0.596837944664032
0.58695652173913
0.954545454545455
0.383399209486166
0.389328063241107
0.907114624505929
0.899209486166008
0.879446640316206
0.865612648221344
0.857707509881423
0.853754940711462
0.851778656126482
0.0177865612648221
0.0118577075098814
0.100790513833992
0.00988142292490119
0.173913043478261
0.171936758893281
0.00592885375494071
0.00592885375494071
0.0177865612648221
0.00790513833992095
0.954545454545455
1
1
0.00395256916996047
0.254940711462451
0.254940711462451
0.982213438735178
0.986166007905138
0.314229249011858
0.990118577075099
0.337944664031621
0.980237154150198
0.507905138339921
0.978260869565217
0.980237154150198
0.620553359683794
0.612648221343874
0.958498023715415
0.642292490118577
0.978260869565217
0.798418972332016
0.796442687747036
0.66600790513834
0.778656126482213
0.936758893280632
0.879446640316206
0.873517786561265
0.715415019762846
0.0118577075098814
0.0158102766798419
0.0158102766798419
0.958498023715415
0.0118577075098814
1
1
1
0.731225296442688
0.741106719367589
0.735177865612648
0.735177865612648
0.986166007905138
0.673913043478261
0.990118577075099
0.636363636363636
0.980237154150198
0.982213438735178
0.470355731225296
0.351778656126482
0.351778656126482
0.349802371541502
0.958498023715415
0.33201581027668
0.974308300395257
0.00988142292490119
0.00592885375494071
0.00592885375494071
0.298418972332016
0.00988142292490119
0.16600790513834
0.0177865612648221
0.875494071146245
0.00197628458498024
0.0118577075098814
0.0177865612648221
0.707509881422925
0.899209486166008
0.897233201581028
0.958498023715415
0.776679841897233
1
1
0.561264822134387
0.561264822134387
0.543478260869565
0.962450592885375
0.958498023715415
0.966403162055336
0.970355731225296
0.980237154150198
0.992094861660079
0.984189723320158
0.946640316205534
0.905138339920949
0.883399209486166
0.922924901185771
0.928853754940711
0.972332015810277
0.741106719367589
0.976284584980237
0.984189723320158
0.75296442687747
0.0948616600790514
0.0790513833992095
0.00790513833992095
0.0197628458498024
0.0158102766798419
0.375494071146245
0.375494071146245
0.974308300395257
0.602766798418972
0.600790513833992
0.600790513833992
0.974308300395257
0.968379446640316
1
1
0.561264822134387
0.561264822134387
0.543478260869565
0.00988142292490119
0.958498023715415
0.964426877470356
0.970355731225296
0.980237154150198
0.988142292490119
0.972332015810277
0.972332015810277
0.956521739130435
0.883399209486166
0.00395256916996047
0.928853754940711
0.972332015810277
0.741106719367589
0.978260869565217
0.984189723320158
0.75296442687747
0.632411067193676
0.00395256916996047
0.0138339920948617
0.00395256916996047
0.0197628458498024
0.0158102766798419
0.0158102766798419
0.0158102766798419
0.00790513833992095
0.602766798418972
0.600790513833992
0.600790513833992
0.974308300395257
0.968379446640316
1
1
1
1
0.0889328063241107
0.0810276679841897
0.0612648221343874
0.00395256916996047
0.00395256916996047
0.0256916996047431
0.0197628458498024
0.0158102766798419
0.0177865612648221
0.816205533596838
0.0217391304347826
0.695652173913043
0.788537549407115
0.992094861660079
0.980237154150198
0.980237154150198
0.980237154150198
0.986166007905138
0.687747035573123
0.990118577075099
0.992094861660079
0.843873517786561
0.843873517786561
0.992094861660079
0.0691699604743083
0.0671936758893281
0.00790513833992095
0.905138339920949
0.00790513833992095
0.0197628458498024
0.930830039525692
0.930830039525692
0.796442687747036
0.798418972332016
1
1
0.909090909090909
0.907114624505929
0.970355731225296
0.901185770750988
0.901185770750988
0.897233201581028
0.895256916996047
0.978260869565217
0.816205533596838
0.723320158102767
0.697628458498024
0.790513833992095
0.980237154150198
0.980237154150198
0.980237154150198
0.984189723320158
0.00395256916996047
0.00395256916996047
0.00592885375494071
0.00592885375494071
0.00592885375494071
0.00395256916996047
0.843873517786561
0.992094861660079
0.922924901185771
0.91897233201581
0.91897233201581
0.901185770750988
0.776679841897233
0.837944664031621
0.928853754940711
0.800395256916996
0.802371541501976
1
0.873517786561265
0.871541501976285
0.867588932806324
0.99802371541502
0.99802371541502
0.760869565217391
0.66403162055336
0.66403162055336
0.980237154150198
0.841897233201581
0.841897233201581
0.00592885375494071
0.00592885375494071
0.08300395256917
0.0177865612648221
0.0296442687747036
0.00790513833992095
0.920948616600791
0.932806324110672
0.928853754940711
0.946640316205534
0.950592885375494
0.950592885375494
0.952569169960474
0.00988142292490119
0.0138339920948617
1
1
1
1
1
1
1
1
1
0.871541501976285
0.867588932806324
0.99802371541502
0.982213438735178
0.66403162055336
0.66600790513834
0.980237154150198
0.980237154150198
0.841897233201581
0.822134387351779
0.743083003952569
0.891304347826087
0.887351778656126
0.883399209486166
0.899209486166008
0.0197628458498024
0.0177865612648221
0.0316205533596838
0.00395256916996047
0.00395256916996047
0.00395256916996047
0.0138339920948617
1
0.00790513833992095
0.0770750988142292
0.99604743083004
0.375494071146245
0.371541501976285
0.361660079051383
0.351778656126482
0.3300395256917
0.33201581027668
0.982213438735178
0.988142292490119
0.132411067193676
0.122529644268775
0.962450592885375
0.00592885375494071
0.58498023715415
0.592885375494071
0.600790513833992
0.988142292490119
0.743083003952569
0.863636363636364
0.911067193675889
0.942687747035573
0.814229249011858
0.638339920948617
0.00197628458498024
0.0118577075098814
0.0138339920948617
0.932806324110672
0.877470355731225
0.920948616600791
0.956521739130435
0.958498023715415
0.968379446640316
1
0.91501976284585
0.91501976284585
0.99604743083004
0.375494071146245
0.371541501976285
0.361660079051383
0.0177865612648221
0.00395256916996047
0.00395256916996047
0.0177865612648221
0.00790513833992095
0.00988142292490119
0.00790513833992095
0.859683794466403
0.962450592885375
0.381422924901186
0.393280632411067
0.387351778656126
0.385375494071146
0.988142292490119
0.24703557312253
0.841897233201581
0.0553359683794466
0.942687747035573
0.154150197628458
0.142292490118577
0.140316205533597
0.00988142292490119
0.203557312252964
0.0237154150197628
0.0375494071146245
0.926877470355731
0.33596837944664
0.960474308300395
0.966403162055336
0.361660079051383
1
0.950592885375494
0.950592885375494
0.992094861660079
1
0.99802371541502
0.994071146245059
0.986166007905138
0.968379446640316
0.790513833992095
0.75296442687747
0.889328063241107
0.91501976284585
0.83596837944664
0.826086956521739
0.83201581027668
0.976284584980237
0.725296442687747
0.976284584980237
0.0217391304347826
0.0158102766798419
0.0296442687747036
0.460474308300395
0.0138339920948617
0.480237154150198
0.00395256916996047
0.515810276679842
0.978260869565217
0.83399209486166
0.83399209486166
0.505928853754941
0.519762845849802
0.527667984189723
0.956521739130435
0.828063241106719
0.822134387351779
0.964426877470356
0.871541501976285
1
0.948616600790514
0.950592885375494
0.992094861660079
1
0.99802371541502
0.988142292490119
0.988142292490119
0.891304347826087
0.889328063241107
0.920948616600791
0.982213438735178
0.0118577075098814
0.0118577075098814
0.25296442687747
0.24901185770751
0.978260869565217
0.513833992094862
0.476284584980237
0.444664031620553
0.492094861660079
0.505928853754941
0.484189723320158
0.480237154150198
0.982213438735178
0.0217391304347826
0.83399209486166
0.49604743083004
0.511857707509881
0.523715415019763
0.982213438735178
0.954545454545455
0.958498023715415
0.812252964426877
0.960474308300395
0.986166007905138
1
1
1
1
1
1
1
0.990118577075099
0.954545454545455
0.861660079051383
0.857707509881423
0.972332015810277
0.946640316205534
0.952569169960474
0.776679841897233
0.796442687747036
0.974308300395257
0.798418972332016
0.790513833992095
0.395256916996047
0.399209486166008
0.355731225296443
0.288537549407115
0.276679841897233
0.280632411067194
0.282608695652174
0.294466403162055
0.294466403162055
0.294466403162055
0.239130434782609
0.272727272727273
0.191699604743083
1
1
1
1
1
1
1
0.974308300395257
0.946640316205534
0.954545454545455
0.859683794466403
0.857707509881423
0.948616600790514
0.952569169960474
0.776679841897233
0.792490118577075
0.976284584980237
0.83201581027668
0.786561264822134
0.788537549407115
0.782608695652174
0.409090909090909
0.395256916996047
0.383399209486166
0.341897233201581
0.268774703557312
0.280632411067194
0.280632411067194
0.286561264822134
0.294466403162055
0.294466403162055
0.25296442687747
0.227272727272727
0.191699604743083
1
0.00790513833992095
0.952569169960474
0.952569169960474
0.00197628458498024
0.99802371541502
0.958498023715415
0.990118577075099
0.992094861660079
0.966403162055336
0.00395256916996047
0.0118577075098814
0.968379446640316
0.0118577075098814
0.958498023715415
0.968379446640316
0.970355731225296
0.978260869565217
0.988142292490119
0.905138339920949
0.861660079051383
0.899209486166008
0.808300395256917
0.577075098814229
0.974308300395257
0.863636363636364
0.839920948616601
0.812252964426877
0.869565217391304
0.865612648221344
0.940711462450593
0.940711462450593
0.950592885375494
0.695652173913043
1
0.00790513833992095
0.952569169960474
0.952569169960474
0.950592885375494
0.99802371541502
0.958498023715415
0.990118577075099
0.992094861660079
0.992094861660079
0.0296442687747036
0.0118577075098814
0.0138339920948617
0.968379446640316
0.958498023715415
0.968379446640316
0.968379446640316
0.978260869565217
0.982213438735178
0.990118577075099
0.907114624505929
0.899209486166008
0.994071146245059
0.646245059288538
0.901185770750988
0.83399209486166
0.812252964426877
0.881422924901186
0.91304347826087
0.934782608695652
0.960474308300395
0.944664031620553
0.74703557312253
0.695652173913043
0.707509881422925
1
1
1
1
1
0.814229249011858
1
0.99802371541502
0.99802371541502
0.99604743083004
0.0671936758893281
0.00988142292490119
0.0217391304347826
0.660079051383399
0.962450592885375
0.964426877470356
0.954545454545455
0.960474308300395
0.986166007905138
0.994071146245059
0.994071146245059
0.994071146245059
0.972332015810277
0.0118577075098814
0.00988142292490119
0.0217391304347826
0.00197628458498024
0.154150197628458
0.877470355731225
0.0158102766798419
0.0217391304347826
0.00790513833992095
0.00592885375494071
0.980237154150198
0.0316205533596838
0.0256916996047431
0.0177865612648221
1
0.826086956521739
0.00395256916996047
1
0.99802371541502
0.99802371541502
0.99604743083004
0.911067193675889
0.274703557312253
0.280632411067194
0.294466403162055
0.0237154150197628
0.0177865612648221
0.954545454545455
0.0158102766798419
0.00790513833992095
0.00197628458498024
0.00197628458498024
0.00197628458498024
0.00197628458498024
0.00592885375494071
0.00988142292490119
0.148221343873518
0.156126482213439
0.148221343873518
0.877470355731225
0.960474308300395
0.962450592885375
0.962450592885375
0.964426877470356
0.980237154150198
0.950592885375494
0.954545454545455
0.881422924901186
1
1
0.245059288537549
0.243083003952569
0.239130434782609
0.988142292490119
0.988142292490119
0.00988142292490119
0.0118577075098814
0.0158102766798419
0.990118577075099
0.270750988142292
0.270750988142292
0.994071146245059
0.99604743083004
0.994071146245059
0.867588932806324
0.0118577075098814
0.492094861660079
0.486166007905138
0.974308300395257
0.885375494071146
0.780632411067194
0.869565217391304
0.863636363636364
0.867588932806324
0.970355731225296
0.705533596837945
0.699604743083004
0.905138339920949
0.853754940711462
0.855731225296443
0.944664031620553
0.944664031620553
0.936758893280632
0.00395256916996047
0.974308300395257
0.0158102766798419
1
1
0.245059288537549
0.243083003952569
0.239130434782609
0.988142292490119
0.988142292490119
0.00395256916996047
0.00395256916996047
0.984189723320158
0.990118577075099
0.715415019762846
0.721343873517787
0.992094861660079
0.99604743083004
0.994071146245059
0.867588932806324
0.551383399209486
0.49802371541502
0.494071146245059
0.970355731225296
0.0177865612648221
0.00592885375494071
0.00395256916996047
0.0138339920948617
0.0158102766798419
0.966403162055336
0.138339920948617
0.0138339920948617
0.982213438735178
0.905138339920949
0.855731225296443
0.855731225296443
0.944664031620553
0.944664031620553
0.0118577075098814
0.00988142292490119
0.0118577075098814
0.0158102766798419
1
0.0138339920948617
0.08300395256917
0.08300395256917
0.964426877470356
0.733201581027668
0.733201581027668
0.978260869565217
0.970355731225296
0.986166007905138
0.861660079051383
0.865612648221344
0.853754940711462
0.893280632411067
0.91304347826087
0.962450592885375
0.460474308300395
0.456521739130435
0.470355731225296
0.960474308300395
0.361660079051383
0.262845849802372
0.254940711462451
0.260869565217391
0.889328063241107
0.0158102766798419
0.00988142292490119
0.972332015810277
0.972332015810277
1
1
1
1
1
1
1
0.907114624505929
0.968379446640316
0.735177865612648
0.733201581027668
0.982213438735178
0.970355731225296
0.980237154150198
0.859683794466403
0.857707509881423
0.855731225296443
0.883399209486166
0.960474308300395
0.468379446640316
0.446640316205534
0.458498023715415
0.470355731225296
0.962450592885375
0.00197628458498024
0.262845849802372
0.25098814229249
0.256916996047431
0.00790513833992095
0.0158102766798419
0.00988142292490119
0.0138339920948617
0.0138339920948617
1
1
1
1
1
0.99802371541502
0.980237154150198
0.00592885375494071
0.00988142292490119
0.994071146245059
0.778656126482213
0.778656126482213
0.00790513833992095
0.966403162055336
0.980237154150198
0.984189723320158
0.697628458498024
0.701581027667984
0.642292490118577
0.786561264822134
0.780632411067194
0.885375494071146
0.879446640316206
0.978260869565217
0.424901185770751
0.905138339920949
0.901185770750988
0.960474308300395
0.800395256916996
0.960474308300395
0.810276679841897
0.816205533596838
0.814229249011858
0.980237154150198
1
1
1
1
1
1
0.99604743083004
0.972332015810277
0.978260869565217
0.992094861660079
0.778656126482213
0.980237154150198
0.962450592885375
0.964426877470356
0.980237154150198
0.984189723320158
0.697628458498024
0.705533596837945
0.711462450592885
0.5
0.782608695652174
0.881422924901186
0.966403162055336
0.944664031620553
0.424901185770751
0.00790513833992095
0.0237154150197628
0.0118577075098814
0.966403162055336
0.160079051383399
0.960474308300395
0.00790513833992095
0.00395256916996047
0.00395256916996047
0.660079051383399
0.658102766798419
1
0.895256916996047
0.887351778656126
0.887351778656126
0.99802371541502
0.99604743083004
0.992094861660079
0.976284584980237
0.966403162055336
0.727272727272727
0.719367588932806
0.152173913043478
0.146245059288538
0.0158102766798419
0.298418972332016
0.709486166007905
0.709486166007905
0.990118577075099
0.626482213438735
0.624505928853755
0.622529644268775
0.620553359683794
0.986166007905138
0.982213438735178
0.980237154150198
0.980237154150198
0.978260869565217
0.976284584980237
0.91501976284585
0.883399209486166
0.804347826086957
0.828063241106719
0.630434782608696
1
1
1
0.887351778656126
0.887351778656126
1
0.988142292490119
0.958498023715415
0.978260869565217
0.980237154150198
0.725296442687747
0.719367588932806
0.152173913043478
0.152173913043478
0.950592885375494
0.298418972332016
0.268774703557312
0.274703557312253
0.990118577075099
0.626482213438735
0.624505928853755
0.622529644268775
0.00592885375494071
0.00592885375494071
0.982213438735178
0.988142292490119
0.980237154150198
0.980237154150198
0.974308300395257
0.976284584980237
0.976284584980237
0.91501976284585
0.883399209486166
0.950592885375494
0.806324110671937
0.8300395256917
0.505928853754941
1
1
1
1
1
0.873517786561265
0.128458498023715
0.128458498023715
0.128458498023715
0.124505928853755
0.124505928853755
0.0138339920948617
0.91501976284585
0.91897233201581
0.950592885375494
0.950592885375494
0.992094861660079
0.992094861660079
0.988142292490119
0.988142292490119
0.845849802371542
0.762845849802372
0.907114624505929
0.893280632411067
0.349802371541502
0.349802371541502
0.357707509881423
0.363636363636364
0.367588932806324
0.0177865612648221
0.0177865612648221
0.0197628458498024
0.00790513833992095
0.0118577075098814
0.00395256916996047
0.00395256916996047
0.00395256916996047
1
0.873517786561265
0.128458498023715
0.128458498023715
0.128458498023715
0.124505928853755
0.124505928853755
0.0434782608695652
0.91501976284585
0.91897233201581
0.950592885375494
0.948616600790514
0.988142292490119
0.992094861660079
0.853754940711462
0.766798418972332
0.907114624505929
0.616600790513834
0.517786561264822
0.598814229249012
0.598814229249012
0.00790513833992095
0.00395256916996047
0.0138339920948617
0.00988142292490119
0.00592885375494071
0.0118577075098814
0.0118577075098814
0.960474308300395
1
1
1
1
0.841897233201581
0.988142292490119
0.183794466403162
0.992094861660079
0.986166007905138
0.0118577075098814
0.828063241106719
0.871541501976285
0.994071146245059
0.994071146245059
0.994071146245059
0.99604743083004
0.99604743083004
0.869565217391304
0.865612648221344
0.652173913043478
0.563241106719368
0.537549407114625
0.857707509881423
0.822134387351779
0.326086956521739
0.324110671936759
0.958498023715415
0.968379446640316
0.956521739130435
0.944664031620553
0.952569169960474
0.972332015810277
1
0.851778656126482
0.00592885375494071
0.812252964426877
0.00395256916996047
0.990118577075099
0.812252964426877
0.812252964426877
0.810276679841897
0.871541501976285
0.871541501976285
0.994071146245059
0.994071146245059
0.99604743083004
0.99604743083004
0.994071146245059
0.871541501976285
0.863636363636364
0.865612648221344
0.559288537549407
0.537549407114625
0.857707509881423
0.822134387351779
0.324110671936759
0.324110671936759
0.324110671936759
0.968379446640316
0.944664031620553
0.938735177865613
0.942687747035573
0.960474308300395
0.966403162055336
1
1
0.549407114624506
0.99604743083004
0.99604743083004
0.994071146245059
0.988142292490119
0.980237154150198
0.980237154150198
0.986166007905138
0.988142292490119
0.887351778656126
0.930830039525692
0.928853754940711
0.934782608695652
0.952569169960474
0.91501976284585
0.911067193675889
0.968379446640316
0.782608695652174
0.762845849802372
0.786561264822134
0.786561264822134
0.201581027667984
0.16403162055336
0.158102766798419
0.146245059288538
0.0652173913043478
0.0612648221343874
0.0770750988142292
0.00395256916996047
0.0256916996047431
0.0197628458498024
0.0118577075098814
0.0355731225296443
0.0355731225296443
0.0316205533596838
1
1
0.549407114624506
0.99604743083004
0.984189723320158
0.988142292490119
0.988142292490119
0.980237154150198
0.980237154150198
0.986166007905138
0.893280632411067
0.891304347826087
0.928853754940711
0.936758893280632
0.966403162055336
0.909090909090909
0.911067193675889
0.928853754940711
0.782608695652174
0.782608695652174
0.790513833992095
0.189723320158103
0.160079051383399
0.154150197628458
0.0652173913043478
0.0632411067193676
0.0474308300395257
0.0671936758893281
0.0118577075098814
0.0197628458498024
0.00790513833992095
0.033596837944664
0.0355731225296443
0.033596837944664
0.00592885375494071
1
1
1
1
1
1
0.99802371541502
0.99802371541502
0.994071146245059
0.810276679841897
0.798418972332016
0.899209486166008
0.780632411067194
0.889328063241107
0.484189723320158
0.482213438735178
0.509881422924901
0.509881422924901
0.00197628458498024
0.648221343873518
0.652173913043478
0.660079051383399
0.6699604743083
0.6699604743083
0.982213438735178
0.701581027667984
0.699604743083004
0.697628458498024
0.788537549407115
0.754940711462451
0.75296442687747
0.974308300395257
0.972332015810277
0.970355731225296
0.205533596837945
1
1
1
1
0.99802371541502
0.99604743083004
0.994071146245059
0.994071146245059
0.903162055335968
0.794466403162055
0.780632411067194
0.778656126482213
0.484189723320158
0.482213438735178
0.509881422924901
0.509881422924901
0.5
0.328063241106719
0.318181818181818
0.320158102766798
0.312252964426877
0.308300395256917
0.982213438735178
0.701581027667984
0.00395256916996047
0.982213438735178
0.00197628458498024
0.00592885375494071
0.970355731225296
0.974308300395257
0.970355731225296
1
0.962450592885375
0.978260869565217
0.976284584980237
0.972332015810277
0.974308300395257
0.964426877470356
0.229249011857708
0.223320158102767
0.00988142292490119
0.00988142292490119
0.00988142292490119
0.00790513833992095
0.986166007905138
0.988142292490119
0.8300395256917
0.8300395256917
0.8300395256917
0.83201581027668
0.826086956521739
0.974308300395257
0.964426877470356
0.531620553359684
0.531620553359684
0.885375494071146
0.920948616600791
0.91699604743083
0.930830039525692
0.948616600790514
0.962450592885375
0.632411067193676
1
1
1
1
1
0.99802371541502
0.976284584980237
0.962450592885375
0.980237154150198
0.976284584980237
0.976284584980237
0.976284584980237
0.0118577075098814
0.0197628458498024
0.0158102766798419
0.213438735177866
0.982213438735178
0.976284584980237
0.980237154150198
0.988142292490119
0.00592885375494071
0.8300395256917
0.8300395256917
0.83201581027668
0.826086956521739
0.974308300395257
0.964426877470356
0.545454545454545
0.535573122529644
0.887351778656126
0.926877470355731
0.932806324110672
0.948616600790514
0.950592885375494
0.620553359683794
1
1
1
1
1
0.99604743083004
0.99604743083004
0.99604743083004
0.99604743083004
0.992094861660079
0.780632411067194
0.00790513833992095
0.944664031620553
0.948616600790514
0.766798418972332
0.770750988142292
0.982213438735178
0.978260869565217
0.00790513833992095
0.725296442687747
0.855731225296443
0.841897233201581
0.972332015810277
0.970355731225296
0.968379446640316
0.972332015810277
0.875494071146245
0.41501976284585
0.367588932806324
0.893280632411067
0.899209486166008
0.964426877470356
0.954545454545455
0.952569169960474
0.964426877470356
1
1
1
1
1
1
0.99604743083004
0.99604743083004
0.992094861660079
0.780632411067194
0.944664031620553
0.948616600790514
0.948616600790514
0.768774703557312
0.968379446640316
0.984189723320158
0.743083003952569
0.855731225296443
0.841897233201581
0.970355731225296
0.970355731225296
0.970355731225296
0.970355731225296
0.887351778656126
0.879446640316206
0.899209486166008
0.881422924901186
0.883399209486166
0.893280632411067
0.964426877470356
0.962450592885375
0.962450592885375
0.948616600790514
0.958498023715415
1
1
1
1
1
1
1
0.99802371541502
0.790513833992095
0.966403162055336
0.909090909090909
0.960474308300395
0.780632411067194
0.857707509881423
0.920948616600791
0.841897233201581
0.932806324110672
0.909090909090909
0.91897233201581
0.879446640316206
0.903162055335968
0.865612648221344
0.869565217391304
0.00988142292490119
0.0158102766798419
0.00988142292490119
0.966403162055336
0.972332015810277
0.590909090909091
0.58498023715415
0.964426877470356
0.968379446640316
0.0138339920948617
0.0158102766798419
1
1
1
1
1
1
1
1
0.988142292490119
0.950592885375494
0.901185770750988
0.956521739130435
0.75098814229249
0.841897233201581
0.932806324110672
0.685770750988142
0.940711462450593
0.932806324110672
0.0177865612648221
0.00395256916996047
0.00592885375494071
0.0237154150197628
0.0158102766798419
0.0217391304347826
0.00395256916996047
0.0158102766798419
0.0118577075098814
0.00790513833992095
0.385375494071146
0.385375494071146
0.00988142292490119
0.968379446640316
0.389328063241107
0.0158102766798419
1
1
1
1
1
0.99802371541502
0.994071146245059
0.99604743083004
0.861660079051383
0.391304347826087
0.41897233201581
0.50395256916996
0.492094861660079
0.49802371541502
0.3300395256917
0.972332015810277
0.365612648221344
0.369565217391304
0.972332015810277
0.725296442687747
0.758893280632411
0.756916996047431
0.976284584980237
0.976284584980237
0.980237154150198
0.897233201581028
0.628458498023715
0.982213438735178
0.962450592885375
0.954545454545455
0.970355731225296
0.855731225296443
0.865612648221344
0.883399209486166
0.940711462450593
1
1
1
1
1
0.99802371541502
0.990118577075099
0.968379446640316
0.994071146245059
0.00395256916996047
0.0138339920948617
0.00790513833992095
0.476284584980237
0.480237154150198
0.480237154150198
0.478260869565217
0.958498023715415
0.642292490118577
0.972332015810277
0.606719367588933
0.604743083003953
0.865612648221344
0.980237154150198
0.756916996047431
0.758893280632411
0.756916996047431
0.976284584980237
0.972332015810277
0.628458498023715
0.703557312252964
0.952569169960474
0.905138339920949
0.897233201581028
0.873517786561265
0.871541501976285
1
1
0.656126482213439
0.992094861660079
0.644268774703557
0.644268774703557
0.990118577075099
0.990118577075099
0.780632411067194
0.863636363636364
0.863636363636364
0.970355731225296
0.796442687747036
0.988142292490119
0.577075098814229
0.539525691699605
0.612648221343874
0.00395256916996047
0.00395256916996047
0.00988142292490119
0.00988142292490119
0.00988142292490119
0.922924901185771
0.0928853754940712
0.00988142292490119
0.00592885375494071
0.0118577075098814
0.0494071146245059
0.0434782608695652
0.0434782608695652
0.0494071146245059
0.00790513833992095
0.00988142292490119
0.00790513833992095
0.00592885375494071
1
1
0.341897233201581
0.992094861660079
0.349802371541502
0.00988142292490119
0.00592885375494071
0.00592885375494071
0.778656126482213
0.863636363636364
0.863636363636364
0.972332015810277
0.792490118577075
0.679841897233202
0.555335968379447
0.537549407114625
0.606719367588933
0.950592885375494
0.950592885375494
0.952569169960474
0.958498023715415
0.924901185770751
0.8300395256917
0.00988142292490119
0.0513833992094862
0.0513833992094862
0.0494071146245059
0.0434782608695652
0.0494071146245059
0.00395256916996047
0.00395256916996047
0.0296442687747036
0.0316205533596838
1
1
1
1
0.897233201581028
0.895256916996047
0.988142292490119
0.911067193675889
0.924901185770751
0.0138339920948617
0.0118577075098814
0.00988142292490119
0.00592885375494071
0.0158102766798419
0.0118577075098814
0.0138339920948617
0.00988142292490119
0.978260869565217
0.00988142292490119
0.897233201581028
0.903162055335968
0.990118577075099
0.986166007905138
0.851778656126482
0.626482213438735
0.559288537549407
0.723320158102767
0.926877470355731
1
1
0.0988142292490119
0.992094861660079
0.966403162055336
0.0513833992094862
0.980237154150198
0.841897233201581
0.0217391304347826
0.978260869565217
0.972332015810277
0.972332015810277
0.974308300395257
0.974308300395257
0.976284584980237
0.984189723320158
0.984189723320158
0.976284584980237
0.980237154150198
0.980237154150198
0.980237154150198
0.897233201581028
0.901185770750988
0.990118577075099
0.988142292490119
0.986166007905138
0.608695652173913
0.756916996047431
0.727272727272727
1
1
1
0.936758893280632
1
0.988142292490119
0.982213438735178
0.982213438735178
0.980237154150198
0.986166007905138
0.768774703557312
0.891304347826087
0.946640316205534
0.604743083003953
0.608695652173913
0.608695652173913
0.608695652173913
0.719367588932806
0.312252964426877
0.304347826086957
0.211462450592885
0.456521739130435
0.905138339920949
0.0889328063241107
0.00395256916996047
0.0138339920948617
0.110671936758893
0.106719367588933
0.00790513833992095
0.944664031620553
0.837944664031621
0.857707509881423
0.857707509881423
0.960474308300395
1
1
0.936758893280632
1
0.988142292490119
0.982213438735178
0.982213438735178
0.980237154150198
0.986166007905138
0.828063241106719
0.893280632411067
0.895256916996047
0.952569169960474
0.592885375494071
0.620553359683794
0.608695652173913
0.727272727272727
0.308300395256917
0.458498023715415
0.456521739130435
0.879446640316206
0.774703557312253
0.0138339920948617
0.75098814229249
0.727272727272727
0.75098814229249
0.849802371541502
0.839920948616601
0.857707509881423
0.857707509881423
0.962450592885375
0.652173913043478
1
1
0.598814229249012
0.592885375494071
0.58695652173913
0.986166007905138
0.986166007905138
0.0632411067193676
0.00592885375494071
0.0158102766798419
0.00197628458498024
0.974308300395257
0.596837944664032
0.600790513833992
0.600790513833992
0.986166007905138
0.984189723320158
0.982213438735178
0.897233201581028
0.893280632411067
0.891304347826087
0.873517786561265
0.867588932806324
0.442687747035573
0.547430830039526
0.545454545454545
0.636363636363636
0.91501976284585
0.895256916996047
0.930830039525692
0.638339920948617
0.907114624505929
0.814229249011858
1
1
1
1
0.598814229249012
0.596837944664032
0.588932806324111
0.58695652173913
0.982213438735178
0.911067193675889
0.976284584980237
0.946640316205534
0.958498023715415
0.00592885375494071
0.00197628458498024
0.00197628458498024
0.00197628458498024
0.974308300395257
0.986166007905138
0.893280632411067
0.891304347826087
0.889328063241107
0.984189723320158
0.869565217391304
0.385375494071146
0.411067193675889
0.403162055335968
0.302371541501976
0.91501976284585
0.00395256916996047
0.0197628458498024
0.0256916996047431
0.0237154150197628
0.812252964426877
1
1
1
1
1
0.440711462450593
0.438735177865613
0.00395256916996047
0.432806324110672
0.432806324110672
0.432806324110672
0.99604743083004
0.986166007905138
0.986166007905138
0.974308300395257
0.964426877470356
0.430830039525692
0.458498023715415
0.988142292490119
0.154150197628458
0.156126482213439
0.984189723320158
0.397233201581028
0.980237154150198
0.229249011857708
0.225296442687747
0.217391304347826
0.213438735177866
0.213438735177866
0.211462450592885
0.205533596837945
0.033596837944664
1
1
0.440711462450593
0.436758893280632
0.432806324110672
0.432806324110672
0.432806324110672
0.432806324110672
0.99604743083004
0.990118577075099
0.988142292490119
0.978260869565217
0.962450592885375
0.889328063241107
0.452569169960474
0.527667984189723
0.986166007905138
0.83596837944664
0.837944664031621
0.837944664031621
0.590909090909091
0.00395256916996047
0.237154150197628
0.00988142292490119
0.219367588932806
0.213438735177866
0.213438735177866
0.211462450592885
0.203557312252964
0.177865612648221
1
1
0.543478260869565
0.994071146245059
0.990118577075099
0.990118577075099
0.986166007905138
0.982213438735178
0.984189723320158
0.990118577075099
0.938735177865613
0.632411067193676
0.938735177865613
0.984189723320158
0.988142292490119
0.91897233201581
0.91501976284585
0.980237154150198
0.743083003952569
0.741106719367589
0.968379446640316
0.0118577075098814
0.00988142292490119
0.00592885375494071
0.00592885375494071
0.00988142292490119
0.0138339920948617
0.928853754940711
0.938735177865613
0.956521739130435
1
0.547430830039526
0.00395256916996047
0.00790513833992095
0.00988142292490119
0.00395256916996047
0.00988142292490119
0.00197628458498024
0.00592885375494071
0.00790513833992095
0.00988142292490119
0.632411067193676
0.00988142292490119
0.00790513833992095
0.00395256916996047
0.00592885375494071
0.984189723320158
0.231225296442688
0.227272727272727
0.0197628458498024
0.976284584980237
0.264822134387352
0.962450592885375
0.861660079051383
0.867588932806324
0.867588932806324
0.948616600790514
0.934782608695652
0.928853754940711
0.928853754940711
0.960474308300395
1
1
1
1
1
1
1
0.986166007905138
0.956521739130435
0.962450592885375
0.701581027667984
0.650197628458498
0.642292490118577
0.634387351778656
0.519762845849802
0.00988142292490119
0.474308300395257
0.673913043478261
0.677865612648221
0.924901185770751
0.938735177865613
0.326086956521739
0.322134387351779
0.294466403162055
0.274703557312253
0.24703557312253
0.213438735177866
0.233201581027668
0.148221343873518
0.859683794466403
0.00395256916996047
1
1
1
1
1
0.984189723320158
0.986166007905138
0.950592885375494
0.956521739130435
0.709486166007905
0.709486166007905
0.650197628458498
0.650197628458498
0.620553359683794
0.509881422924901
0.494071146245059
0.474308300395257
0.00988142292490119
0.926877470355731
0.938735177865613
0.326086956521739
0.322134387351779
0.292490118577075
0.292490118577075
0.272727272727273
0.24703557312253
0.213438735177866
0.233201581027668
0.152173913043478
0.146245059288538
0.0138339920948617
0.108695652173913
0.00395256916996047
