1
1
1
1
1
1
0.00395256916996047
0.99802371541502
0.99802371541502
0.99802371541502
0.812252964426877
0.810276679841897
0.810276679841897
0.772727272727273
0.986166007905138
0.00592885375494071
0.0177865612648221
0.0177865612648221
0.986166007905138
0.470355731225296
0.480237154150198
0.480237154150198
0.976284584980237
0.349802371541502
0.982213438735178
0.549407114624506
0.549407114624506
0.0434782608695652
0.00395256916996047
0.00790513833992095
0.0118577075098814
0.00988142292490119
0.00592885375494071
0.0118577075098814
0.0118577075098814
0.0158102766798419
0.0118577075098814
0.00592885375494071
1
0.99802371541502
0.812252964426877
0.810276679841897
0.810276679841897
0.772727272727273
0.986166007905138
0.984189723320158
0.905138339920949
0.903162055335968
0.980237154150198
0.903162055335968
0.901185770750988
0.50197628458498
0.494071146245059
0.974308300395257
0.628458498023715
0.978260869565217
0.426877470355731
0.41699604743083
0.41304347826087
0.839920948616601
0.606719367588933
0.818181818181818
0.822134387351779
0.828063241106719
0.970355731225296
0.978260869565217
0.978260869565217
0.980237154150198
0.0434782608695652
0.0138339920948617
1
0.865612648221344
0.865612648221344
0.990118577075099
0.00395256916996047
0.0474308300395257
0.0434782608695652
0.00592885375494071
0.00592885375494071
0.00988142292490119
0.00988142292490119
0.0138339920948617
0.980237154150198
0.99802371541502
0.99604743083004
0.988142292490119
0.00395256916996047
0.990118577075099
0.944664031620553
0.994071146245059
0.958498023715415
0.974308300395257
0.982213438735178
0.972332015810277
0.982213438735178
0.0513833992094862
0.00395256916996047
0.907114624505929
0.909090909090909
0.909090909090909
0.992094861660079
0.0197628458498024
0.00592885375494071
0.00395256916996047
0.0177865612648221
0.0237154150197628
0.0256916996047431
0.0237154150197628
0.0158102766798419
1
0.00988142292490119
0.124505928853755
0.988142292490119
0.041501976284585
0.00395256916996047
0.0158102766798419
0.0296442687747036
0.0316205533596838
0.0316205533596838
0.952569169960474
0.964426877470356
0.980237154150198
0.99604743083004
0.99604743083004
0.992094861660079
0.990118577075099
0.990118577075099
0.944664031620553
0.994071146245059
0.956521739130435
0.974308300395257
0.982213438735178
0.970355731225296
0.980237154150198
0.579051383399209
0.525691699604743
0.907114624505929
0.909090909090909
0.909090909090909
0.992094861660079
0.0869565217391304
0.0889328063241107
0.968379446640316
0.00988142292490119
0.00395256916996047
0.0296442687747036
0.0276679841897233
0.0158102766798419
0.0158102766798419
1
1
0.865612648221344
0.865612648221344
0.865612648221344
1
0.992094861660079
0.984189723320158
0.964426877470356
0.980237154150198
0.990118577075099
0.713438735177866
0.717391304347826
0.928853754940711
0.930830039525692
0.130434782608696
0.928853754940711
0.197628458498024
0.972332015810277
0.0158102766798419
0.349802371541502
0.992094861660079
0.383399209486166
0.375494071146245
0.517786561264822
0.841897233201581
0.8300395256917
0.869565217391304
0.875494071146245
0.786561264822134
0.778656126482213
0.774703557312253
0.758893280632411
0.74703557312253
0.482213438735178
0.693675889328063
0.409090909090909
1
1
1
1
0.865612648221344
0.865612648221344
0.865612648221344
0.865612648221344
0.994071146245059
0.970355731225296
0.960474308300395
0.972332015810277
0.988142292490119
0.768774703557312
0.258893280632411
0.00592885375494071
0.926877470355731
0.802371541501976
0.934782608695652
0.776679841897233
0.970355731225296
0.612648221343874
0.628458498023715
0.980237154150198
0.612648221343874
0.612648221343874
0.146245059288538
0.881422924901186
0.828063241106719
0.839920948616601
0.873517786561265
0.873517786561265
0.780632411067194
0.774703557312253
0.768774703557312
0.75296442687747
0.743083003952569
0.693675889328063
0.464426877470356
1
1
0.800395256916996
0.800395256916996
0.798418972332016
0.786561264822134
1
0.588932806324111
0.630434782608696
0.620553359683794
0.622529644268775
0.559288537549407
0.557312252964427
0.924901185770751
0.946640316205534
0.956521739130435
0.970355731225296
0.968379446640316
0.980237154150198
0.304347826086957
0.292490118577075
0.656126482213439
0.654150197628458
0.893280632411067
0.0395256916996047
0.00395256916996047
0.0276679841897233
0.0256916996047431
0.00592885375494071
0.00395256916996047
0.0118577075098814
0.00592885375494071
0.00988142292490119
0.992094861660079
0.99604743083004
1
0.796442687747036
0.800395256916996
0.800395256916996
0.796442687747036
0.786561264822134
1
0.387351778656126
0.618577075098814
0.0494071146245059
0.41897233201581
0.41897233201581
0.942687747035573
0.944664031620553
0.946640316205534
0.964426877470356
0.972332015810277
0.976284584980237
0.529644268774704
0.292490118577075
0.195652173913043
0.654150197628458
0.654150197628458
0.893280632411067
0.0276679841897233
0.0276679841897233
0.0276679841897233
0.0256916996047431
0.00395256916996047
0.0118577075098814
0.00395256916996047
0.00395256916996047
0.00790513833992095
0.00592885375494071
0.00592885375494071
0.00592885375494071
1
1
1
1
1
1
0.984189723320158
0.978260869565217
0.970355731225296
0.982213438735178
0.972332015810277
0.982213438735178
0.885375494071146
0.956521739130435
0.970355731225296
0.970355731225296
0.075098814229249
0.0652173913043478
0.970355731225296
0.976284584980237
0.978260869565217
0.978260869565217
0.974308300395257
0.966403162055336
0.974308300395257
0.976284584980237
0.986166007905138
0.962450592885375
0.970355731225296
0.974308300395257
0.905138339920949
0.594861660079051
0.0138339920948617
0.0138339920948617
0.0158102766798419
0.0197628458498024
0.91699604743083
0.922924901185771
0.924901185770751
0.922924901185771
1
1
1
1
1
0.990118577075099
0.978260869565217
0.966403162055336
0.966403162055336
0.970355731225296
0.978260869565217
0.984189723320158
0.897233201581028
0.960474308300395
0.877470355731225
0.885375494071146
0.00988142292490119
0.0691699604743083
0.978260869565217
0.976284584980237
0.982213438735178
0.970355731225296
0.974308300395257
0.970355731225296
0.974308300395257
0.978260869565217
0.990118577075099
0.0158102766798419
0.00592885375494071
0.974308300395257
0.075098814229249
0.600790513833992
0.511857707509881
0.901185770750988
0.905138339920949
0.909090909090909
0.920948616600791
0.922924901185771
0.924901185770751
1
1
1
1
1
1
0.713438735177866
0.99604743083004
0.515810276679842
0.990118577075099
0.432806324110672
0.428853754940711
0.00790513833992095
0.956521739130435
0.966403162055336
0.974308300395257
0.0256916996047431
0.0217391304347826
0.988142292490119
0.654150197628458
0.652173913043478
0.652173913043478
0.656126482213439
0.952569169960474
0.968379446640316
0.988142292490119
0.990118577075099
0.58102766798419
0.24703557312253
0.033596837944664
0.0276679841897233
0.0237154150197628
0.0177865612648221
0.954545454545455
0.0790513833992095
0.0731225296442688
0.0177865612648221
0.00592885375494071
0.0316205533596838
0.0276679841897233
1
0.00790513833992095
0.990118577075099
0.99802371541502
0.986166007905138
0.988142292490119
0.551383399209486
0.547430830039526
0.00395256916996047
0.0276679841897233
0.0276679841897233
0.974308300395257
0.960474308300395
0.962450592885375
0.990118577075099
0.654150197628458
0.652173913043478
0.652173913043478
0.656126482213439
0.960474308300395
0.99802371541502
0.992094861660079
0.990118577075099
0.239130434782609
0.241106719367589
0.375494071146245
0.367588932806324
0.367588932806324
0.948616600790514
0.956521739130435
0.899209486166008
0.0256916996047431
0.0177865612648221
0.00790513833992095
0.0355731225296443
1
1
1
1
0.545454545454545
0.543478260869565
0.537549407114625
0.992094861660079
0.990118577075099
0.99604743083004
0.128458498023715
0.907114624505929
0.0118577075098814
0.00790513833992095
0.950592885375494
0.436758893280632
0.468379446640316
0.472332015810277
0.472332015810277
0.99802371541502
0.857707509881423
0.853754940711462
0.974308300395257
0.984189723320158
0.83596837944664
0.974308300395257
0.824110671936759
0.816205533596838
0.796442687747036
0.713438735177866
0.960474308300395
0.968379446640316
0.964426877470356
0.986166007905138
0.444664031620553
0.434782608695652
0.99604743083004
0.984189723320158
0.00790513833992095
1
1
0.543478260869565
0.537549407114625
0.992094861660079
0.988142292490119
0.99604743083004
0.855731225296443
0.847826086956522
0.877470355731225
0.950592885375494
0.950592885375494
0.436758893280632
0.468379446640316
0.472332015810277
0.472332015810277
0.99802371541502
0.857707509881423
0.853754940711462
0.895256916996047
0.984189723320158
0.83399209486166
0.974308300395257
0.824110671936759
0.816205533596838
0.798418972332016
0.715415019762846
0.960474308300395
0.952569169960474
0.964426877470356
0.990118577075099
0.588932806324111
0.588932806324111
0.99604743083004
0.984189723320158
0.284584980237154
0.16798418972332
1
1
1
0.731225296442688
1
1
0.952569169960474
0.901185770750988
0.899209486166008
0.889328063241107
0.91501976284585
0.950592885375494
0.865612648221344
0.764822134387352
0.776679841897233
0.66403162055336
0.859683794466403
0.812252964426877
0.792490118577075
0.525691699604743
0.41304347826087
0.114624505928854
0.114624505928854
0.0948616600790514
0.0592885375494071
0.0553359683794466
0.0434782608695652
0.0118577075098814
0.00988142292490119
0.00988142292490119
0.00790513833992095
0.555335968379447
0.470355731225296
0.980237154150198
0.980237154150198
0.978260869565217
0.978260869565217
0.988142292490119
0.875494071146245
0.0652173913043478
1
0.731225296442688
0.731225296442688
1
1
0.924901185770751
0.91699604743083
0.889328063241107
0.91304347826087
0.863636363636364
0.869565217391304
0.766798418972332
0.782608695652174
0.66600790513834
0.828063241106719
0.810276679841897
0.391304347826087
0.525691699604743
0.828063241106719
0.114624505928854
0.112648221343874
0.0849802371541502
0.0592885375494071
0.0553359683794466
0.041501976284585
0.0158102766798419
0.0158102766798419
0.0158102766798419
0.00790513833992095
0.555335968379447
0.470355731225296
0.980237154150198
0.980237154150198
0.980237154150198
0.982213438735178
0.976284584980237
0.875494071146245
1
1
0.766798418972332
0.764822134387352
0.766798418972332
0.982213438735178
0.956521739130435
0.948616600790514
0.974308300395257
0.859683794466403
0.863636363636364
0.847826086956522
0.968379446640316
0.25296442687747
0.239130434782609
0.179841897233202
0.0770750988142292
0.114624505928854
0.00790513833992095
0.114624505928854
0.116600790513834
0.962450592885375
0.0533596837944664
0.0494071146245059
0.0296442687747036
0.899209486166008
0.541501976284585
0.616600790513834
0.978260869565217
0.693675889328063
0.701581027667984
0.436758893280632
0.434782608695652
0.420948616600791
0.422924901185771
0.401185770750988
0.237154150197628
0.239130434782609
0.24703557312253
0.988142292490119
1
0.766798418972332
0.766798418972332
0.762845849802372
0.754940711462451
0.974308300395257
0.950592885375494
0.962450592885375
0.982213438735178
0.754940711462451
0.847826086956522
0.952569169960474
0.978260869565217
0.24901185770751
0.203557312252964
0.179841897233202
0.0671936758893281
0.110671936758893
0.114624505928854
0.120553359683794
0.102766798418972
0.964426877470356
0.907114624505929
0.907114624505929
0.897233201581028
0.895256916996047
0.361660079051383
0.361660079051383
0.978260869565217
0.288537549407115
0.434782608695652
0.428853754940711
0.426877470355731
0.422924901185771
0.966403162055336
0.717391304347826
0.00592885375494071
0.978260869565217
1
1
0.986166007905138
0.99604743083004
1
1
1
0.986166007905138
0.964426877470356
0.940711462450593
0.934782608695652
0.952569169960474
0.962450592885375
0.310276679841897
0.229249011857708
0.0296442687747036
0.00592885375494071
0.847826086956522
0.468379446640316
0.482213438735178
0.978260869565217
0.513833992094862
0.517786561264822
0.990118577075099
0.505928853754941
0.920948616600791
0.920948616600791
0.563241106719368
0.0217391304347826
0.397233201581028
0.91501976284585
0.91501976284585
0.525691699604743
0.529644268774704
0.541501976284585
0.986166007905138
0.988142292490119
0.899209486166008
0.843873517786561
1
0.982213438735178
0.986166007905138
0.99802371541502
1
0.99802371541502
0.994071146245059
0.966403162055336
0.962450592885375
0.936758893280632
0.952569169960474
0.705533596837945
0.312252964426877
0.233201581027668
0.0889328063241107
0.780632411067194
0.75296442687747
0.847826086956522
0.494071146245059
0.494071146245059
0.978260869565217
0.472332015810277
0.466403162055336
0.986166007905138
0.484189723320158
0.944664031620553
0.920948616600791
0.347826086956522
0.91501976284585
0.521739130434783
0.521739130434783
0.91501976284585
0.525691699604743
0.529644268774704
0.537549407114625
0.986166007905138
0.986166007905138
0.841897233201581
0.909090909090909
1
1
0.83596837944664
0.83399209486166
0.994071146245059
0.725296442687747
0.717391304347826
0.592885375494071
0.873517786561265
0.594861660079051
0.721343873517787
0.992094861660079
0.638339920948617
0.638339920948617
0.976284584980237
0.958498023715415
0.978260869565217
0.849802371541502
0.853754940711462
0.175889328063241
0.171936758893281
0.91699604743083
0.0296442687747036
0.758893280632411
0.367588932806324
0.976284584980237
0.270750988142292
0.264822134387352
0.964426877470356
0.66600790513834
0.66600790513834
0.671936758893281
0.673913043478261
0.901185770750988
0.875494071146245
0.0197628458498024
0.0256916996047431
0.0138339920948617
0.0158102766798419
1
1
0.83596837944664
0.00197628458498024
0.00197628458498024
0.00197628458498024
0.717391304347826
0.592885375494071
0.873517786561265
0.594861660079051
0.721343873517787
0.976284584980237
0.638339920948617
0.640316205533597
0.976284584980237
0.956521739130435
0.978260869565217
0.849802371541502
0.851778656126482
0.739130434782609
0.743083003952569
0.91699604743083
0.731225296442688
0.758893280632411
0.618577075098814
0.978260869565217
0.980237154150198
0.711462450592885
0.982213438735178
0.66600790513834
0.66600790513834
0.671936758893281
0.671936758893281
0.901185770750988
0.0217391304347826
0.00395256916996047
0.0256916996047431
0.0177865612648221
0.0177865612648221
0.0118577075098814
1
1
1
1
1
1
1
0.99802371541502
0.990118577075099
0.00988142292490119
0.984189723320158
0.984189723320158
0.986166007905138
0.992094861660079
0.99604743083004
0.784584980237154
0.784584980237154
0.784584980237154
0.859683794466403
0.837944664031621
0.727272727272727
0.0948616600790514
0.0889328063241107
0.0849802371541502
0.00988142292490119
0.824110671936759
0.988142292490119
0.972332015810277
0.974308300395257
0.970355731225296
0.972332015810277
0.976284584980237
0.974308300395257
0.978260869565217
0.982213438735178
0.972332015810277
0.992094861660079
0.903162055335968
0.879446640316206
0.950592885375494
1
1
1
0.99802371541502
0.992094861660079
0.990118577075099
0.982213438735178
0.984189723320158
0.984189723320158
0.992094861660079
0.994071146245059
0.784584980237154
0.784584980237154
0.784584980237154
0.784584980237154
0.99802371541502
0.00592885375494071
0.0948616600790514
0.0948616600790514
0.0889328063241107
0.0849802371541502
0.826086956521739
0.824110671936759
0.988142292490119
0.972332015810277
0.974308300395257
0.970355731225296
0.974308300395257
0.974308300395257
0.976284584980237
0.982213438735178
0.972332015810277
0.978260869565217
0.920948616600791
0.871541501976285
0.0177865612648221
1
1
0.650197628458498
0.648221343873518
0.648221343873518
0.99802371541502
0.99802371541502
0.934782608695652
0.727272727272727
0.940711462450593
0.733201581027668
0.735177865612648
0.75296442687747
0.990118577075099
0.940711462450593
0.0671936758893281
0.0731225296442688
0.00592885375494071
0.899209486166008
0.00395256916996047
0.91897233201581
0.986166007905138
0.990118577075099
0.994071146245059
0.992094861660079
0.99604743083004
0.99802371541502
0.99604743083004
0.99802371541502
0.926877470355731
0.928853754940711
1
0.632411067193676
0.608695652173913
0.671936758893281
0.371541501976285
0.363636363636364
0.709486166007905
0.709486166007905
0.0217391304347826
1
0.662055335968379
0.650197628458498
0.648221343873518
0.99802371541502
0.99802371541502
0.938735177865613
0.936758893280632
0.940711462450593
0.942687747035573
0.0237154150197628
0.0177865612648221
0.0118577075098814
0.942687747035573
0.0691699604743083
0.0671936758893281
0.0671936758893281
0.00395256916996047
0.0118577075098814
0.0197628458498024
0.922924901185771
0.988142292490119
0.990118577075099
0.994071146245059
0.994071146245059
0.99604743083004
0.992094861660079
0.99604743083004
0.948616600790514
0.928853754940711
1
1
0.632411067193676
0.608695652173913
0.369565217391304
0.371541501976285
0.359683794466403
0.709486166007905
0.0652173913043478
1
1
1
1
1
0.990118577075099
0.962450592885375
0.922924901185771
0.893280632411067
0.897233201581028
0.974308300395257
0.0968379446640316
0.118577075098814
0.893280632411067
0.422924901185771
0.41897233201581
0.0217391304347826
0.00395256916996047
0.00988142292490119
0.0138339920948617
0.972332015810277
0.980237154150198
0.990118577075099
0.881422924901186
0.992094861660079
0.992094861660079
0.990118577075099
0.976284584980237
0.962450592885375
0.952569169960474
0.940711462450593
0.944664031620553
0.766798418972332
0.758893280632411
0.58300395256917
0.545454545454545
0.824110671936759
0.772727272727273
1
1
1
1
0.99802371541502
0.990118577075099
0.952569169960474
0.91897233201581
0.0177865612648221
0.00592885375494071
0.00395256916996047
0.0118577075098814
0.873517786561265
0.00395256916996047
0.899209486166008
0.468379446640316
0.557312252964427
0.00988142292490119
0.00988142292490119
0.0118577075098814
0.0197628458498024
0.0158102766798419
0.982213438735178
0.879446640316206
0.992094861660079
0.992094861660079
0.992094861660079
0.99604743083004
0.964426877470356
0.960474308300395
0.936758893280632
0.942687747035573
0.762845849802372
0.758893280632411
0.75296442687747
0.571146245059289
0.810276679841897
0.822134387351779
0.776679841897233
1
0.857707509881423
0.857707509881423
0.99604743083004
0.994071146245059
0.992094861660079
0.988142292490119
0.988142292490119
0.784584980237154
0.883399209486166
0.873517786561265
0.946640316205534
0.962450592885375
0.0138339920948617
0.0118577075098814
0.0118577075098814
0.0158102766798419
0.618577075098814
0.0355731225296443
0.00395256916996047
0.0217391304347826
0.00395256916996047
0.0316205533596838
0.00988142292490119
0.00592885375494071
0.978260869565217
0.58300395256917
0.58498023715415
0.58498023715415
0.588932806324111
1
0.99802371541502
0.00197628458498024
0.00988142292490119
0.00988142292490119
0.341897233201581
0.343873517786561
0.347826086956522
0.347826086956522
0.343873517786561
1
0.857707509881423
0.857707509881423
0.99604743083004
0.994071146245059
0.990118577075099
0.992094861660079
0.875494071146245
0.778656126482213
0.867588932806324
0.883399209486166
0.954545454545455
0.794466403162055
0.800395256916996
0.806324110671937
0.422924901185771
0.577075098814229
0.563241106719368
0.389328063241107
0.0217391304347826
0.0296442687747036
0.0316205533596838
0.0375494071146245
0.033596837944664
0.968379446640316
0.976284584980237
0.58300395256917
0.58498023715415
0.58498023715415
0.994071146245059
1
0.527667984189723
0.00395256916996047
0.00395256916996047
0.00592885375494071
0.00395256916996047
0.00592885375494071
0.00197628458498024
0.00395256916996047
1
1
1
0.99802371541502
0.990118577075099
0.988142292490119
0.988142292490119
0.954545454545455
0.960474308300395
0.960474308300395
0.962450592885375
0.972332015810277
0.994071146245059
0.992094861660079
0.717391304347826
0.515810276679842
0.490118577075099
0.604743083003953
0.881422924901186
0.551383399209486
0.608695652173913
0.58102766798419
0.0118577075098814
0.00395256916996047
0.547430830039526
0.561264822134387
0.579051383399209
0.430830039525692
0.820158102766798
0.978260869565217
0.982213438735178
0.976284584980237
0.946640316205534
0.930830039525692
0.948616600790514
0.960474308300395
0.0731225296442688
0.0256916996047431
0.0256916996047431
1
1
1
0.994071146245059
0.990118577075099
0.988142292490119
0.986166007905138
0.960474308300395
0.960474308300395
0.962450592885375
0.966403162055336
0.972332015810277
0.994071146245059
0.992094861660079
0.717391304347826
0.515810276679842
0.490118577075099
0.606719367588933
0.58300395256917
0.551383399209486
0.608695652173913
0.58102766798419
0.903162055335968
0.426877470355731
0.434782608695652
0.41897233201581
0.0197628458498024
0.436758893280632
0.820158102766798
0.978260869565217
0.986166007905138
0.976284584980237
0.946640316205534
0.930830039525692
0.948616600790514
0.960474308300395
0.0731225296442688
0.0256916996047431
0.0256916996047431
0.00790513833992095
1
1
1
0.940711462450593
0.936758893280632
0.986166007905138
0.00790513833992095
0.990118577075099
0.990118577075099
0.990118577075099
0.992094861660079
0.992094861660079
0.976284584980237
0.964426877470356
0.976284584980237
0.994071146245059
0.0691699604743083
0.561264822134387
0.0849802371541502
0.49604743083004
0.00592885375494071
0.112648221343874
0.972332015810277
0.296442687747036
0.276679841897233
0.895256916996047
0.960474308300395
0.976284584980237
0.962450592885375
0.901185770750988
0.646245059288538
0.634387351778656
0.00988142292490119
0.0118577075098814
0.980237154150198
0.142292490118577
0.142292490118577
0.132411067193676
0.104743083003953
0.893280632411067
1
0.940711462450593
0.936758893280632
0.986166007905138
0.992094861660079
0.990118577075099
0.990118577075099
0.990118577075099
0.992094861660079
0.990118577075099
0.976284584980237
0.970355731225296
0.968379446640316
0.980237154150198
0.91501976284585
0.563241106719368
0.480237154150198
0.484189723320158
0.375494071146245
0.302371541501976
0.966403162055336
0.296442687747036
0.294466403162055
0.907114624505929
0.950592885375494
0.976284584980237
0.0118577075098814
0.901185770750988
0.25098814229249
0.320158102766798
0.974308300395257
0.968379446640316
0.980237154150198
0.142292490118577
0.142292490118577
0.0138339920948617
0.851778656126482
0.893280632411067
1
1
1
1
1
1
0.99604743083004
0.91699604743083
0.895256916996047
0.885375494071146
0.889328063241107
0.942687747035573
0.486166007905138
0.00592885375494071
0.203557312252964
0.713438735177866
0.154150197628458
0.0948616600790514
0.0948616600790514
0.739130434782609
0.938735177865613
0.877470355731225
0.209486166007905
0.859683794466403
0.181818181818182
0.968379446640316
0.0177865612648221
0.116600790513834
0.102766798418972
0.0632411067193676
0.00988142292490119
0.0197628458498024
0.948616600790514
0.478260869565217
0.930830039525692
0.211462450592885
0.221343873517787
1
1
1
1
1
1
0.99604743083004
0.99604743083004
0.879446640316206
0.885375494071146
0.889328063241107
0.942687747035573
0.468379446640316
0.337944664031621
0.217391304347826
0.183794466403162
0.154150197628458
0.126482213438735
0.0494071146245059
0.231225296442688
0.235177865612648
0.233201581027668
0.948616600790514
0.960474308300395
0.859683794466403
0.642292490118577
0.950592885375494
0.762845849802372
0.875494071146245
0.865612648221344
0.875494071146245
0.869565217391304
0.928853754940711
0.966403162055336
0.962450592885375
0.464426877470356
0.942687747035573
0.936758893280632
0.221343873517787
1
1
1
1
1
0.867588932806324
0.00592885375494071
0.114624505928854
0.112648221343874
0.112648221343874
0.108695652173913
0.00395256916996047
0.0217391304347826
0.0177865612648221
0.0138339920948617
0.00988142292490119
0.00988142292490119
0.00395256916996047
0.0118577075098814
0.986166007905138
0.990118577075099
0.990118577075099
0.990118577075099
0.99604743083004
0.992094861660079
0.984189723320158
0.958498023715415
0.938735177865613
0.954545454545455
0.988142292490119
0.83596837944664
0.83596837944664
0.837944664031621
0.99604743083004
0.790513833992095
0.895256916996047
0.988142292490119
0.569169960474308
0.567193675889328
1
0.130434782608696
0.132411067193676
1
0.116600790513834
0.112648221343874
0.104743083003953
0.0316205533596838
0.0237154150197628
0.0197628458498024
0.0197628458498024
0.0158102766798419
0.00988142292490119
0.00988142292490119
0.00790513833992095
0.980237154150198
0.984189723320158
0.990118577075099
0.990118577075099
0.990118577075099
0.99604743083004
0.992094861660079
0.984189723320158
0.986166007905138
0.960474308300395
0.00395256916996047
0.0118577075098814
0.891304347826087
0.837944664031621
0.83596837944664
0.837944664031621
0.800395256916996
0.988142292490119
0.895256916996047
0.596837944664032
0.559288537549407
1
0.0158102766798419
0.00988142292490119
0.992094861660079
0.0573122529644269
0.0513833992094862
0.0474308300395257
0.00592885375494071
0.00592885375494071
0.972332015810277
0.442687747035573
0.446640316205534
0.442687747035573
0.442687747035573
0.448616600790514
0.978260869565217
0.575098814229249
0.966403162055336
0.448616600790514
0.00988142292490119
0.16798418972332
0.16403162055336
0.792490118577075
0.990118577075099
0.731225296442688
0.737154150197628
0.041501976284585
0.0118577075098814
0.207509881422925
0.197628458498024
0.934782608695652
0.952569169960474
1
1
1
1
1
1
0.982213438735178
0.984189723320158
0.992094861660079
0.0573122529644269
0.0513833992094862
0.0474308300395257
0.00395256916996047
0.966403162055336
0.972332015810277
0.535573122529644
0.541501976284585
0.539525691699605
0.535573122529644
0.535573122529644
0.978260869565217
0.387351778656126
0.970355731225296
0.515810276679842
0.970355731225296
0.689723320158103
0.687747035573123
0.792490118577075
0.982213438735178
0.245059288537549
0.243083003952569
0.229249011857708
0.932806324110672
0.207509881422925
0.197628458498024
0.934782608695652
0.958498023715415
1
1
1
1
1
0.905138339920949
0.907114624505929
0.907114624505929
0.905138339920949
0.99604743083004
1
0.978260869565217
0.980237154150198
0.0968379446640316
0.075098814229249
0.0671936758893281
0.0928853754940712
0.0869565217391304
0.853754940711462
0.853754940711462
0.853754940711462
0.982213438735178
0.990118577075099
0.911067193675889
0.907114624505929
0.976284584980237
0.988142292490119
0.994071146245059
0.938735177865613
0.936758893280632
0.932806324110672
0.0177865612648221
0.0138339920948617
0.306324110671937
0.322134387351779
0.982213438735178
0.988142292490119
0.729249011857708
0.980237154150198
1
0.905138339920949
0.907114624505929
0.907114624505929
0.905138339920949
0.99604743083004
1
0.992094861660079
0.980237154150198
0.213438735177866
0.0790513833992095
0.00790513833992095
0.0671936758893281
0.0928853754940712
0.0592885375494071
0.128458498023715
0.00988142292490119
0.978260869565217
0.990118577075099
0.909090909090909
0.905138339920949
0.976284584980237
0.978260869565217
0.99802371541502
0.994071146245059
0.974308300395257
0.936758893280632
0.936758893280632
0.822134387351779
0.656126482213439
0.642292490118577
0.618577075098814
0.986166007905138
0.988142292490119
0.254940711462451
0.984189723320158
1
1
1
1
0.99802371541502
1
0.99802371541502
0.946640316205534
0.928853754940711
0.924901185770751
0.91897233201581
0.952569169960474
0.956521739130435
0.952569169960474
0.774703557312253
0.980237154150198
0.721343873517787
0.715415019762846
0.426877470355731
0.00395256916996047
0.00395256916996047
0.0118577075098814
0.646245059288538
0.0237154150197628
0.353754940711462
0.00988142292490119
0.351778656126482
0.357707509881423
0.357707509881423
0.351778656126482
0.266798418972332
0.266798418972332
0.272727272727273
0.942687747035573
0.00790513833992095
0.0138339920948617
1
1
1
1
1
1
1
1
1
0.99802371541502
0.0276679841897233
0.00790513833992095
0.0256916996047431
0.0316205533596838
0.0197628458498024
0.954545454545455
0.954545454545455
0.776679841897233
0.980237154150198
0.719367588932806
0.715415019762846
0.424901185770751
0.652173913043478
0.646245059288538
0.644268774703557
0.646245059288538
0.0237154150197628
0.353754940711462
0.0138339920948617
0.00592885375494071
0.00395256916996047
0.00395256916996047
0.351778656126482
0.266798418972332
0.266798418972332
0.272727272727273
0.942687747035573
0.907114624505929
0.901185770750988
1
1
1
1
0.99802371541502
0.994071146245059
0.994071146245059
0.988142292490119
0.875494071146245
0.867588932806324
0.851778656126482
0.814229249011858
0.91897233201581
0.920948616600791
0.938735177865613
0.770750988142292
0.774703557312253
0.266798418972332
0.221343873517787
0.122529644268775
0.294466403162055
0.652173913043478
0.612648221343874
0.00592885375494071
0.0474308300395257
0.00592885375494071
0.0118577075098814
0.00592885375494071
0.0138339920948617
0.0217391304347826
0.541501976284585
0.543478260869565
0.260869565217391
0.241106719367589
0.50197628458498
0.480237154150198
0.944664031620553
0.944664031620553
1
1
1
1
0.99802371541502
0.994071146245059
0.994071146245059
0.984189723320158
0.875494071146245
0.867588932806324
0.851778656126482
0.818181818181818
0.956521739130435
0.940711462450593
0.770750988142292
0.774703557312253
0.612648221343874
0.0158102766798419
0.122529644268775
0.294466403162055
0.292490118577075
0.612648221343874
0.549407114624506
0.555335968379447
0.559288537549407
0.551383399209486
0.600790513833992
0.594861660079051
0.58695652173913
0.573122529644269
0.575098814229249
0.00988142292490119
0.00395256916996047
0.0118577075098814
0.0118577075098814
0.454545454545455
0.476284584980237
0.946640316205534
0.946640316205534
1
1
0.662055335968379
0.660079051383399
0.658102766798419
0.964426877470356
0.00395256916996047
0.00395256916996047
0.00790513833992095
0.575098814229249
0.579051383399209
0.958498023715415
0.490118577075099
0.0138339920948617
0.154150197628458
0.156126482213439
0.152173913043478
0.438735177865613
0.367588932806324
0.99802371541502
0.810276679841897
0.804347826086957
0.980237154150198
0.982213438735178
0.984189723320158
0.986166007905138
0.990118577075099
0.0217391304347826
0.0217391304347826
0.689723320158103
0.689723320158103
0.697628458498024
0.353754940711462
0.349802371541502
0.99604743083004
1
0.130434782608696
0.0948616600790514
0.468379446640316
0.458498023715415
1
0.662055335968379
0.662055335968379
0.660079051383399
0.660079051383399
0.962450592885375
0.990118577075099
0.992094861660079
0.972332015810277
0.391304347826087
0.371541501976285
0.442687747035573
0.450592885375494
0.478260869565217
0.551383399209486
0.00592885375494071
0.00395256916996047
0.0118577075098814
0.0731225296442688
1
0.808300395256917
0.798418972332016
0.00988142292490119
0.0138339920948617
0.00790513833992095
0.00395256916996047
0.00988142292490119
0.954545454545455
0.00790513833992095
0.0138339920948617
0.689723320158103
0.349802371541502
0.353754940711462
0.701581027667984
1
1
0.130434782608696
0.0948616600790514
0.466403162055336
1
1
0.857707509881423
0.857707509881423
0.99802371541502
0.99604743083004
0.986166007905138
0.978260869565217
0.723320158102767
0.0118577075098814
0.00790513833992095
0.00790513833992095
0.0177865612648221
0.0177865612648221
0.0276679841897233
0.0138339920948617
0.0197628458498024
0.0158102766798419
0.00988142292490119
0.0118577075098814
0.00988142292490119
0.00988142292490119
0.00790513833992095
0.00790513833992095
0.00790513833992095
0.99604743083004
0.99604743083004
0.99604743083004
0.99604743083004
0.99604743083004
0.99604743083004
0.99604743083004
0.99604743083004
1
0.857707509881423
0.857707509881423
1
0.99604743083004
0.99604743083004
0.986166007905138
0.978260869565217
0.00395256916996047
0.00395256916996047
0.0217391304347826
0.00592885375494071
0.00592885375494071
0.0276679841897233
0.00988142292490119
0.00988142292490119
0.974308300395257
0.978260869565217
0.978260869565217
0.986166007905138
0.986166007905138
0.990118577075099
0.990118577075099
0.00790513833992095
0.00790513833992095
0.00395256916996047
0.00395256916996047
0.00395256916996047
1
1
0.780632411067194
0.780632411067194
0.780632411067194
1
0.994071146245059
0.0138339920948617
0.0138339920948617
0.00988142292490119
0.816205533596838
0.822134387351779
0.822134387351779
0.994071146245059
0.994071146245059
0.258893280632411
0.25098814229249
0.353754940711462
0.326086956521739
0.296442687747036
0.839920948616601
0.992094861660079
0.91897233201581
0.887351778656126
0.907114624505929
0.936758893280632
0.966403162055336
0.974308300395257
0.980237154150198
0.930830039525692
0.822134387351779
0.0118577075098814
0.0237154150197628
0.0237154150197628
0.00790513833992095
0.00592885375494071
1
1
1
1
0.780632411067194
0.780632411067194
0.780632411067194
0.780632411067194
0.994071146245059
0.972332015810277
0.986166007905138
0.901185770750988
0.818181818181818
0.820158102766798
0.994071146245059
0.994071146245059
0.395256916996047
0.132411067193676
0.00790513833992095
0.0118577075098814
0.0177865612648221
0.290513833992095
0.138339920948617
0.142292490118577
0.994071146245059
0.895256916996047
0.889328063241107
0.907114624505929
0.944664031620553
0.966403162055336
0.978260869565217
0.930830039525692
0.924901185770751
0.786561264822134
0.0158102766798419
0.0217391304347826
0.0158102766798419
0.00395256916996047
0.992094861660079
1
0.871541501976285
0.863636363636364
0.863636363636364
0.99604743083004
0.99604743083004
0.756916996047431
0.745059288537549
0.756916996047431
0.99802371541502
0.725296442687747
0.760869565217391
0.756916996047431
0.976284584980237
0.719367588932806
0.958498023715415
0.0197628458498024
0.0237154150197628
0.0197628458498024
0.0237154150197628
0.0138339920948617
0.00790513833992095
0.0118577075098814
0.0158102766798419
0.0138339920948617
0.00988142292490119
0.00395256916996047
0.992094861660079
0.99604743083004
0.99604743083004
0.99604743083004
0.99604743083004
0.990118577075099
0.982213438735178
0.980237154150198
0.897233201581028
0.0138339920948617
0.0711462450592885
1
1
0.863636363636364
0.863636363636364
0.99604743083004
0.99604743083004
0.756916996047431
0.743083003952569
0.756916996047431
0.992094861660079
0.725296442687747
0.758893280632411
0.754940711462451
0.976284584980237
0.719367588932806
0.964426877470356
0.974308300395257
0.881422924901186
0.0237154150197628
0.0217391304347826
0.00395256916996047
0.00790513833992095
0.00790513833992095
0.0158102766798419
0.0138339920948617
0.00988142292490119
0.992094861660079
0.992094861660079
0.992094861660079
0.992094861660079
0.99604743083004
0.99604743083004
0.99604743083004
0.99604743083004
0.984189723320158
0.982213438735178
0.982213438735178
0.0849802371541502
0.00592885375494071
0.0138339920948617
1
1
1
1
0.851778656126482
0.99802371541502
0.847826086956522
0.847826086956522
0.881422924901186
0.826086956521739
0.8300395256917
0.99604743083004
0.612648221343874
0.616600790513834
0.577075098814229
0.970355731225296
0.972332015810277
0.978260869565217
0.986166007905138
0.729249011857708
0.727272727272727
0.727272727272727
0.596837944664032
0.99802371541502
1
0.792490118577075
0.796442687747036
0.800395256916996
0.731225296442688
0.986166007905138
0.00592885375494071
0.0138339920948617
0.0217391304347826
0.0177865612648221
0.0217391304347826
0.968379446640316
0.0869565217391304
0.960474308300395
0.266798418972332
1
0.136363636363636
0.148221343873518
0.99802371541502
0.104743083003953
0.0355731225296443
0.881422924901186
0.16403162055336
0.162055335968379
0.992094861660079
0.618577075098814
0.616600790513834
0.0316205533596838
0.00790513833992095
0.0118577075098814
0.978260869565217
0.988142292490119
0.729249011857708
0.727272727272727
0.602766798418972
0.594861660079051
0.99802371541502
0.796442687747036
0.794466403162055
0.796442687747036
0.802371541501976
0.984189723320158
0.865612648221344
0.869565217391304
0.958498023715415
0.952569169960474
0.938735177865613
0.956521739130435
0.812252964426877
0.871541501976285
0.701581027667984
0.723320158102767
1
1
0.707509881422925
0.707509881422925
0.705533596837945
0.994071146245059
0.958498023715415
0.875494071146245
0.893280632411067
0.907114624505929
0.988142292490119
0.826086956521739
0.990118577075099
0.804347826086957
0.00790513833992095
0.193675889328063
0.197628458498024
0.199604743083004
0.203557312252964
0.924901185770751
0.721343873517787
0.972332015810277
0.00988142292490119
0.0889328063241107
0.104743083003953
0.0513833992094862
0.865612648221344
0.873517786561265
0.897233201581028
0.899209486166008
0.968379446640316
0.976284584980237
0.978260869565217
0.982213438735178
1
1
1
1
1
1
1
0.707509881422925
0.707509881422925
0.705533596837945
0.994071146245059
0.960474308300395
0.877470355731225
0.891304347826087
0.905138339920949
0.988142292490119
0.826086956521739
0.988142292490119
0.804347826086957
0.401185770750988
0.383399209486166
0.385375494071146
0.391304347826087
0.395256916996047
0.922924901185771
0.199604743083004
0.958498023715415
0.229249011857708
0.0928853754940712
0.0256916996047431
0.00395256916996047
0.0197628458498024
0.871541501976285
0.897233201581028
0.899209486166008
0.903162055335968
0.974308300395257
0.978260869565217
0.982213438735178
1
1
1
1
0.980237154150198
0.980237154150198
0.984189723320158
0.99604743083004
0.992094861660079
0.986166007905138
0.978260869565217
0.00790513833992095
0.00592885375494071
0.00592885375494071
0.00395256916996047
0.768774703557312
0.00790513833992095
0.962450592885375
0.760869565217391
0.802371541501976
0.984189723320158
0.0612648221343874
0.00395256916996047
0.0177865612648221
0.0138339920948617
0.988142292490119
0.990118577075099
0.994071146245059
0.994071146245059
0.99604743083004
0.99802371541502
0.99802371541502
0.980237154150198
0.954545454545455
0.950592885375494
0.936758893280632
0.970355731225296
0.687747035573123
0.0197628458498024
0.0197628458498024
0.0256916996047431
0.897233201581028
1
0.980237154150198
0.980237154150198
0.980237154150198
0.99604743083004
0.994071146245059
0.986166007905138
0.978260869565217
0.970355731225296
0.762845849802372
0.756916996047431
0.766798418972332
0.754940711462451
0.964426877470356
0.762845849802372
0.804347826086957
0.982213438735178
0.784584980237154
0.0138339920948617
0.0177865612648221
0.0138339920948617
0.00988142292490119
0.990118577075099
0.994071146245059
0.994071146245059
0.99604743083004
0.99802371541502
0.99802371541502
0.964426877470356
0.954545454545455
0.952569169960474
0.944664031620553
0.0158102766798419
0.0276679841897233
0.0197628458498024
0.893280632411067
0.895256916996047
0.899209486166008
1
1
1
1
1
1
1
1
0.75296442687747
1
1
0.91897233201581
0.903162055335968
0.899209486166008
0.756916996047431
0.764822134387352
0.411067193675889
0.476284584980237
0.452569169960474
0.432806324110672
0.91304347826087
0.91897233201581
0.934782608695652
0.470355731225296
0.974308300395257
0.474308300395257
0.468379446640316
0.980237154150198
0.424901185770751
0.982213438735178
0.359683794466403
0.357707509881423
0.359683794466403
1
0.75296442687747
0.75296442687747
1
1
0.91897233201581
0.91304347826087
0.901185770750988
0.758893280632411
0.430830039525692
0.409090909090909
0.460474308300395
0.446640316205534
0.0513833992094862
0.0494071146245059
0.0138339920948617
0.936758893280632
0.49604743083004
0.968379446640316
0.509881422924901
0.978260869565217
0.00988142292490119
0.428853754940711
0.365612648221344
0.359683794466403
0.359683794466403
0.357707509881423
1
1
0.776679841897233
0.776679841897233
0.776679841897233
0.766798418972332
0.956521739130435
0.960474308300395
0.984189723320158
0.990118577075099
0.986166007905138
0.986166007905138
0.533596837944664
0.741106719367589
0.982213438735178
0.982213438735178
0.403162055335968
0.399209486166008
0.709486166007905
0.00395256916996047
0.268774703557312
0.280632411067194
0.280632411067194
0.280632411067194
0.298418972332016
0.296442687747036
0.298418972332016
0.990118577075099
0.173913043478261
0.994071146245059
0.24703557312253
0.241106719367589
0.816205533596838
0.513833992094862
0.50395256916996
0.486166007905138
0.00592885375494071
0.545454545454545
0.545454545454545
1
1
0.778656126482213
0.776679841897233
0.776679841897233
0.768774703557312
0.956521739130435
0.875494071146245
0.907114624505929
0.984189723320158
0.980237154150198
0.994071146245059
0.557312252964427
0.519762845849802
0.974308300395257
0.988142292490119
0.41897233201581
0.403162055335968
0.711462450592885
0.367588932806324
0.367588932806324
0.367588932806324
0.361660079051383
0.715415019762846
0.982213438735178
0.0118577075098814
0.673913043478261
0.982213438735178
0.818181818181818
0.992094861660079
0.745059288537549
0.74703557312253
0.808300395256917
0.371541501976285
0.509881422924901
0.49604743083004
0.0237154150197628
0.00395256916996047
0.430830039525692
0.845849802371542
1
1
1
1
1
1
0.99604743083004
0.99802371541502
0.849802371541502
0.786561264822134
0.895256916996047
0.822134387351779
0.847826086956522
0.885375494071146
0.944664031620553
0.49604743083004
0.494071146245059
0.474308300395257
0.347826086956522
0.341897233201581
0.24703557312253
0.241106719367589
0.00395256916996047
0.118577075098814
0.116600790513834
0.108695652173913
0.0849802371541502
0.0296442687747036
0.0256916996047431
0.0454545454545455
0.0237154150197628
0.0237154150197628
0.328063241106719
0.3300395256917
0.3300395256917
0.326086956521739
1
1
1
1
1
1
1
1
1
0.99604743083004
0.99802371541502
0.859683794466403
0.774703557312253
0.988142292490119
0.891304347826087
0.837944664031621
0.897233201581028
0.885375494071146
0.938735177865613
0.49604743083004
0.494071146245059
0.470355731225296
0.347826086956522
0.341897233201581
0.243083003952569
0.241106719367589
0.41304347826087
0.118577075098814
0.116600790513834
0.108695652173913
0.0849802371541502
0.0256916996047431
0.0494071146245059
0.0454545454545455
0.0158102766798419
0.00988142292490119
0.00592885375494071
0.00592885375494071
0.636363636363636
0.0217391304347826
1
1
1
1
1
0.99802371541502
0.99604743083004
0.99604743083004
0.99604743083004
0.118577075098814
0.033596837944664
0.0276679841897233
0.0296442687747036
0.0296442687747036
0.0296442687747036
0.0237154150197628
0.0217391304347826
0.0197628458498024
0.00988142292490119
0.00395256916996047
0.00395256916996047
0.00790513833992095
0.00790513833992095
0.00790513833992095
0.0118577075098814
0.0118577075098814
0.00592885375494071
0.00988142292490119
0.00395256916996047
0.00592885375494071
0.00988142292490119
0.00988142292490119
0.0118577075098814
0.00592885375494071
0.00395256916996047
0.00395256916996047
0.948616600790514
1
1
1
1
1
0.99802371541502
0.99604743083004
0.99604743083004
0.99604743083004
0.118577075098814
0.00395256916996047
0.0158102766798419
0.00988142292490119
0.00592885375494071
0.00592885375494071
0.00592885375494071
0.0197628458498024
0.0197628458498024
0.00395256916996047
0.00395256916996047
0.0138339920948617
0.00988142292490119
0.984189723320158
0.984189723320158
0.984189723320158
0.984189723320158
0.984189723320158
0.986166007905138
0.988142292490119
0.976284584980237
0.966403162055336
0.978260869565217
0.980237154150198
0.976284584980237
0.986166007905138
0.990118577075099
0.990118577075099
0.990118577075099
0.948616600790514
1
0.99604743083004
0.994071146245059
0.99604743083004
0.970355731225296
0.988142292490119
0.709486166007905
0.855731225296443
0.845849802371542
0.954545454545455
0.938735177865613
0.861660079051383
0.424901185770751
0.401185770750988
0.422924901185771
0.00790513833992095
0.185770750988142
0.150197628458498
0.152173913043478
0.00592885375494071
0.0138339920948617
0.936758893280632
0.845849802371542
1
1
1
1
1
1
1
0.99802371541502
1
1
1
0.99604743083004
0.994071146245059
0.994071146245059
0.978260869565217
0.992094861660079
0.990118577075099
0.986166007905138
0.851778656126482
0.845849802371542
0.948616600790514
0.936758893280632
0.861660079051383
0.411067193675889
0.432806324110672
0.399209486166008
0.322134387351779
0.780632411067194
0.808300395256917
0.970355731225296
0.922924901185771
0.928853754940711
0.966403162055336
0.845849802371542
1
1
0.444664031620553
0.438735177865613
0.984189723320158
0.986166007905138
0.984189723320158
0.895256916996047
0.885375494071146
0.964426877470356
0.877470355731225
0.869565217391304
0.853754940711462
0.513833992094862
0.50395256916996
0.486166007905138
0.387351778656126
0.855731225296443
0.972332015810277
0.294466403162055
0.318181818181818
0.306324110671937
0.175889328063241
0.00790513833992095
0.00790513833992095
0.0158102766798419
0.227272727272727
0.855731225296443
0.863636363636364
0.990118577075099
0.992094861660079
0.992094861660079
0.966403162055336
0.958498023715415
0.905138339920949
0.930830039525692
1
1
1
1
0.444664031620553
0.444664031620553
0.990118577075099
0.986166007905138
0.984189723320158
0.988142292490119
0.883399209486166
0.990118577075099
0.877470355731225
0.873517786561265
0.861660079051383
0.978260869565217
0.523715415019763
0.494071146245059
0.480237154150198
0.385375494071146
0.855731225296443
0.972332015810277
0.675889328063241
0.66600790513834
0.648221343873518
0.628458498023715
0.628458498023715
0.802371541501976
0.00592885375494071
0.227272727272727
0.855731225296443
0.863636363636364
0.863636363636364
0.992094861660079
0.992094861660079
0.978260869565217
0.962450592885375
0.932806324110672
0.924901185770751
0.932806324110672
1
0.644268774703557
0.644268774703557
0.644268774703557
0.644268774703557
0.99604743083004
0.970355731225296
0.942687747035573
0.946640316205534
0.812252964426877
0.978260869565217
0.83596837944664
0.407114624505929
0.887351778656126
0.885375494071146
0.881422924901186
0.962450592885375
0.867588932806324
0.986166007905138
0.0395256916996047
0.0256916996047431
0.0138339920948617
0.950592885375494
0.960474308300395
0.974308300395257
0.984189723320158
0.986166007905138
0.986166007905138
0.984189723320158
0.986166007905138
0.984189723320158
0.992094861660079
0.994071146245059
0.994071146245059
0.895256916996047
0.895256916996047
0.701581027667984
0.978260869565217
0.984189723320158
1
0.644268774703557
0.644268774703557
0.644268774703557
0.644268774703557
0.99604743083004
0.970355731225296
0.940711462450593
0.946640316205534
0.812252964426877
0.978260869565217
0.83596837944664
0.16600790513834
0.16600790513834
0.885375494071146
0.849802371541502
0.962450592885375
0.114624505928854
0.986166007905138
0.788537549407115
0.940711462450593
0.940711462450593
0.950592885375494
0.958498023715415
0.974308300395257
0.984189723320158
0.986166007905138
0.986166007905138
0.984189723320158
0.986166007905138
0.984189723320158
0.992094861660079
0.992094861660079
0.994071146245059
0.895256916996047
0.895256916996047
0.00790513833992095
0.0177865612648221
0.00790513833992095
0.0118577075098814
1
1
1
1
1
1
0.99802371541502
0.99802371541502
0.788537549407115
0.780632411067194
0.843873517786561
0.490118577075099
0.466403162055336
0.604743083003953
0.438735177865613
0.345849802371542
0.717391304347826
0.490118577075099
0.515810276679842
0.515810276679842
0.458498023715415
0.381422924901186
0.385375494071146
0.389328063241107
0.893280632411067
0.956521739130435
0.962450592885375
0.962450592885375
0.968379446640316
0.974308300395257
0.984189723320158
0.986166007905138
0.91501976284585
0.946640316205534
0.968379446640316
1
1
1
1
1
1
1
1
1
1
0.99802371541502
0.99802371541502
0.788537549407115
0.780632411067194
0.843873517786561
0.490118577075099
0.466403162055336
0.604743083003953
0.438735177865613
0.345849802371542
0.721343873517787
0.195652173913043
0.446640316205534
0.456521739130435
0.379446640316206
0.385375494071146
0.389328063241107
0.897233201581028
0.00592885375494071
0.960474308300395
0.962450592885375
0.968379446640316
0.974308300395257
0.984189723320158
0.982213438735178
0.946640316205534
0.924901185770751
0.00592885375494071
0.0158102766798419
1
1
1
1
1
1
1
0.116600790513834
0.00988142292490119
0.0138339920948617
0.932806324110672
0.0237154150197628
0.0217391304347826
0.0158102766798419
0.00395256916996047
0.00790513833992095
0.00988142292490119
0.00790513833992095
0.980237154150198
0.980237154150198
0.988142292490119
0.91699604743083
0.91897233201581
0.91897233201581
0.99604743083004
0.958498023715415
0.911067193675889
0.992094861660079
0.992094861660079
0.992094861660079
1
1
1
1
1
1
1
1
1
1
0.116600790513834
0.0276679841897233
0.0256916996047431
0.0237154150197628
0.0237154150197628
0.0158102766798419
0.0158102766798419
0.00395256916996047
0.0118577075098814
0.00790513833992095
0.00790513833992095
0.980237154150198
0.988142292490119
0.91699604743083
0.91897233201581
0.91897233201581
0.99604743083004
0.958498023715415
0.911067193675889
0.992094861660079
0.992094861660079
0.992094861660079
1
0.0632411067193676
0.0632411067193676
0.0632411067193676
0.0118577075098814
0.00395256916996047
0.0138339920948617
0.0711462450592885
0.897233201581028
0.0355731225296443
0.00988142292490119
0.00395256916996047
0.0138339920948617
0.00592885375494071
0.944664031620553
0.946640316205534
0.950592885375494
0.954545454545455
0.976284584980237
0.982213438735178
0.992094861660079
0.992094861660079
0.986166007905138
0.992094861660079
0.994071146245059
0.976284584980237
0.980237154150198
0.735177865612648
0.741106719367589
0.741106719367589
0.739130434782609
0.968379446640316
0.978260869565217
0.99802371541502
0.99802371541502
0.99802371541502
1
0.436758893280632
1
1
1
0.930830039525692
0.930830039525692
0.930830039525692
0.976284584980237
0.976284584980237
0.938735177865613
0.0158102766798419
0.00988142292490119
0.0632411067193676
0.00395256916996047
0.0217391304347826
0.0217391304347826
0.0177865612648221
0.00395256916996047
0.0158102766798419
0.00395256916996047
0.954545454545455
0.972332015810277
0.982213438735178
0.992094861660079
0.992094861660079
0.986166007905138
0.992094861660079
0.994071146245059
0.00592885375494071
0.980237154150198
0.735177865612648
0.741106719367589
0.741106719367589
0.739130434782609
0.968379446640316
0.980237154150198
0.99802371541502
0.99802371541502
1
1
0.436758893280632
1
1
1
0.980237154150198
0.980237154150198
1
1
0.99802371541502
0.99802371541502
0.869565217391304
0.869565217391304
0.869565217391304
0.731225296442688
0.855731225296443
0.0138339920948617
0.00197628458498024
0.00395256916996047
0.00592885375494071
0.00395256916996047
0.99802371541502
0.191699604743083
0.986166007905138
0.219367588932806
0.905138339920949
0.899209486166008
0.0573122529644269
0.0118577075098814
0.567193675889328
0.114624505928854
0.543478260869565
0.865612648221344
0.725296442687747
0.729249011857708
0.733201581027668
0.837944664031621
0.91501976284585
0.91897233201581
0.990118577075099
0.00592885375494071
0.00395256916996047
1
0.980237154150198
0.980237154150198
0.992094861660079
1
0.99802371541502
0.99802371541502
0.99604743083004
0.865612648221344
0.869565217391304
0.731225296442688
0.855731225296443
0.365612648221344
0.357707509881423
0.630434782608696
0.608695652173913
0.99604743083004
0.994071146245059
0.800395256916996
0.806324110671937
1
0.992094861660079
0.899209486166008
0.909090909090909
0.847826086956522
0.992094861660079
0.426877470355731
0.420948616600791
0.41699604743083
0.861660079051383
0.727272727272727
0.729249011857708
0.845849802371542
0.778656126482213
0.91699604743083
0.986166007905138
0.976284584980237
0.972332015810277
1
1
1
1
1
0.968379446640316
0.968379446640316
0.980237154150198
0.926877470355731
0.932806324110672
0.0711462450592885
0.0711462450592885
0.980237154150198
0.948616600790514
0.83596837944664
0.837944664031621
0.968379446640316
0.966403162055336
0.984189723320158
0.984189723320158
0.877470355731225
0.00790513833992095
0.0138339920948617
0.0968379446640316
0.102766798418972
0.104743083003953
0.968379446640316
0.1699604743083
0.175889328063241
0.974308300395257
0.980237154150198
0.928853754940711
0.041501976284585
0.0434782608695652
0.966403162055336
0.968379446640316
0.966403162055336
0.960474308300395
0.968379446640316
0.91897233201581
1
0.0316205533596838
0.0296442687747036
0.984189723320158
0.0513833992094862
0.0474308300395257
0.911067193675889
0.911067193675889
0.964426877470356
0.956521739130435
0.837944664031621
0.964426877470356
0.968379446640316
0.980237154150198
0.986166007905138
0.982213438735178
0.0118577075098814
0.00592885375494071
0.00395256916996047
0.00395256916996047
0.00592885375494071
0.960474308300395
0.173913043478261
0.173913043478261
0.976284584980237
0.988142292490119
0.926877470355731
0.877470355731225
0.966403162055336
0.964426877470356
0.968379446640316
0.968379446640316
0.966403162055336
0.974308300395257
1
0.99802371541502
1
1
1
1
0.871541501976285
0.845849802371542
0.764822134387352
0.881422924901186
0.881422924901186
0.758893280632411
0.982213438735178
0.992094861660079
0.292490118577075
0.191699604743083
0.177865612648221
0.1699604743083
0.162055335968379
0.940711462450593
0.954545454545455
0.638339920948617
0.782608695652174
0.784584980237154
0.976284584980237
0.0197628458498024
0.968379446640316
0.634387351778656
0.956521739130435
0.950592885375494
0.962450592885375
0.909090909090909
0.911067193675889
0.972332015810277
0.934782608695652
0.958498023715415
0.990118577075099
0.974308300395257
0.972332015810277
0.826086956521739
1
0.99802371541502
1
1
1
1
0.871541501976285
0.845849802371542
0.764822134387352
0.881422924901186
0.881422924901186
0.758893280632411
0.982213438735178
0.0592885375494071
0.689723320158103
0.689723320158103
0.792490118577075
0.784584980237154
0.784584980237154
0.940711462450593
0.952569169960474
0.640316205533597
0.780632411067194
0.784584980237154
0.976284584980237
0.960474308300395
0.968379446640316
0.634387351778656
0.956521739130435
0.950592885375494
0.962450592885375
0.909090909090909
0.968379446640316
0.932806324110672
0.924901185770751
0.966403162055336
0.984189723320158
0.859683794466403
0.978260869565217
1
0.276679841897233
0.276679841897233
0.986166007905138
0.298418972332016
0.292490118577075
0.986166007905138
0.00988142292490119
0.00592885375494071
0.00395256916996047
0.00395256916996047
0.00790513833992095
0.557312252964427
0.553359683794466
0.41897233201581
0.310276679841897
0.314229249011858
0.938735177865613
0.942687747035573
0.988142292490119
0.994071146245059
0.99604743083004
0.99604743083004
0.99802371541502
0.693675889328063
0.00988142292490119
0.00395256916996047
0.0454545454545455
0.964426877470356
0.976284584980237
0.960474308300395
0.960474308300395
0.962450592885375
0.978260869565217
0.976284584980237
0.984189723320158
0.932806324110672
0.982213438735178
0.897233201581028
1
0.713438735177866
0.713438735177866
0.986166007905138
0.685770750988142
0.691699604743083
0.986166007905138
0.547430830039526
0.549407114624506
0.551383399209486
0.656126482213439
0.992094861660079
0.565217391304348
0.555335968379447
0.553359683794466
0.847826086956522
0.0118577075098814
0.314229249011858
0.940711462450593
0.982213438735178
0.990118577075099
0.994071146245059
0.99604743083004
0.99604743083004
0.756916996047431
0.693675889328063
0.731225296442688
0.930830039525692
0.0138339920948617
0.00592885375494071
0.00395256916996047
0.0177865612648221
0.0118577075098814
0.00395256916996047
0.00395256916996047
0.984189723320158
0.984189723320158
0.982213438735178
1
0.980237154150198
0.980237154150198
0.980237154150198
0.980237154150198
0.980237154150198
0.994071146245059
0.0158102766798419
0.00395256916996047
0.0118577075098814
0.754940711462451
0.0592885375494071
0.33399209486166
0.339920948616601
0.339920948616601
0.986166007905138
0.984189723320158
0.964426877470356
0.952569169960474
0.960474308300395
0.968379446640316
0.0197628458498024
0.0256916996047431
0.00395256916996047
0.00395256916996047
0.00395256916996047
0.00592885375494071
0.992094861660079
0.986166007905138
0.136363636363636
0.986166007905138
0.436758893280632
0.986166007905138
0.982213438735178
0.00790513833992095
0.756916996047431
1
0.980237154150198
0.980237154150198
0.980237154150198
0.980237154150198
0.980237154150198
0.994071146245059
0.952569169960474
0.982213438735178
0.988142292490119
0.754940711462451
0.0592885375494071
0.00790513833992095
0.00790513833992095
0.00988142292490119
0.986166007905138
0.984189723320158
0.966403162055336
0.952569169960474
0.960474308300395
0.8300395256917
0.00395256916996047
0.00592885375494071
0.00197628458498024
0.816205533596838
0.816205533596838
0.990118577075099
0.990118577075099
0.992094861660079
0.994071146245059
0.994071146245059
0.986166007905138
0.847826086956522
0.986166007905138
0.436758893280632
0.434782608695652
0.988142292490119
0.980237154150198
0.770750988142292
0.758893280632411
1
1
1
0.786561264822134
0.992094861660079
0.982213438735178
0.980237154150198
0.980237154150198
0.978260869565217
0.984189723320158
0.966403162055336
0.976284584980237
0.970355731225296
0.828063241106719
0.826086956521739
0.824110671936759
0.994071146245059
0.0118577075098814
0.00790513833992095
0.0118577075098814
0.0197628458498024
0.0138339920948617
0.859683794466403
0.988142292490119
0.988142292490119
0.988142292490119
0.988142292490119
0.988142292490119
0.988142292490119
0.920948616600791
0.920948616600791
0.994071146245059
0.91699604743083
0.873517786561265
0.863636363636364
0.909090909090909
0.0138339920948617
0.855731225296443
0.00790513833992095
1
1
0.786561264822134
0.992094861660079
0.982213438735178
0.980237154150198
0.980237154150198
0.978260869565217
0.972332015810277
0.968379446640316
0.974308300395257
0.978260869565217
0.822134387351779
0.826086956521739
0.990118577075099
0.994071146245059
0.1699604743083
0.179841897233202
0.0592885375494071
0.0533596837944664
0.00395256916996047
0.0118577075098814
0.00988142292490119
0.00988142292490119
0.00988142292490119
0.00988142292490119
0.00988142292490119
0.00988142292490119
0.992094861660079
0.920948616600791
0.920948616600791
0.99604743083004
0.91897233201581
0.863636363636364
0.863636363636364
0.907114624505929
0.774703557312253
0.855731225296443
1
1
1
0.992094861660079
0.99604743083004
0.986166007905138
0.968379446640316
0.970355731225296
0.58498023715415
0.594861660079051
0.594861660079051
0.00790513833992095
0.00395256916996047
0.00395256916996047
0.99604743083004
0.91501976284585
0.91501976284585
0.91501976284585
0.99604743083004
0.974308300395257
0.83596837944664
0.839920948616601
0.972332015810277
0.964426877470356
0.966403162055336
0.988142292490119
0.990118577075099
0.992094861660079
0.986166007905138
0.104743083003953
0.0988142292490119
0.0612648221343874
0.0177865612648221
0.0118577075098814
0.00592885375494071
0.00592885375494071
0.00592885375494071
0.00592885375494071
0.0217391304347826
1
1
1
0.992094861660079
0.99604743083004
0.00395256916996047
0.0138339920948617
0.970355731225296
0.598814229249012
0.594861660079051
0.594861660079051
0.604743083003953
0.99604743083004
0.99604743083004
0.99604743083004
0.91501976284585
0.91501976284585
0.91501976284585
0.99604743083004
0.968379446640316
0.83596837944664
0.839920948616601
0.972332015810277
0.964426877470356
0.966403162055336
0.988142292490119
0.990118577075099
0.988142292490119
0.118577075098814
0.104743083003953
0.0988142292490119
0.0612648221343874
0.0276679841897233
0.920948616600791
0.942687747035573
0.946640316205534
0.958498023715415
0.952569169960474
0.966403162055336
0.966403162055336
1
1
1
1
0.99802371541502
1
0.99604743083004
0.0296442687747036
0.0177865612648221
0.0158102766798419
0.99604743083004
0.432806324110672
0.988142292490119
0.527667984189723
0.994071146245059
0.994071146245059
0.992094861660079
0.994071146245059
0.922924901185771
0.901185770750988
0.962450592885375
0.241106719367589
0.853754940711462
0.00395256916996047
0.0770750988142292
0.0770750988142292
0.0691699604743083
0.0158102766798419
0.903162055335968
0.903162055335968
0.928853754940711
0.83201581027668
0.887351778656126
0.887351778656126
0.883399209486166
0.994071146245059
1
0.99802371541502
0.99802371541502
0.99604743083004
1
0.00395256916996047
0.00790513833992095
0.00988142292490119
0.99604743083004
0.557312252964427
0.992094861660079
0.527667984189723
0.527667984189723
0.994071146245059
0.994071146245059
0.992094861660079
0.928853754940711
0.907114624505929
0.897233201581028
0.970355731225296
0.982213438735178
0.00395256916996047
0.0138339920948617
0.0296442687747036
0.00988142292490119
0.0237154150197628
0.0177865612648221
0.0691699604743083
0.0197628458498024
0.942687747035573
0.83201581027668
0.887351778656126
0.887351778656126
0.99604743083004
0.99604743083004
0.99802371541502
0.99802371541502
0.99802371541502
1
1
0.697628458498024
0.693675889328063
0.689723320158103
0.992094861660079
0.982213438735178
0.926877470355731
0.573122529644269
0.490118577075099
0.0612648221343874
0.0632411067193676
0.0118577075098814
0.00592885375494071
0.934782608695652
0.936758893280632
0.737154150197628
0.737154150197628
0.990118577075099
0.984189723320158
0.992094861660079
0.00592885375494071
0.0138339920948617
0.0158102766798419
0.855731225296443
0.978260869565217
0.978260869565217
0.990118577075099
0.992094861660079
0.994071146245059
0.8300395256917
0.83201581027668
0.986166007905138
0.41897233201581
0.0177865612648221
0.0138339920948617
0.00592885375494071
0.00395256916996047
0.128458498023715
0.130434782608696
1
1
0.697628458498024
0.693675889328063
0.689723320158103
0.992094861660079
0.00988142292490119
0.930830039525692
0.41699604743083
0.490118577075099
0.0138339920948617
0.00988142292490119
0.00790513833992095
0.00790513833992095
0.934782608695652
0.936758893280632
0.737154150197628
0.737154150197628
0.990118577075099
0.984189723320158
0.992094861660079
0.976284584980237
0.132411067193676
0.00592885375494071
0.0158102766798419
0.00790513833992095
0.0197628458498024
0.00988142292490119
0.00395256916996047
0.994071146245059
0.162055335968379
0.986166007905138
0.565217391304348
0.978260869565217
0.974308300395257
0.74703557312253
0.74901185770751
0.871541501976285
0.128458498023715
1
1
1
1
1
1
1
0.976284584980237
0.00592885375494071
0.00790513833992095
0.00592885375494071
0.974308300395257
0.976284584980237
0.978260869565217
0.980237154150198
0.980237154150198
0.980237154150198
0.980237154150198
0.980237154150198
0.986166007905138
0.711462450592885
0.715415019762846
0.715415019762846
0.717391304347826
0.978260869565217
0.899209486166008
0.972332015810277
0.980237154150198
0.990118577075099
0.798418972332016
0.976284584980237
0.968379446640316
0.938735177865613
0.873517786561265
0.91501976284585
0.879446640316206
0.885375494071146
0.146245059288538
0.144268774703557
0.126482213438735
1
1
1
1
1
1
0.99604743083004
0.976284584980237
0.00988142292490119
0.00790513833992095
0.00790513833992095
0.00790513833992095
0.00790513833992095
0.00395256916996047
0.00395256916996047
0.00395256916996047
0.0118577075098814
0.0158102766798419
0.988142292490119
0.709486166007905
0.713438735177866
0.715415019762846
0.707509881422925
0.978260869565217
0.899209486166008
0.982213438735178
0.984189723320158
0.990118577075099
0.798418972332016
0.974308300395257
0.952569169960474
0.905138339920949
0.00395256916996047
0.0158102766798419
0.0217391304347826
0.0177865612648221
0.00988142292490119
