0.00197628458498024
0.00197628458498024
0.00197628458498024
0.897233201581028
0.00988142292490119
0.5
0.954545454545455
0.903162055335968
0.942687747035573
0.00197628458498024
0.893280632411067
0.118577075098814
0.737154150197628
0.00197628458498024
0.978260869565217
0.00197628458498024
0.922924901185771
0.00197628458498024
0.00197628458498024
0.00197628458498024
0.990118577075099
0.00197628458498024
0.731225296442688
0.980237154150198
0.849802371541502
0.00197628458498024
0.00197628458498024
0.00197628458498024
0.00197628458498024
0.387351778656126
0.988142292490119
0.00197628458498024
0.00197628458498024
0.00197628458498024
0.911067193675889
0.00197628458498024
0.0177865612648221
0.00988142292490119
0.00395256916996047
0.0138339920948617
0.00197628458498024
0.00197628458498024
0.00197628458498024
