0.796442687747036
0.776679841897233
0.693675889328063
0.634387351778656
0.389328063241107
0.308300395256917
0.328063241106719
0.355731225296443
0.341897233201581
0.355731225296443
0.0513833992094862
0.0375494071146245
0.0217391304347826
0.00395256916996047
0.00395256916996047
0.472332015810277
0.717391304347826
0.41304347826087
0.391304347826087
0.41501976284585
0.409090909090909
1
0.99802371541502
0.99604743083004
0.798418972332016
0.796442687747036
0.780632411067194
0.687747035573123
0.0533596837944664
0.00592885375494071
0.596837944664032
0.377470355731225
0.126482213438735
0.579051383399209
0.211462450592885
0.318181818181818
0.00395256916996047
0.00592885375494071
0.478260869565217
0.470355731225296
0.472332015810277
0.411067193675889
0.405138339920949
0.74703557312253
1
0.367588932806324
0.363636363636364
0.353754940711462
0.351778656126482
0.628458498023715
0.509881422924901
0.509881422924901
0.300395256916996
0.349802371541502
0.205533596837945
0.201581027667984
0.24901185770751
0.24703557312253
0.08300395256917
0.00592885375494071
0.00592885375494071
0.0118577075098814
0.571146245059289
0.903162055335968
0.608695652173913
0.470355731225296
0.339920948616601
0.341897233201581
0.444664031620553
0.00592885375494071
0.00395256916996047
0.397233201581028
0.389328063241107
0.371541501976285
0.367588932806324
0.361660079051383
0.355731225296443
0.351778656126482
0.00592885375494071
0.810276679841897
0.806324110671937
0.818181818181818
0.114624505928854
0.112648221343874
0.00988142292490119
0.00395256916996047
0.183794466403162
0.177865612648221
0.0671936758893281
0.00790513833992095
0.00197628458498024
0.00395256916996047
0.828063241106719
0.895256916996047
0.470355731225296
0.106719367588933
0.00395256916996047
0.316205533596838
0.456521739130435
0.450592885375494
0.25296442687747
0.24703557312253
0.0177865612648221
0
0.00592885375494071
0.99802371541502
0.994071146245059
0.990118577075099
0.312252964426877
0.25098814229249
0.304347826086957
0.256916996047431
0.191699604743083
0.122529644268775
0.114624505928854
0.116600790513834
0.784584980237154
0.446640316205534
0.567193675889328
0.16600790513834
0.16403162055336
0.49604743083004
0.189723320158103
0.525691699604743
0.525691699604743
0.691699604743083
0.00592885375494071
0.456521739130435
0.16600790513834
0.158102766798419
0.0375494071146245
0.276679841897233
0.304347826086957
0.310276679841897
0.306324110671937
0.308300395256917
0.306324110671937
0.00197628458498024
0.0513833992094862
1
0.99802371541502
0.992094861660079
0.675889328063241
0.33399209486166
0.00197628458498024
0.310276679841897
0.00395256916996047
0.442687747035573
0.784584980237154
0.0928853754940712
0.569169960474308
0.559288537549407
0.00395256916996047
0.0158102766798419
0.369565217391304
0.235177865612648
0.300395256916996
0.144268774703557
0.470355731225296
0.472332015810277
0.468379446640316
0.00395256916996047
0.233201581027668
0.233201581027668
0.231225296442688
0.857707509881423
0.0177865612648221
0.08300395256917
0.00197628458498024
0.0177865612648221
0.766798418972332
0.768774703557312
0.810276679841897
0.99604743083004
0.99604743083004
0.994071146245059
0.992094861660079
0.837944664031621
0.189723320158103
0.964426877470356
0.00395256916996047
0.104743083003953
0.118577075098814
0.00395256916996047
0.00395256916996047
0.183794466403162
0.171936758893281
0.0217391304347826
0.0118577075098814
0.211462450592885
0.387351778656126
0.385375494071146
0.430830039525692
0.0138339920948617
0.140316205533597
0.140316205533597
0.102766798418972
0.0138339920948617
0.0118577075098814
0.0177865612648221
0.00395256916996047
0.58695652173913
0.588932806324111
0.58300395256917
0.347826086956522
0.328063241106719
0.324110671936759
0.438735177865613
0.3300395256917
0.328063241106719
0.0118577075098814
0.154150197628458
0.784584980237154
0.75098814229249
0.754940711462451
0.754940711462451
0.5
0.49802371541502
0.727272727272727
0.324110671936759
0.320158102766798
0.316205533596838
0.154150197628458
0.00988142292490119
0.337944664031621
0.33596837944664
0.33596837944664
0.118577075098814
0.0968379446640316
0.0909090909090909
0.0158102766798419
0.0177865612648221
0.160079051383399
0.00197628458498024
0.588932806324111
0.58498023715415
0.58102766798419
0.351778656126482
0.347826086956522
0.00592885375494071
0.0138339920948617
0.968379446640316
0.964426877470356
0.126482213438735
0.0592885375494071
0.0217391304347826
0.74901185770751
0.0711462450592885
0.0592885375494071
0.0573122529644269
0.0553359683794466
0.219367588932806
0.215415019762846
0.895256916996047
0.00790513833992095
0.0158102766798419
0.786561264822134
0.784584980237154
0.784584980237154
0.841897233201581
0.83399209486166
0.782608695652174
0.776679841897233
0.792490118577075
0.865612648221344
0.901185770750988
0.00197628458498024
0.66798418972332
0.432806324110672
0.381422924901186
0.58498023715415
0.199604743083004
0.0671936758893281
0.99802371541502
0.966403162055336
0.952569169960474
0.990118577075099
0.966403162055336
0.58102766798419
0.517786561264822
0.288537549407115
0.274703557312253
0.290513833992095
0.130434782608696
0.0237154150197628
0.00197628458498024
0.00395256916996047
0.00790513833992095
0.00592885375494071
0.00395256916996047
0.91699604743083
0.91501976284585
0.782608695652174
0.784584980237154
0.907114624505929
0.897233201581028
0.671936758893281
0.00197628458498024
0.442687747035573
0.432806324110672
0.636363636363636
0.590909090909091
0.58695652173913
0.207509881422925
0.994071146245059
0.541501976284585
0.539525691699605
0.535573122529644
0.533596837944664
0.185770750988142
0.693675889328063
0.041501976284585
0.0256916996047431
0.523715415019763
0.567193675889328
0.563241106719368
0.563241106719368
0.563241106719368
0.701581027667984
0.614624505928854
0.741106719367589
0.739130434782609
0.74703557312253
0.00197628458498024
0.282608695652174
0.616600790513834
0.66600790513834
0.737154150197628
0.731225296442688
0.318181818181818
0.314229249011858
0.302371541501976
0.310276679841897
0.0276679841897233
0.00395256916996047
0.110671936758893
0.108695652173913
0.0592885375494071
0.0513833992094862
0.389328063241107
0.363636363636364
0.355731225296443
1
0.99802371541502
0.99604743083004
0.450592885375494
0.446640316205534
0.444664031620553
0.280632411067194
0.274703557312253
0.146245059288538
0.130434782608696
0.140316205533597
0.140316205533597
0.00395256916996047
0.00197628458498024
0.140316205533597
0.0158102766798419
0.895256916996047
0.33201581027668
0.282608695652174
0.276679841897233
0.620553359683794
0.772727272727273
0.140316205533597
0.118577075098814
0.00197628458498024
0.405138339920949
0.438735177865613
0.100790513833992
0.104743083003953
0.102766798418972
0.144268774703557
0.0197628458498024
0.0177865612648221
0.00197628458498024
1
0.99802371541502
0.994071146245059
0.992094861660079
0.988142292490119
0.575098814229249
0.00790513833992095
0.00395256916996047
0.00592885375494071
0.952569169960474
0.952569169960474
0.952569169960474
0.948616600790514
0.302371541501976
0.00592885375494071
0.00395256916996047
0.00592885375494071
0.041501976284585
0.284584980237154
0.0197628458498024
0.373517786561265
0.308300395256917
0.278656126482213
0.347826086956522
0.110671936758893
0.590909090909091
0.507905138339921
0.628458498023715
0.796442687747036
0.33399209486166
0.33201581027668
0.3300395256917
0.567193675889328
0.00197628458498024
0.132411067193676
0.00988142292490119
0.992094861660079
0.988142292490119
0.565217391304348
0.565217391304348
0.442687747035573
0.954545454545455
0.950592885375494
0.91304347826087
0.308300395256917
0.294466403162055
0.304347826086957
0.314229249011858
0.304347826086957
0.557312252964427
0.00592885375494071
0.00197628458498024
0.375494071146245
0.375494071146245
0.373517786561265
0.369565217391304
0.349802371541502
0.652173913043478
0.00197628458498024
0.5
0.49604743083004
0.630434782608696
0.893280632411067
0.798418972332016
0.312252964426877
0.306324110671937
0.304347826086957
0.134387351778656
0.132411067193676
0.132411067193676
0.118577075098814
1
0.994071146245059
0.976284584980237
0.630434782608696
0.626482213438735
0.640316205533597
0.606719367588933
0.909090909090909
0.911067193675889
0.304347826086957
0.0513833992094862
0.00592885375494071
0.640316205533597
0.632411067193676
0.893280632411067
0.0810276679841897
0.00197628458498024
0.100790513833992
0.00197628458498024
0.0632411067193676
0.189723320158103
0.74703557312253
0.00790513833992095
0.00197628458498024
0.0316205533596838
0.0395256916996047
0.677865612648221
0.673913043478261
0.6699604743083
0.00197628458498024
0.124505928853755
0.0316205533596838
0.0197628458498024
0.00592885375494071
0.99802371541502
0.994071146245059
0.992094861660079
0.00592885375494071
0.00197628458498024
0.00790513833992095
0.0296442687747036
0.033596837944664
0.0138339920948617
0.628458498023715
0.634387351778656
0.632411067193676
0.895256916996047
0.264822134387352
0.766798418972332
0.770750988142292
0.154150197628458
0.158102766798419
0.745059288537549
0.00988142292490119
0.00197628458498024
0.0138339920948617
0.00988142292490119
0.679841897233202
0.677865612648221
0.673913043478261
0.6699604743083
0.58498023715415
0.00790513833992095
0.158102766798419
0.282608695652174
1
0.529644268774704
0.519762845849802
0.00197628458498024
0.191699604743083
0.187747035573123
0.484189723320158
0.486166007905138
0.482213438735178
0.480237154150198
0.478260869565217
0.00395256916996047
0.308300395256917
0.00592885375494071
0.00197628458498024
0.124505928853755
0.853754940711462
0.849802371541502
0.685770750988142
0.743083003952569
0.270750988142292
0.0652173913043478
0.0691699604743083
0.539525691699605
0.541501976284585
0.523715415019763
0.569169960474308
0.794466403162055
0.796442687747036
0.790513833992095
0.00395256916996047
0.539525691699605
0.221343873517787
0.201581027667984
0.189723320158103
0.187747035573123
0.486166007905138
0.482213438735178
0.478260869565217
0.446640316205534
0.322134387351779
0.160079051383399
0.144268774703557
0.843873517786561
0.849802371541502
0.685770750988142
0.00592885375494071
0.114624505928854
0.112648221343874
0.0513833992094862
0.0474308300395257
0.00790513833992095
0.569169960474308
0.853754940711462
0.130434782608696
0.950592885375494
0.948616600790514
0.946640316205534
0.478260869565217
0.559288537549407
0.555335968379447
0.00988142292490119
0.766798418972332
0.804347826086957
0.656126482213439
0.654150197628458
0.00988142292490119
0.108695652173913
0.00988142292490119
0.104743083003953
0.703557312252964
0.699604743083004
0.826086956521739
0.577075098814229
0.588932806324111
0.559288537549407
0.545454545454545
0.0849802371541502
0.0118577075098814
0.373517786561265
0.371541501976285
0.596837944664032
0.00395256916996047
0.300395256916996
0.642292490118577
0.385375494071146
0.954545454545455
0.952569169960474
0.488142292490119
0.486166007905138
0.00197628458498024
0.00395256916996047
0.00988142292490119
0.183794466403162
0.183794466403162
0.150197628458498
0.0928853754940712
0.0889328063241107
0.00395256916996047
0.0217391304347826
0.0612648221343874
0.897233201581028
0.324110671936759
0.577075098814229
0.557312252964427
0.173913043478261
0.162055335968379
0.160079051383399
0.162055335968379
0.383399209486166
0.00395256916996047
0.00197628458498024
0.0671936758893281
0.00592885375494071
0.304347826086957
0.300395256916996
0.436758893280632
0.00197628458498024
1
0.16403162055336
0.162055335968379
0.920948616600791
0.845849802371542
0.00197628458498024
0.0375494071146245
0.00592885375494071
0.0118577075098814
0.00395256916996047
0.0158102766798419
0.0138339920948617
0.132411067193676
0.126482213438735
0.126482213438735
0.041501976284585
0.00197628458498024
0.0691699604743083
0.0671936758893281
0.00790513833992095
0.00395256916996047
0.75098814229249
0.790513833992095
0.83596837944664
0.432806324110672
0.843873517786561
0.357707509881423
0.3300395256917
0.818181818181818
0.391304347826087
0.16600790513834
0.16403162055336
0.00790513833992095
0.00395256916996047
1
0.8300395256917
0.818181818181818
0.826086956521739
0.91501976284585
0.847826086956522
0.839920948616601
0.324110671936759
0.104743083003953
0.00592885375494071
0.231225296442688
0.233201581027668
0.83596837944664
0.0849802371541502
0.00790513833992095
0.00395256916996047
0.00197628458498024
0.00592885375494071
0.707509881422925
0.703557312252964
0.691699604743083
0.689723320158103
0.00197628458498024
0.774703557312253
0.75296442687747
0.737154150197628
0.737154150197628
0.828063241106719
0.83596837944664
0.357707509881423
0.337944664031621
0.328063241106719
0.818181818181818
0.648221343873518
0.786561264822134
0.784584980237154
1
0.99604743083004
0.992094861660079
0.988142292490119
0.907114624505929
0.905138339920949
0.735177865612648
0.733201581027668
0.735177865612648
0.735177865612648
0.282608695652174
0.0118577075098814
0.622529644268775
0.618577075098814
0.628458498023715
0.622529644268775
0.743083003952569
0.525691699604743
0.527667984189723
0.515810276679842
0.395256916996047
0.00988142292490119
0.0494071146245059
0.409090909090909
0.00988142292490119
0.205533596837945
0.0968379446640316
0.0928853754940712
0.041501976284585
0.687747035573123
0.679841897233202
0.345849802371542
0.339920948616601
0.278656126482213
1
0.99604743083004
0.992094861660079
0.988142292490119
0.984189723320158
0.982213438735178
0.907114624505929
0.00592885375494071
0.733201581027668
0.733201581027668
0.541501976284585
0.541501976284585
0.784584980237154
0.806324110671937
0.00790513833992095
0.00395256916996047
0.154150197628458
0.891304347826087
0.822134387351779
0.531620553359684
0.515810276679842
0.620553359683794
0.618577075098814
0.626482213438735
0.399209486166008
0.209486166007905
0.203557312252964
0.203557312252964
0.116600790513834
0.689723320158103
0.681818181818182
0.367588932806324
0.363636363636364
0.189723320158103
0.339920948616601
1
0.25296442687747
0.241106719367589
0.229249011857708
0.00197628458498024
0.58300395256917
0.662055335968379
0.662055335968379
0.490118577075099
0.452569169960474
0.478260869565217
0.0118577075098814
0.00592885375494071
0.227272727272727
0.630434782608696
0.150197628458498
0.146245059288538
0.565217391304348
0.616600790513834
0.610671936758893
0.875494071146245
0.654150197628458
0.652173913043478
0.879446640316206
0.266798418972332
0.0296442687747036
0.0256916996047431
0.0237154150197628
0.0138339920948617
0.0118577075098814
0.00197628458498024
0.00988142292490119
0.00592885375494071
0.00197628458498024
0.292490118577075
0.434782608695652
0.385375494071146
0.652173913043478
0.16600790513834
0.00197628458498024
1
0.99604743083004
0.741106719367589
0.377470355731225
0.373517786561265
0.375494071146245
0.662055335968379
0.66798418972332
0.033596837944664
0.0256916996047431
0.16403162055336
0.0138339920948617
0.154150197628458
0.148221343873518
0.256916996047431
0.201581027667984
0.193675889328063
0.187747035573123
0.237154150197628
0.209486166007905
0.626482213438735
0.628458498023715
0.349802371541502
0.377470355731225
0.379446640316206
0.365612648221344
0.355731225296443
0.575098814229249
0.828063241106719
0.553359683794466
0.424901185770751
0.654150197628458
0.126482213438735
0.124505928853755
0.99604743083004
0.990118577075099
0.909090909090909
0.899209486166008
0.391304347826087
0.58102766798419
0.472332015810277
0.478260869565217
0.478260869565217
0.472332015810277
0.760869565217391
0.760869565217391
0.756916996047431
0.818181818181818
0.596837944664032
0.636363636363636
0.642292490118577
0.237154150197628
0.901185770750988
0.179841897233202
0.177865612648221
0.152173913043478
0.110671936758893
0.197628458498024
0.563241106719368
0.563241106719368
0.594861660079051
0.58498023715415
0.662055335968379
0.0731225296442688
0.00197628458498024
0.531620553359684
0.861660079051383
0.855731225296443
0.687747035573123
0.00988142292490119
1
0.99802371541502
0.994071146245059
0.988142292490119
0.901185770750988
0.899209486166008
0.715415019762846
0.713438735177866
0.707509881422925
0.118577075098814
0.0118577075098814
0.0118577075098814
0.112648221343874
0.824110671936759
0.0652173913043478
0.814229249011858
0.640316205533597
0.640316205533597
0.199604743083004
0.395256916996047
0.604743083003953
0.33399209486166
0.316205533596838
0.302371541501976
0.00592885375494071
0.569169960474308
0.0138339920948617
0.0237154150197628
0.0158102766798419
0.00197628458498024
0.00197628458498024
0.00197628458498024
0.531620553359684
0.58300395256917
0.863636363636364
0.66403162055336
0.994071146245059
0.302371541501976
0.300395256916996
0.298418972332016
0.274703557312253
0.258893280632411
0.25098814229249
0.0158102766798419
0.241106719367589
0.0237154150197628
0.650197628458498
0.476284584980237
0.472332015810277
0.318181818181818
0.316205533596838
0.0513833992094862
0.0454545454545455
0.0237154150197628
0.00395256916996047
0.306324110671937
0.648221343873518
0.50395256916996
0.729249011857708
0.709486166007905
0.292490118577075
0.302371541501976
0.302371541501976
0.154150197628458
1
0.99802371541502
0.00197628458498024
0.687747035573123
0.685770750988142
0.683794466403162
0.681818181818182
0.697628458498024
0.294466403162055
0.280632411067194
0.270750988142292
0.507905138339921
0.132411067193676
0.128458498023715
0.00197628458498024
0.0138339920948617
0.592885375494071
0.179841897233202
0.322134387351779
0.646245059288538
0.555335968379447
0.573122529644269
0.571146245059289
0.557312252964427
0.0138339920948617
0.209486166007905
0.00197628458498024
0.211462450592885
0.211462450592885
0.721343873517787
0.721343873517787
0.713438735177866
0.525691699604743
0.231225296442688
0.217391304347826
0.227272727272727
0.225296442687747
0.0217391304347826
0.00197628458498024
0.992094861660079
0.377470355731225
0.371541501976285
0.00197628458498024
0.420948616600791
0.41501976284585
0.258893280632411
0.219367588932806
0.217391304347826
0.0711462450592885
0.0691699604743083
0.00395256916996047
0.00197628458498024
0.745059288537549
0.741106719367589
0.25296442687747
0.25098814229249
0.24901185770751
0.695652173913043
0.75098814229249
0.533596837944664
0.0256916996047431
1
0.99802371541502
0.99604743083004
0.994071146245059
0.992094861660079
0.883399209486166
0.511857707509881
0.375494071146245
0.349802371541502
0.292490118577075
0.41699604743083
0.474308300395257
0.116600790513834
0.118577075098814
0.140316205533597
0.00197628458498024
0.00197628458498024
0.741106719367589
0.486166007905138
0.616600790513834
0.74901185770751
0.49604743083004
0.50197628458498
0.50197628458498
0.565217391304348
0.796442687747036
0.99802371541502
0.994071146245059
0.994071146245059
0.990118577075099
0.855731225296443
0.930830039525692
0.934782608695652
0.932806324110672
0.632411067193676
0.507905138339921
0.0375494071146245
0.0355731225296443
0.00395256916996047
0.482213438735178
0.468379446640316
0.466403162055336
0.462450592885375
0.142292490118577
0.328063241106719
0.177865612648221
0.171936758893281
0.162055335968379
0.16600790513834
0.00790513833992095
0.0632411067193676
0.25296442687747
0.215415019762846
0.318181818181818
0.488142292490119
0.622529644268775
0.0177865612648221
0.0158102766798419
0.16798418972332
1
0.992094861660079
0.855731225296443
0.940711462450593
0.632411067193676
0.630434782608696
0.0612648221343874
0.0395256916996047
0.00790513833992095
0.0177865612648221
0.00197628458498024
0.464426877470356
0.318181818181818
0.316205533596838
0.16600790513834
0.00395256916996047
0.345849802371542
0.345849802371542
0.351778656126482
0.351778656126482
0.0968379446640316
0.00395256916996047
0.00395256916996047
0.225296442687747
0.320158102766798
0.318181818181818
0.316205533596838
0.626482213438735
0.347826086956522
0.00395256916996047
0.258893280632411
0.260869565217391
0.992094861660079
0.988142292490119
0.658102766798419
0.642292490118577
0.201581027667984
0.519762845849802
0.0177865612648221
0.0138339920948617
0.397233201581028
0.484189723320158
0.488142292490119
0.478260869565217
0.883399209486166
0.515810276679842
0.897233201581028
0.33399209486166
0.00592885375494071
0.326086956521739
0.324110671936759
0.539525691699605
0.00395256916996047
0.00395256916996047
0.519762845849802
0.535573122529644
0.535573122529644
0.383399209486166
0.357707509881423
0.0197628458498024
0.00395256916996047
0.656126482213439
0.671936758893281
0.00197628458498024
0.711462450592885
0.622529644268775
0.729249011857708
0.00395256916996047
0.994071146245059
0.990118577075099
0.988142292490119
0.662055335968379
0.430830039525692
0.426877470355731
0.420948616600791
0.0138339920948617
0.0138339920948617
0.424901185770751
0.909090909090909
0.91304347826087
0.883399209486166
0.209486166007905
0.033596837944664
0.0158102766798419
0.0138339920948617
0.00988142292490119
0.00395256916996047
0.0177865612648221
0.215415019762846
0.409090909090909
0.266798418972332
0.258893280632411
0.00395256916996047
0.00197628458498024
0.375494071146245
0.357707509881423
0.225296442687747
0.203557312252964
0.189723320158103
0.160079051383399
0.717391304347826
0.0948616600790514
0.0256916996047431
0.0217391304347826
1
0.99802371541502
0.397233201581028
0.393280632411067
0.399209486166008
0.1699604743083
0.16798418972332
0.150197628458498
0.124505928853755
0.124505928853755
0.00197628458498024
0.385375494071146
0.389328063241107
0.391304347826087
0.379446640316206
0.0632411067193676
0.041501976284585
0.00197628458498024
0.00988142292490119
0.00790513833992095
0.00395256916996047
0.790513833992095
0.49802371541502
0.108695652173913
0.00197628458498024
0.106719367588933
0.422924901185771
0.365612648221344
0.405138339920949
0.0494071146245059
0.00197628458498024
0.458498023715415
0.464426877470356
0.519762845849802
0.58300395256917
0.58102766798419
0.58498023715415
0.300395256916996
0.488142292490119
0.116600790513834
0.118577075098814
0.403162055335968
0.0256916996047431
0.0138339920948617
0.322134387351779
0.375494071146245
0.824110671936759
0.83596837944664
0.545454545454545
0.545454545454545
0.822134387351779
0.770750988142292
0.294466403162055
0.282608695652174
0.294466403162055
0.3300395256917
0.326086956521739
0.816205533596838
0.405138339920949
0.563241106719368
0.0928853754940712
0.102766798418972
0.0395256916996047
0.0118577075098814
0.00592885375494071
0.432806324110672
0.430830039525692
0.701581027667984
0.697628458498024
0.703557312252964
0.930830039525692
0.00395256916996047
0.345849802371542
0.523715415019763
0.818181818181818
0.355731225296443
0.357707509881423
0.363636363636364
0.353754940711462
0.312252964426877
0.304347826086957
0.636363636363636
0.644268774703557
0.679841897233202
0.171936758893281
0.00197628458498024
0.0138339920948617
0.00197628458498024
0.0316205533596838
0.00197628458498024
0.00592885375494071
0.00395256916996047
0.679841897233202
0.679841897233202
0.774703557312253
0.772727272727273
1
0.99802371541502
0.994071146245059
0.561264822134387
0.58300395256917
0.579051383399209
0.326086956521739
0.705533596837945
0.703557312252964
0.930830039525692
0.644268774703557
0.604743083003953
0.347826086956522
0.326086956521739
0.527667984189723
0.379446640316206
0.379446640316206
0.383399209486166
0.460474308300395
0.460474308300395
0.104743083003953
0.0928853754940712
0.0889328063241107
0.0889328063241107
0.0237154150197628
0.0810276679841897
0.0494071146245059
0.041501976284585
0.033596837944664
0.0118577075098814
0.00197628458498024
0.0118577075098814
0.193675889328063
0.191699604743083
0.189723320158103
0.106719367588933
0.0928853754940712
0.00395256916996047
0.00197628458498024
0.99604743083004
0.992094861660079
0.693675889328063
0.41304347826087
0.33399209486166
0.685770750988142
0.760869565217391
0.138339920948617
0.136363636363636
0.104743083003953
0.652173913043478
0.648221343873518
0.650197628458498
0.654150197628458
0.507905138339921
0.507905138339921
0.387351778656126
0.361660079051383
0.381422924901186
0.213438735177866
0.239130434782609
0.284584980237154
0.341897233201581
0.337944664031621
0.557312252964427
0.00592885375494071
0.00988142292490119
0.75098814229249
0.745059288537549
0.735177865612648
0.843873517786561
1
0.99604743083004
0.994071146245059
0.693675889328063
0.409090909090909
0.33596837944664
0.622529644268775
0.968379446640316
0.741106719367589
0.3300395256917
0.0869565217391304
0.644268774703557
0.033596837944664
0.0316205533596838
0.0256916996047431
0.00395256916996047
0.00988142292490119
0.00197628458498024
0.292490118577075
0.290513833992095
0.278656126482213
0.701581027667984
0.711462450592885
0.235177865612648
0.227272727272727
0.225296442687747
0.539525691699605
0.351778656126482
0.355731225296443
0.590909090909091
0.739130434782609
0.737154150197628
0.737154150197628
0.00395256916996047
0.00197628458498024
0.533596837944664
0.863636363636364
0.654150197628458
0.638339920948617
0.630434782608696
0.507905138339921
0.00197628458498024
0.00395256916996047
0.0118577075098814
0.375494071146245
0.112648221343874
0.00197628458498024
0.0849802371541502
0.041501976284585
0.0474308300395257
0.0138339920948617
0.00988142292490119
0.0118577075098814
0
0.00395256916996047
0.00197628458498024
0.865612648221344
0.863636363636364
0.861660079051383
0.857707509881423
0.855731225296443
0.847826086956522
0.517786561264822
0.527667984189723
0.274703557312253
0.466403162055336
0.626482213438735
0.00197628458498024
0.00395256916996047
0.00197628458498024
0.865612648221344
0.863636363636364
0.859683794466403
0.857707509881423
0.492094861660079
0.509881422924901
0.507905138339921
0.310276679841897
0.290513833992095
0.286561264822134
0.549407114624506
0.1699604743083
0.128458498023715
0.0553359683794466
0.175889328063241
0.0553359683794466
0.00988142292490119
0.00790513833992095
0.00592885375494071
0.00395256916996047
0.00197628458498024
0.00197628458498024
0.0513833992094862
0.033596837944664
0.00790513833992095
0.00592885375494071
0.622529644268775
0.691699604743083
0.741106719367589
0.745059288537549
0.00592885375494071
0.91699604743083
0.909090909090909
0.901185770750988
0.403162055335968
0.677865612648221
0.658102766798419
0.409090909090909
0.367588932806324
0.373517786561265
0.373517786561265
0.0988142292490119
0.385375494071146
0.381422924901186
0.00197628458498024
0.0474308300395257
0.00197628458498024
0.0434782608695652
0.00197628458498024
0.00988142292490119
0.00592885375494071
0.650197628458498
0.822134387351779
0.598814229249012
0.614624505928854
0.50395256916996
0.632411067193676
0.614624505928854
0.604743083003953
0.561264822134387
0.00395256916996047
0.0118577075098814
0.00197628458498024
0.00197628458498024
0.598814229249012
0.383399209486166
1
0.91699604743083
0.00197628458498024
0.911067193675889
0.468379446640316
0.288537549407115
0.258893280632411
0.25098814229249
0.513833992094862
0.00395256916996047
0.140316205533597
0.00395256916996047
0.146245059288538
0.144268774703557
0.00197628458498024
0.300395256916996
0.298418972332016
0.296442687747036
0.00790513833992095
0.104743083003953
0.0928853754940712
0.08300395256917
0.0118577075098814
0.00197628458498024
0.0355731225296443
0.112648221343874
0.610671936758893
0.00197628458498024
0.288537549407115
0.274703557312253
0.488142292490119
0.604743083003953
0.598814229249012
0.604743083003953
0.588932806324111
1
0.205533596837945
0.203557312252964
0.982213438735178
0.452569169960474
0.0909090909090909
0.517786561264822
0.513833992094862
0.507905138339921
0.482213438735178
0.804347826086957
0.401185770750988
0.395256916996047
0.377470355731225
0.66403162055336
0.282608695652174
0.116600790513834
0.120553359683794
0.0237154150197628
0.00197628458498024
0.108695652173913
0.102766798418972
0.211462450592885
0.213438735177866
0.142292490118577
0.397233201581028
0.357707509881423
0.351778656126482
0.432806324110672
0.575098814229249
0.58102766798419
0.33596837944664
0.308300395256917
0.50197628458498
0.225296442687747
0.225296442687747
0.223320158102767
0.211462450592885
0.784584980237154
0.782608695652174
0.978260869565217
0.984189723320158
0.450592885375494
0.519762845849802
0.8300395256917
0.820158102766798
0.802371541501976
0.399209486166008
0.381422924901186
0.381422924901186
0.66403162055336
0.221343873517787
0.0968379446640316
0.00790513833992095
0.50395256916996
0.50197628458498
0.505928853754941
0.594861660079051
0.594861660079051
0.341897233201581
0.00197628458498024
0.379446640316206
0.701581027667984
0.705533596837945
0.286561264822134
0.00197628458498024
0.195652173913043
0.49604743083004
0.16600790513834
0.804347826086957
0.802371541501976
0.800395256916996
0.796442687747036
0.630434782608696
0.624505928853755
0.592885375494071
0.798418972332016
0.966403162055336
0.885375494071146
0.195652173913043
0.00197628458498024
0.0158102766798419
0.00592885375494071
0.00197628458498024
0.108695652173913
0.0790513833992095
0.00790513833992095
0.387351778656126
0.699604743083004
0.608695652173913
0.822134387351779
0.00988142292490119
0.397233201581028
0.397233201581028
0.395256916996047
0.426877470355731
0.217391304347826
0.00197628458498024
0.00395256916996047
0.00790513833992095
0.00197628458498024
0.0217391304347826
0.424901185770751
0.00197628458498024
1
0.00197628458498024
0.802371541501976
0.794466403162055
0.628458498023715
0.608695652173913
0.812252964426877
0.960474308300395
0.41699604743083
0.00988142292490119
0.529644268774704
0.600790513833992
0.828063241106719
0.636363636363636
0.652173913043478
0.393280632411067
0.00592885375494071
0.604743083003953
0.513833992094862
0.146245059288538
0.144268774703557
0.442687747035573
0.286561264822134
0.278656126482213
0.00790513833992095
0.00790513833992095
0.0770750988142292
0.0731225296442688
0.00197628458498024
0.00592885375494071
0.00197628458498024
0.00197628458498024
0.968379446640316
0.00592885375494071
0.00197628458498024
0.594861660079051
0.571146245059289
0.922924901185771
0.820158102766798
0.345849802371542
0.132411067193676
0.00395256916996047
0.0869565217391304
0.0849802371541502
0.033596837944664
0.0256916996047431
0.324110671936759
0.0296442687747036
0.00197628458498024
0.456521739130435
0.448616600790514
0.365612648221344
0.41304347826087
0.0671936758893281
0.0592885375494071
0.0573122529644269
0.00790513833992095
0.177865612648221
0.171936758893281
0.713438735177866
0.711462450592885
0.58102766798419
1
0.99802371541502
0.99604743083004
0.994071146245059
0.948616600790514
0.948616600790514
0.946640316205534
0.345849802371542
0.341897233201581
0.341897233201581
0.0138339920948617
0.341897233201581
0.345849802371542
0.306324110671937
0.110671936758893
0.328063241106719
0.324110671936759
0.326086956521739
0.49802371541502
0.49604743083004
0.484189723320158
0.482213438735178
0.0355731225296443
0.318181818181818
0.0118577075098814
0.0118577075098814
0.357707509881423
0.33399209486166
0.33399209486166
0.33399209486166
0.800395256916996
0.215415019762846
0.622529644268775
0.622529644268775
0.790513833992095
0.0711462450592885
0.00790513833992095
0.99604743083004
0.960474308300395
0.958498023715415
0.721343873517787
0.713438735177866
0.0158102766798419
0.00988142292490119
0.264822134387352
0.66600790513834
0.00395256916996047
0.00790513833992095
0.00197628458498024
0.239130434782609
0.235177865612648
0.171936758893281
0.160079051383399
0.0158102766798419
0.0138339920948617
0.00395256916996047
0.715415019762846
0.326086956521739
0.318181818181818
0.33201581027668
0.144268774703557
0.201581027667984
0.209486166007905
0.142292490118577
0.132411067193676
0.00790513833992095
0.478260869565217
0.296442687747036
1
0.99802371541502
0.99604743083004
0.0158102766798419
0.00197628458498024
0.695652173913043
0.709486166007905
0.956521739130435
0.33399209486166
0.588932806324111
0.306324110671937
0.290513833992095
0.266798418972332
0.814229249011858
0.241106719367589
0.00197628458498024
0.171936758893281
0.725296442687747
0.723320158102767
0.389328063241107
0.389328063241107
0.361660079051383
0.0513833992094862
0.00197628458498024
0.126482213438735
0.122529644268775
0.120553359683794
0.00197628458498024
0.00790513833992095
0.262845849802372
0.173913043478261
0.735177865612648
0.173913043478261
1
0.99802371541502
0.992094861660079
0.988142292490119
0.205533596837945
0.197628458498024
0.887351778656126
0.867588932806324
0.616600790513834
0.853754940711462
0.855731225296443
0.256916996047431
0.148221343873518
0.130434782608696
0.128458498023715
0.0177865612648221
0.00197628458498024
0.50197628458498
0.537549407114625
0.535573122529644
0.533596837944664
0.00790513833992095
0.00395256916996047
0.00197628458498024
0.00790513833992095
0.0138339920948617
0.00197628458498024
0.00592885375494071
0.00197628458498024
0.00395256916996047
0.00988142292490119
0.992094861660079
0.774703557312253
0.772727272727273
0.768774703557312
0.00790513833992095
0.0158102766798419
0.0256916996047431
0.867588932806324
0.869565217391304
0.671936758893281
0.517786561264822
0.00197628458498024
0.403162055335968
0.399209486166008
0.00988142292490119
0.00592885375494071
0.00395256916996047
0.50197628458498
0.0909090909090909
0.0849802371541502
0.0810276679841897
0.033596837944664
0.0177865612648221
0.00197628458498024
0.0138339920948617
0.00197628458498024
0.0158102766798419
0.0395256916996047
0.0276679841897233
0.0256916996047431
0.00988142292490119
0.00197628458498024
0.00988142292490119
1
0.99802371541502
0.00197628458498024
0.00395256916996047
0.00197628458498024
0.988142292490119
0.776679841897233
0.731225296442688
0.764822134387352
0.843873517786561
0.972332015810277
0.681818181818182
0.411067193675889
0.286561264822134
0.284584980237154
0.146245059288538
0.0177865612648221
0.134387351778656
0.130434782608696
0.00592885375494071
0.00395256916996047
0.00395256916996047
0.484189723320158
0.820158102766798
0.58300395256917
0.575098814229249
0.173913043478261
0.160079051383399
0.160079051383399
0.160079051383399
0.158102766798419
0.154150197628458
0.146245059288538
0.00197628458498024
0.990118577075099
0.778656126482213
0.978260869565217
0.970355731225296
0.968379446640316
0.286561264822134
0.409090909090909
0.393280632411067
0.407114624505929
0.395256916996047
0.00395256916996047
0.0810276679841897
0.075098814229249
0.369565217391304
0.33596837944664
0.00197628458498024
0.00592885375494071
0.00395256916996047
0.00592885375494071
0.00197628458498024
0.488142292490119
0.75296442687747
0.671936758893281
0.658102766798419
0.656126482213439
0.841897233201581
0.843873517786561
0.91304347826087
0.936758893280632
0.446640316205534
0.33201581027668
0.122529644268775
0.120553359683794
0.122529644268775
0.0513833992094862
0.559288537549407
0.00592885375494071
0.33596837944664
0.339920948616601
0.191699604743083
0.209486166007905
0.207509881422925
0.154150197628458
0.74901185770751
0.0731225296442688
0.229249011857708
0.00988142292490119
0.525691699604743
0.539525691699605
0.312252964426877
0.298418972332016
0.292490118577075
0.211462450592885
0.478260869565217
0.126482213438735
0.114624505928854
1
0.75296442687747
0.743083003952569
0.719367588932806
0.660079051383399
0.654150197628458
0.551383399209486
0.00395256916996047
0.00592885375494071
0.00988142292490119
0.0237154150197628
0.00197628458498024
0.00395256916996047
0.00197628458498024
0.00988142292490119
0.00197628458498024
0.527667984189723
0.535573122529644
0.565217391304348
0.743083003952569
0.24901185770751
0.371541501976285
0.138339920948617
0.126482213438735
0.474308300395257
0.541501976284585
0.312252964426877
0.298418972332016
0.00988142292490119
0.0612648221343874
0.0395256916996047
0.00197628458498024
0.00197628458498024
0.460474308300395
0.782608695652174
0.316205533596838
0.286561264822134
0.177865612648221
0.679841897233202
0.179841897233202
0.486166007905138
0.513833992094862
0.00197628458498024
0.00988142292490119
0.152173913043478
0.130434782608696
0.124505928853755
0.118577075098814
0.227272727272727
0.0948616600790514
0.00592885375494071
0.122529644268775
0.00790513833992095
0.126482213438735
0.588932806324111
0.00395256916996047
0.00197628458498024
0.00988142292490119
0.00592885375494071
0.00395256916996047
0.49802371541502
0.697628458498024
0.695652173913043
0.691699604743083
0.691699604743083
0.260869565217391
0.99802371541502
0.99604743083004
0.994071146245059
0.521739130434783
0.525691699604743
0.515810276679842
0.515810276679842
0.33201581027668
0.638339920948617
0.494071146245059
0.187747035573123
0.177865612648221
0.432806324110672
0.381422924901186
0.373517786561265
0.365612648221344
0.365612648221344
0.365612648221344
0.245059288537549
0.24703557312253
0.272727272727273
0.126482213438735
0.075098814229249
0.0494071146245059
0.486166007905138
0.00988142292490119
0.636363636363636
0.721343873517787
0.640316205533597
0.507905138339921
0.505928853754941
0.871541501976285
0.869565217391304
0.16798418972332
0.00395256916996047
0.266798418972332
1
0.99802371541502
0.296442687747036
0.245059288537549
0.600790513833992
0.598814229249012
0.322134387351779
0.691699604743083
0.16600790513834
0.114624505928854
0.711462450592885
0.703557312252964
0.00395256916996047
0.00197628458498024
0.00592885375494071
0.0118577075098814
0.00592885375494071
0.00395256916996047
0.711462450592885
0.541501976284585
0.75098814229249
0.511857707509881
0.517786561264822
0.695652173913043
0.347826086956522
0.00395256916996047
0.189723320158103
0.292490118577075
0.296442687747036
0.195652173913043
0.99802371541502
0.691699604743083
0.691699604743083
0.689723320158103
0.946640316205534
0.944664031620553
0.33399209486166
0.320158102766798
0.316205533596838
0.33399209486166
0.00592885375494071
0.0118577075098814
0.0138339920948617
0.58300395256917
0.58300395256917
0.58695652173913
0.588932806324111
0.58695652173913
0.341897233201581
0.00592885375494071
0.0138339920948617
0.00592885375494071
0.00395256916996047
0.00592885375494071
0.221343873517787
0.693675889328063
0.697628458498024
0.0118577075098814
0.341897233201581
0.3300395256917
0.280632411067194
0.677865612648221
0.193675889328063
0.0573122529644269
1
0.986166007905138
0.982213438735178
0.982213438735178
0.768774703557312
0.66403162055336
0.116600790513834
0.00197628458498024
0.298418972332016
0.0177865612648221
0.00395256916996047
0.00197628458498024
0.0652173913043478
0.0632411067193676
0.201581027667984
0.507905138339921
0.505928853754941
0.138339920948617
0.464426877470356
0.480237154150198
0.399209486166008
0.00197628458498024
0.883399209486166
0.877470355731225
0.0276679841897233
0.0177865612648221
0.622529644268775
0.126482213438735
0.154150197628458
0.237154150197628
0.0197628458498024
0.0118577075098814
0.0671936758893281
0.0612648221343874
1
0.99604743083004
0.982213438735178
0.978260869565217
0.397233201581028
0.547430830039526
0.624505928853755
0.626482213438735
0.622529644268775
0.420948616600791
0.41501976284585
0.00395256916996047
0
0.0632411067193676
0.0256916996047431
0.0691699604743083
0.0652173913043478
0.041501976284585
0.0138339920948617
0.00197628458498024
0.0197628458498024
0.00592885375494071
0.00197628458498024
0.883399209486166
0.411067193675889
0.409090909090909
0.614624505928854
0.205533596837945
0.0138339920948617
0.0177865612648221
0.207509881422925
0.711462450592885
0.616600790513834
0.148221343873518
0.984189723320158
0.604743083003953
0.553359683794466
0.557312252964427
0.351778656126482
0.347826086956522
0.132411067193676
0.122529644268775
0.343873517786561
0.0177865612648221
0.00592885375494071
0.00395256916996047
0.711462450592885
0.8300395256917
0.8300395256917
0.83596837944664
0.772727272727273
0.594861660079051
0.83201581027668
0.828063241106719
0.828063241106719
0.310276679841897
0.00197628458498024
0.294466403162055
0.294466403162055
0.292490118577075
0.126482213438735
0.130434782608696
0.671936758893281
0.00592885375494071
0.00197628458498024
0.735177865612648
0.624505928853755
1
0.847826086956522
0.845849802371542
0.984189723320158
0.592885375494071
0.00790513833992095
0.557312252964427
0.268774703557312
0.268774703557312
0.349802371541502
0.223320158102767
0.243083003952569
0.782608695652174
0.845849802371542
0.766798418972332
0.855731225296443
0.8300395256917
0.83596837944664
0.00197628458498024
0.00197628458498024
0.0889328063241107
0.695652173913043
0.00395256916996047
0.00197628458498024
0.0632411067193676
0.00197628458498024
0.120553359683794
0.104743083003953
0.106719367588933
0.104743083003953
0.00395256916996047
0.662055335968379
0.697628458498024
0.691699604743083
0.689723320158103
0.735177865612648
0.626482213438735
0.99604743083004
0.994071146245059
0.992094861660079
0.0197628458498024
0.00592885375494071
0.0118577075098814
0.691699604743083
0.685770750988142
0.691699604743083
0.942687747035573
0.942687747035573
0.940711462450593
0.50197628458498
0.466403162055336
0.434782608695652
0.899209486166008
0.624505928853755
0.243083003952569
0.239130434782609
0.505928853754941
0.391304347826087
0.391304347826087
0.389328063241107
0.108695652173913
0.100790513833992
0.0968379446640316
0.16403162055336
0.16403162055336
0.122529644268775
0.0988142292490119
0.328063241106719
0.322134387351779
0.114624505928854
0.144268774703557
0.992094861660079
0.968379446640316
0.960474308300395
0.00395256916996047
0.00197628458498024
0.264822134387352
0.254940711462451
0.942687747035573
0.590909090909091
0.480237154150198
0.472332015810277
0.610671936758893
0.628458498023715
0.189723320158103
0.733201581027668
0.08300395256917
0.505928853754941
0.490118577075099
0.488142292490119
0.486166007905138
0.482213438735178
0.482213438735178
0.480237154150198
0.278656126482213
0.278656126482213
0.122529644268775
0.112648221343874
0.235177865612648
0.0237154150197628
0.519762845849802
0.569169960474308
0.539525691699605
0.310276679841897
0.304347826086957
0.00197628458498024
0.505928853754941
1
0.99802371541502
0.99604743083004
0.994071146245059
0.992094861660079
0.980237154150198
0.976284584980237
0.446640316205534
0.0671936758893281
0
0.0553359683794466
0.0474308300395257
0.0158102766798419
0.0217391304347826
0.0138339920948617
0.00197628458498024
0.0217391304347826
0.00988142292490119
0.00197628458498024
0.00197628458498024
0.877470355731225
0.903162055335968
0.901185770750988
0.881422924901186
0.899209486166008
0.424901185770751
0.3300395256917
0.324110671936759
0.124505928853755
0.383399209486166
0.383399209486166
0.33201581027668
0.521739130434783
0.907114624505929
0.905138339920949
0.903162055335968
0.590909090909091
0.0158102766798419
0.0158102766798419
0.00592885375494071
0.00988142292490119
0.0256916996047431
0.0118577075098814
0.91897233201581
0.875494071146245
0.903162055335968
0.911067193675889
0.626482213438735
0.555335968379447
0.50395256916996
0.462450592885375
0.00592885375494071
0.00395256916996047
0.630434782608696
0.634387351778656
0.628458498023715
0.616600790513834
0.383399209486166
0.371541501976285
0.99604743083004
0.555335968379447
0.565217391304348
0.395256916996047
0.316205533596838
0.446640316205534
0.632411067193676
0.600790513833992
0.367588932806324
0.0632411067193676
0.276679841897233
0.278656126482213
0.144268774703557
0.138339920948617
0.134387351778656
0.134387351778656
0.217391304347826
0.00988142292490119
0.00197628458498024
0.0513833992094862
0.0454545454545455
0.00395256916996047
0.171936758893281
0.124505928853755
0.171936758893281
0.154150197628458
0.0968379446640316
0.677865612648221
1
0.99802371541502
0.99604743083004
0.994071146245059
0.986166007905138
0.976284584980237
0.571146245059289
0.00790513833992095
0.00197628458498024
0.324110671936759
0.304347826086957
0.480237154150198
0.630434782608696
0.602766798418972
0.462450592885375
0.426877470355731
0.480237154150198
0.276679841897233
0.264822134387352
0.0237154150197628
0.373517786561265
0.624505928853755
0.721343873517787
0.644268774703557
0.58498023715415
0.00395256916996047
0.0138339920948617
0.689723320158103
0.687747035573123
0.687747035573123
0.440711462450593
0.00197628458498024
0.0968379446640316
0.0928853754940712
0.0573122529644269
0.0553359683794466
0.0533596837944664
0.677865612648221
1
0.839920948616601
0.83399209486166
0.83399209486166
0.606719367588933
0.00197628458498024
0.0177865612648221
0.239130434782609
0.235177865612648
0.0217391304347826
0.717391304347826
0.715415019762846
0.685770750988142
0.687747035573123
0.183794466403162
0.116600790513834
0.00395256916996047
0.0217391304347826
0.118577075098814
0.00395256916996047
0.0513833992094862
0.00197628458498024
0.0375494071146245
0.636363636363636
0.828063241106719
0.816205533596838
0.802371541501976
0.83201581027668
0.148221343873518
0.820158102766798
0.644268774703557
0.00197628458498024
0.154150197628458
0.150197628458498
0.0237154150197628
0.0849802371541502
0.0434782608695652
0.660079051383399
0.00197628458498024
0.403162055335968
0.717391304347826
0.464426877470356
0.492094861660079
0.492094861660079
0.162055335968379
0.00790513833992095
0.00395256916996047
0.0217391304347826
0.790513833992095
0.91304347826087
0.869565217391304
0.371541501976285
0.361660079051383
0.00395256916996047
0.24703557312253
0.199604743083004
0.00395256916996047
0.820158102766798
0.808300395256917
0.83596837944664
0.679841897233202
0.818181818181818
0.00790513833992095
0.650197628458498
0.00197628458498024
0.994071146245059
0.990118577075099
0.00988142292490119
0.00395256916996047
0.810276679841897
0.559288537549407
0.567193675889328
0.531620553359684
0.828063241106719
0.944664031620553
0.932806324110672
0.00988142292490119
0.00592885375494071
0.00197628458498024
0.00197628458498024
0.00197628458498024
0.00197628458498024
0.00197628458498024
0.41304347826087
0.401185770750988
0.571146245059289
0.347826086956522
0.612648221343874
1
0.992094861660079
0.990118577075099
0.909090909090909
0.254940711462451
0.219367588932806
0.792490118577075
0.808300395256917
0.519762845849802
0.557312252964427
0.529644268774704
0.826086956521739
0.873517786561265
0.873517786561265
0.946640316205534
0.930830039525692
0.721343873517787
0.594861660079051
0.598814229249012
0.592885375494071
0.703557312252964
0.701581027667984
0.899209486166008
0.468379446640316
0.468379446640316
0.464426877470356
0.458498023715415
0.454545454545455
0.282608695652174
1
0.99802371541502
0.99604743083004
0.990118577075099
0.988142292490119
0.0316205533596838
0.0158102766798419
0.0118577075098814
0.00197628458498024
0.00197628458498024
0.0118577075098814
0.614624505928854
0.177865612648221
0.818181818181818
0.120553359683794
0.112648221343874
0.00395256916996047
0.0118577075098814
0.00988142292490119
0.460474308300395
0.462450592885375
0.456521739130435
0.434782608695652
0.430830039525692
0.140316205533597
0.808300395256917
0.804347826086957
0.0118577075098814
0.00592885375494071
0.0177865612648221
0.798418972332016
0.792490118577075
0.922924901185771
0.926877470355731
0.924901185770751
0.745059288537549
0.774703557312253
0.772727272727273
0.770750988142292
0.952569169960474
0.134387351778656
0.0513833992094862
0.140316205533597
0.132411067193676
0.438735177865613
0.0138339920948617
0.432806324110672
0.460474308300395
0.456521739130435
0.436758893280632
0.438735177865613
0.434782608695652
0.873517786561265
0.0197628458498024
0.0256916996047431
0.0849802371541502
0.0513833992094862
0.786561264822134
0.713438735177866
0.707509881422925
0.705533596837945
0.701581027667984
0.221343873517787
0.00197628458498024
0.00988142292490119
0.223320158102767
0.00988142292490119
0.389328063241107
0.383399209486166
0.365612648221344
0.00592885375494071
0.00395256916996047
0.780632411067194
0.897233201581028
0.389328063241107
0.102766798418972
0.108695652173913
0.00988142292490119
0.0355731225296443
0.0158102766798419
0.612648221343874
0.614624505928854
0.798418972332016
0.735177865612648
0.312252964426877
0.286561264822134
0.304347826086957
0.298418972332016
0.300395256916996
0.00790513833992095
0.302371541501976
0.302371541501976
0.16600790513834
0.709486166007905
0.705533596837945
0.701581027667984
0.306324110671937
0.286561264822134
0.0138339920948617
0.00988142292490119
0.385375494071146
0.383399209486166
0.0592885375494071
0.594861660079051
0.780632411067194
0.573122529644269
0.772727272727273
0.891304347826087
0.895256916996047
0.24901185770751
0.24703557312253
0.25296442687747
0.00395256916996047
0.00197628458498024
0.189723320158103
0.741106719367589
0.733201581027668
0.733201581027668
0.438735177865613
0.438735177865613
0.537549407114625
0.229249011857708
0.00197628458498024
0.314229249011858
0.0256916996047431
0.00592885375494071
0.00197628458498024
1
0.99802371541502
0.99604743083004
0.00197628458498024
0.960474308300395
0.946640316205534
0.942687747035573
0.91897233201581
0.942687747035573
0.940711462450593
0.762845849802372
0.948616600790514
0.940711462450593
0.926877470355731
0.934782608695652
0.203557312252964
0.203557312252964
0.191699604743083
0.00988142292490119
0.00790513833992095
0.0217391304347826
0.00197628458498024
0.00395256916996047
0.701581027667984
0.788537549407115
0.770750988142292
0.853754940711462
0.859683794466403
0.990118577075099
0.988142292490119
0.855731225296443
0.851778656126482
0.847826086956522
0.966403162055336
0.964426877470356
0.946640316205534
0.942687747035573
0.944664031620553
0.936758893280632
0.934782608695652
0.324110671936759
0.203557312252964
0.622529644268775
0.00988142292490119
0.00197628458498024
0.227272727272727
0.837944664031621
0.266798418972332
0.893280632411067
0.0928853754940712
0.0138339920948617
0.853754940711462
0.00790513833992095
