1
0.796442687747036
0.774703557312253
0.683794466403162
0.616600790513834
0.217391304347826
0.219367588932806
0.347826086956522
0.0513833992094862
0.294466403162055
0.466403162055336
0.470355731225296
0.557312252964427
0.411067193675889
1
0.99802371541502
0.776679841897233
0.677865612648221
0.203557312252964
0.203557312252964
0.0138339920948617
0.00988142292490119
0.474308300395257
0.474308300395257
0.294466403162055
0.466403162055336
0.561264822134387
0.41501976284585
0.409090909090909
1
0.365612648221344
0.355731225296443
0.148221343873518
0.628458498023715
0.628458498023715
0.818181818181818
0.292490118577075
0.286561264822134
0.355731225296443
0.233201581027668
0.0237154150197628
0.0237154150197628
0.652173913043478
0.652173913043478
0.571146245059289
0.337944664031621
0.00395256916996047
0.612648221343874
0.606719367588933
0.383399209486166
1
0.355731225296443
0.00592885375494071
0.181818181818182
0.288537549407115
0.00197628458498024
0.217391304347826
0.205533596837945
0.00395256916996047
0.00395256916996047
0.00790513833992095
0.652173913043478
0.24703557312253
0.646245059288538
0.310276679841897
0.128458498023715
0.0395256916996047
1
1
0.99802371541502
0.104743083003953
0.108695652173913
0.440711462450593
0.118577075098814
0.140316205533597
0.177865612648221
0.470355731225296
0.472332015810277
0.177865612648221
0.272727272727273
0.798418972332016
0.0513833992094862
0.851778656126482
1
1
0.99802371541502
0.438735177865613
0.438735177865613
0.434782608695652
0.130434782608696
0.369565217391304
0.527667984189723
0.474308300395257
0.239130434782609
0.237154150197628
0.768774703557312
0.770750988142292
0.448616600790514
1
1
1
1
0.189723320158103
0.677865612648221
0.209486166007905
0.446640316205534
0.142292490118577
0.142292490118577
0.00395256916996047
0.569169960474308
0.58300395256917
0.359683794466403
1
0.154150197628458
0.851778656126482
0.873517786561265
0.679841897233202
0.100790513833992
0.693675889328063
0.58102766798419
0.381422924901186
0.00395256916996047
0.0197628458498024
1
0.99802371541502
0.950592885375494
0.992094861660079
0.577075098814229
0.0592885375494071
0.00592885375494071
0.288537549407115
0.262845849802372
0.130434782608696
0.075098814229249
0.0513833992094862
0.784584980237154
0.780632411067194
0.442687747035573
0.00790513833992095
0.590909090909091
1
1
0.99802371541502
0.950592885375494
0.0592885375494071
0.0592885375494071
0.276679841897233
0.126482213438735
0.075098814229249
0.0197628458498024
0.00592885375494071
0.0118577075098814
0.00988142292490119
0.126482213438735
0.126482213438735
0.83399209486166
0.786561264822134
0.654150197628458
1
0.537549407114625
0.565217391304348
0.561264822134387
0.701581027667984
0.328063241106719
0.75098814229249
0.770750988142292
0.160079051383399
0.345849802371542
1
0.994071146245059
0.448616600790514
0.00592885375494071
0.148221343873518
0.142292490118577
0.140316205533597
0.701581027667984
0.701581027667984
0.741106719367589
0.282608695652174
0.74901185770751
0.150197628458498
0.142292490118577
0.0177865612648221
0.697628458498024
0.102766798418972
0.0474308300395257
0.0138339920948617
1
1
1
0.409090909090909
0.409090909090909
0.316205533596838
0.345849802371542
0.282608695652174
0.373517786561265
0.369565217391304
0.185770750988142
0.634387351778656
0.505928853754941
0.33399209486166
0.132411067193676
1
0.559288537549407
0.561264822134387
0.432806324110672
0.302371541501976
0.300395256916996
0.347826086956522
0.310276679841897
0.345849802371542
0.596837944664032
0.513833992094862
0.306324110671937
0.239130434782609
0.132411067193676
1
0.99802371541502
0.650197628458498
0.638339920948617
0.608695652173913
0.610671936758893
0.628458498023715
0.0849802371541502
0.0671936758893281
0.0355731225296443
0.0276679841897233
0.843873517786561
0.681818181818182
0.075098814229249
0.0810276679841897
0.0652173913043478
1
1
0.00197628458498024
0.00790513833992095
0.634387351778656
0.606719367588933
0.608695652173913
0.610671936758893
0.260869565217391
0.152173913043478
0.0632411067193676
0.00197628458498024
0.721343873517787
0.843873517786561
0.681818181818182
0.00197628458498024
0.16798418972332
0.160079051383399
0.272727272727273
1
1
0.99802371541502
0.99802371541502
0.99802371541502
0.199604743083004
0.482213438735178
0.132411067193676
0.122529644268775
0.0612648221343874
0.00592885375494071
1
0.529644268774704
0.199604743083004
0.486166007905138
0.482213438735178
0.306324110671937
0.50395256916996
0.50395256916996
0.148221343873518
0.146245059288538
0.525691699604743
0.794466403162055
0.796442687747036
0.126482213438735
1
1
0.954545454545455
0.531620553359684
0.484189723320158
0.306324110671937
0.66403162055336
0.120553359683794
0.110671936758893
0.0968379446640316
0.695652173913043
0.774703557312253
0.897233201581028
0.260869565217391
0.442687747035573
0.373517786561265
0.513833992094862
0.519762845849802
0.304347826086957
0.434782608695652
0.383399209486166
1
1
0.950592885375494
0.946640316205534
0.555335968379447
0.191699604743083
0.766798418972332
0.0948616600790514
0.0671936758893281
0.701581027667984
0.699604743083004
0.699604743083004
0.901185770750988
0.0652173913043478
0.519762845849802
0.391304347826087
1
0.16403162055336
0.041501976284585
0.0375494071146245
0.00395256916996047
0.00395256916996047
0.132411067193676
0.0691699604743083
0.0691699604743083
0.0316205533596838
0.00395256916996047
0.762845849802372
0.735177865612648
0.347826086956522
0.33596837944664
1
0.219367588932806
0.235177865612648
0.00395256916996047
0.0355731225296443
0.776679841897233
0.776679841897233
0.756916996047431
0.409090909090909
0.349802371541502
0.3300395256917
0.424901185770751
1
0.984189723320158
0.895256916996047
0.545454545454545
0.820158102766798
0.616600790513834
0.735177865612648
0.891304347826087
0.0513833992094862
0.207509881422925
0.201581027667984
0.112648221343874
0.687747035573123
0.150197628458498
0.367588932806324
0.150197628458498
1
0.683794466403162
0.735177865612648
0.444664031620553
0.0138339920948617
0.156126482213439
0.527667984189723
0.395256916996047
0.681818181818182
0.620553359683794
0.205533596837945
0.104743083003953
0.407114624505929
0.407114624505929
0.687747035573123
0.535573122529644
0.345849802371542
1
0.58498023715415
0.58300395256917
0.660079051383399
0.221343873517787
0.225296442687747
0.0118577075098814
0.152173913043478
0.622529644268775
0.650197628458498
0.0256916996047431
0.0158102766798419
0.83399209486166
0.1699604743083
0.124505928853755
1
0.733201581027668
0.960474308300395
0.264822134387352
0.66403162055336
0.1699604743083
0.160079051383399
0.160079051383399
0.154150197628458
0.183794466403162
0.231225296442688
0.879446640316206
0.154150197628458
0.411067193675889
0.353754940711462
0.225296442687747
0.695652173913043
1
1
0.982213438735178
0.920948616600791
0.901185770750988
0.954545454545455
0.723320158102767
0.468379446640316
0.758893280632411
0.531620553359684
0.138339920948617
0.598814229249012
0.527667984189723
0.533596837944664
1
0.980237154150198
0.91501976284585
0.901185770750988
0.960474308300395
0.0652173913043478
0.128458498023715
0.644268774703557
0.290513833992095
0.0237154150197628
0.00395256916996047
0.671936758893281
0.00988142292490119
0.527667984189723
0.863636363636364
0.687747035573123
1
0.296442687747036
0.772727272727273
0.636363636363636
0.660079051383399
0.197628458498024
0.177865612648221
0.0592885375494071
0.571146245059289
0.320158102766798
0.652173913043478
0.296442687747036
0.126482213438735
1
0.994071146245059
0.994071146245059
0.683794466403162
0.282608695652174
0.272727272727273
0.0177865612648221
0.318181818181818
0.25098814229249
0.557312252964427
0.0177865612648221
1
0.99802371541502
0.994071146245059
0.405138339920949
0.132411067193676
0.241106719367589
0.741106719367589
0.49802371541502
0.316205533596838
0.557312252964427
1
1
0.99802371541502
0.507905138339921
0.302371541501976
0.130434782608696
0.134387351778656
0.241106719367589
0.486166007905138
0.452569169960474
0.691699604743083
0.533596837944664
1
1
0.926877470355731
0.907114624505929
0.626482213438735
0.033596837944664
0.476284584980237
0.476284584980237
0.468379446640316
0.130434782608696
0.177865612648221
0.1699604743083
0.1699604743083
0.25098814229249
0.24901185770751
0.213438735177866
0.316205533596838
0.16600790513834
1
0.99604743083004
0.990118577075099
0.865612648221344
0.887351778656126
0.932806324110672
0.0118577075098814
0.0118577075098814
0.480237154150198
0.468379446640316
0.462450592885375
0.0909090909090909
0.33201581027668
0.328063241106719
0.225296442687747
0.320158102766798
0.624505928853755
0.24901185770751
0.25296442687747
1
0.99802371541502
0.992094861660079
0.403162055335968
0.385375494071146
0.697628458498024
0.324110671936759
0.120553359683794
0.41897233201581
0.525691699604743
0.379446640316206
0.341897233201581
0.146245059288538
0.557312252964427
0.622529644268775
1
1
0.992094861660079
0.648221343873518
0.420948616600791
0.422924901185771
0.00790513833992095
0.193675889328063
0.274703557312253
0.535573122529644
0.377470355731225
0.341897233201581
0.227272727272727
0.189723320158103
0.08300395256917
1
0.99604743083004
0.399209486166008
0.140316205533597
0.124505928853755
0.389328063241107
0.314229249011858
0.0118577075098814
0.0434782608695652
0.822134387351779
0.106719367588933
0.100790513833992
0.563241106719368
0.150197628458498
0.460474308300395
0.460474308300395
1
0.99604743083004
0.592885375494071
0.294466403162055
0.276679841897233
0.411067193675889
0.379446640316206
0.324110671936759
0.371541501976285
0.83596837944664
0.806324110671937
0.326086956521739
0.393280632411067
0.148221343873518
0.106719367588933
0.0612648221343874
0.0237154150197628
1
0.403162055335968
0.389328063241107
0.713438735177866
0.0454545454545455
0.324110671936759
0.359683794466403
0.353754940711462
0.298418972332016
0.0118577075098814
0.00197628458498024
0.0316205533596838
0.66798418972332
0.677865612648221
0.679841897233202
1
0.99802371541502
0.994071146245059
0.559288537549407
0.709486166007905
0.523715415019763
0.373517786561265
0.0889328063241107
0.0434782608695652
0.00197628458498024
0.173913043478261
0.173913043478261
0.0909090909090909
0.0948616600790514
1
1
0.99604743083004
0.328063241106719
0.324110671936759
0.622529644268775
0.624505928853755
0.33399209486166
0.112648221343874
0.658102766798419
0.470355731225296
0.357707509881423
0.604743083003953
0.365612648221344
0.426877470355731
0.721343873517787
0.375494071146245
0.737154150197628
0.737154150197628
0.464426877470356
1
0.99604743083004
0.33201581027668
0.324110671936759
0.622529644268775
0.626482213438735
0.0849802371541502
0.0316205533596838
0.0177865612648221
0.00790513833992095
0.296442687747036
0.229249011857708
0.375494071146245
0.74901185770751
0.857707509881423
1
1
0.865612648221344
0.859683794466403
0.00988142292490119
0.547430830039526
0.0118577075098814
0.1699604743083
0.00988142292490119
0.00395256916996047
0.865612648221344
0.863636363636364
0.861660079051383
0.521739130434783
0.551383399209486
1
1
0.638339920948617
0.274703557312253
0.173913043478261
0.08300395256917
0.0434782608695652
0.033596837944664
0.00395256916996047
0.0494071146245059
0.0454545454545455
0.0138339920948617
0.547430830039526
0.262845849802372
1
1
1
1
0.875494071146245
0.695652173913043
0.381422924901186
0.383399209486166
0.114624505928854
0.515810276679842
0.515810276679842
0.824110671936759
0.588932806324111
0.612648221343874
0.00197628458498024
0.00395256916996047
0.00197628458498024
1
0.91501976284585
0.952569169960474
0.150197628458498
0.144268774703557
0.146245059288538
0.276679841897233
0.225296442687747
0.223320158102767
0.0375494071146245
0.612648221343874
0.266798418972332
0.478260869565217
1
0.203557312252964
0.460474308300395
0.436758893280632
0.513833992094862
0.551383399209486
0.541501976284585
0.383399209486166
0.379446640316206
0.229249011857708
0.112648221343874
0.191699604743083
0.703557312252964
0.430830039525692
0.58498023715415
1
1
0.786561264822134
0.458498023715415
0.436758893280632
0.513833992094862
0.513833992094862
0.547430830039526
0.808300395256917
0.395256916996047
0.383399209486166
0.229249011857708
0.5
0.5
0.387351778656126
0.359683794466403
0.262845849802372
0.205533596837945
0.199604743083004
0.162055335968379
0.162055335968379
1
1
0.804347826086957
0.0276679841897233
0.529644268774704
0.715415019762846
0.662055335968379
0.385375494071146
0.300395256916996
0.442687747035573
0.401185770750988
0.280632411067194
0.0375494071146245
0.00395256916996047
0.0217391304347826
1
0.804347826086957
0.604743083003953
0.00988142292490119
0.610671936758893
0.525691699604743
0.531620553359684
0.715415019762846
0.83201581027668
0.320158102766798
0.225296442687747
0.373517786561265
0.0770750988142292
0.00790513833992095
0.41897233201581
0.41897233201581
0.41897233201581
1
0.946640316205534
0.594861660079051
0.563241106719368
0.337944664031621
0.00988142292490119
0.0869565217391304
0.0276679841897233
0.0612648221343874
0.482213438735178
0.142292490118577
0.183794466403162
0.162055335968379
1
1
0.992094861660079
0.948616600790514
0.349802371541502
0.00988142292490119
0.33596837944664
0.328063241106719
0.494071146245059
0.490118577075099
0.484189723320158
0.205533596837945
0.0177865612648221
1
1
1
0.0217391304347826
0.00790513833992095
0.00592885375494071
0.0158102766798419
0.266798418972332
0.00988142292490119
0.241106719367589
0.16403162055336
0.00592885375494071
0.324110671936759
0.201581027667984
0.341897233201581
0.353754940711462
0.258893280632411
0.569169960474308
1
1
0.0296442687747036
0.685770750988142
0.687747035573123
0.693675889328063
0.274703557312253
0.312252964426877
0.239130434782609
0.162055335968379
0.721343873517787
0.719367588932806
0.215415019762846
0.130434782608696
0.00592885375494071
1
0.994071146245059
0.197628458498024
0.802371541501976
0.800395256916996
0.871541501976285
0.154150197628458
0.509881422924901
0.539525691699605
0.00988142292490119
0.00197628458498024
0.0177865612648221
0.00395256916996047
0.00592885375494071
0.00197628458498024
1
0.25296442687747
0.853754940711462
0.926877470355731
0.509881422924901
0.0988142292490119
0.0138339920948617
0.557312252964427
0.0138339920948617
0.00592885375494071
0.0494071146245059
0.041501976284585
0.0118577075098814
1
1
0.990118577075099
0.74703557312253
0.513833992094862
0.701581027667984
0.288537549407115
0.134387351778656
0.00395256916996047
0.464426877470356
0.466403162055336
0.486166007905138
1
0.00197628458498024
0.990118577075099
0.988142292490119
0.776679841897233
0.766798418972332
0.745059288537549
0.278656126482213
0.701581027667984
0.399209486166008
0.00988142292490119
0.08300395256917
0.00197628458498024
0.00592885375494071
0.00790513833992095
0.00395256916996047
0.409090909090909
1
1
0.743083003952569
0.717391304347826
0.569169960474308
0.405138339920949
0.442687747035573
0.118577075098814
0.00988142292490119
0.33399209486166
0.33399209486166
0.227272727272727
0.00592885375494071
0.298418972332016
0.460474308300395
0.219367588932806
1
0.729249011857708
0.806324110671937
0.0237154150197628
0.0296442687747036
0.00988142292490119
0.00197628458498024
0.00395256916996047
0.00395256916996047
0.00988142292490119
0.0138339920948617
0.529644268774704
0.533596837944664
0.229249011857708
0.395256916996047
0.450592885375494
0.0592885375494071
1
0.99802371541502
0.521739130434783
0.515810276679842
0.33201581027668
0.636363636363636
0.373517786561265
0.233201581027668
0.132411067193676
0.124505928853755
0.505928853754941
0.66403162055336
0.863636363636364
1
0.99802371541502
0.992094861660079
0.322134387351779
0.464426877470356
0.462450592885375
0.492094861660079
0.245059288537549
0.148221343873518
0.08300395256917
0.507905138339921
0.472332015810277
0.49802371541502
0.66600790513834
0.292490118577075
0.326086956521739
0.320158102766798
0.33399209486166
0.118577075098814
0.209486166007905
0.00197628458498024
0.00790513833992095
0.484189723320158
0.484189723320158
0.709486166007905
0.519762845849802
0.517786561264822
0.179841897233202
0.286561264822134
0.407114624505929
1
0.691699604743083
0.326086956521739
0.322134387351779
0.0177865612648221
0.707509881422925
0.00790513833992095
0.0138339920948617
0.00988142292490119
0.00197628458498024
0.743083003952569
0.225296442687747
0.298418972332016
0.296442687747036
0.195652173913043
1
0.99604743083004
0.994071146245059
0.978260869565217
0.743083003952569
0.110671936758893
0.100790513833992
0.116600790513834
0.128458498023715
0.201581027667984
0.405138339920949
0.0197628458498024
0.407114624505929
0.41304347826087
0.213438735177866
0.0256916996047431
0.713438735177866
1
0.994071146245059
0.986166007905138
0.739130434782609
0.547430830039526
0.624505928853755
0.606719367588933
0.00197628458498024
0.128458498023715
0.0671936758893281
0.401185770750988
0.397233201581028
0.877470355731225
0.409090909090909
0.187747035573123
0.211462450592885
0.187747035573123
0.709486166007905
0.638339920948617
1
0.150197628458498
0.569169960474308
0.268774703557312
0.260869565217391
0.934782608695652
0.610671936758893
0.596837944664032
0.691699604743083
0.304347826086957
0.298418972332016
0.136363636363636
0.00592885375494071
0.0474308300395257
1
0.99802371541502
0.99802371541502
0.00592885375494071
0.262845849802372
0.347826086956522
0.221343873517787
0.711462450592885
0.00790513833992095
0.0928853754940712
0.0138339920948617
0.0711462450592885
0.0652173913043478
0.00197628458498024
0.292490118577075
0.00395256916996047
1
1
0.685770750988142
0.590909090909091
0.306324110671937
0.296442687747036
0.590909090909091
0.612648221343874
0.154150197628458
0.16600790513834
0.106719367588933
0.104743083003953
0.00790513833992095
0.142292490118577
0.104743083003953
0.16403162055336
0.322134387351779
1
1
0.99604743083004
0.262845849802372
0.262845849802372
0.940711462450593
0.58498023715415
0.304347826086957
0.507905138339921
0.173913043478261
0.49802371541502
0.270750988142292
0.401185770750988
0.517786561264822
0.322134387351779
0.205533596837945
1
0.992094861660079
0.454545454545455
0.0671936758893281
0.0217391304347826
0.0256916996047431
0.0256916996047431
0.0118577075098814
0.00988142292490119
0.91897233201581
0.91501976284585
0.33201581027668
0.355731225296443
0.456521739130435
0.632411067193676
0.628458498023715
0.622529644268775
1
0.523715415019763
0.0276679841897233
0.0256916996047431
0.0256916996047431
0.91304347826087
0.91897233201581
0.91897233201581
0.920948616600791
0.91501976284585
0.901185770750988
0.614624505928854
0.262845849802372
1
0.986166007905138
0.573122529644269
0.324110671936759
0.324110671936759
0.154150197628458
0.0731225296442688
0.484189723320158
0.278656126482213
0.0790513833992095
0.0790513833992095
0.173913043478261
0.411067193675889
0.411067193675889
0.411067193675889
1
1
0.99802371541502
0.409090909090909
0.486166007905138
0.486166007905138
0.371541501976285
0.371541501976285
0.75296442687747
0.596837944664032
0.600790513833992
0.638339920948617
0.677865612648221
0.326086956521739
0.203557312252964
0.266798418972332
1
1
0.99802371541502
0.237154150197628
0.233201581027668
0.0612648221343874
0.717391304347826
0.391304347826087
0.411067193675889
0.215415019762846
0.221343873517787
0.189723320158103
0.114624505928854
0.50395256916996
0.612648221343874
0.818181818181818
0.00988142292490119
1
0.156126482213439
0.0790513833992095
0.0652173913043478
0.0553359683794466
0.650197628458498
0.409090909090909
0.460474308300395
0.381422924901186
0.33201581027668
0.33596837944664
0.245059288537549
0.814229249011858
1
0.154150197628458
0.602766798418972
0.820158102766798
0.792490118577075
0.806324110671937
0.537549407114625
0.851778656126482
0.845849802371542
0.873517786561265
0.00395256916996047
0.717391304347826
0.598814229249012
0.00592885375494071
0.00395256916996047
0.899209486166008
0.420948616600791
0.58498023715415
1
0.99802371541502
0.99802371541502
0.843873517786561
0.861660079051383
0.529644268774704
0.8300395256917
0.256916996047431
0.25296442687747
0.207509881422925
0.579051383399209
0.899209486166008
0.899209486166008
0.363636363636364
0.347826086956522
1
0.99802371541502
0.994071146245059
0.458498023715415
0.00790513833992095
0.0217391304347826
0.00988142292490119
0.950592885375494
0.620553359683794
0.106719367588933
0.460474308300395
0.448616600790514
0.442687747035573
0.436758893280632
0.83399209486166
0.74703557312253
0.792490118577075
1
0.41304347826087
0.756916996047431
0.191699604743083
0.826086956521739
0.08300395256917
0.460474308300395
0.448616600790514
0.444664031620553
0.0375494071146245
0.812252964426877
0.0790513833992095
0.792490118577075
0.790513833992095
1
0.709486166007905
0.221343873517787
0.221343873517787
0.318181818181818
0.0138339920948617
0.193675889328063
0.100790513833992
0.106719367588933
0.0355731225296443
0.0355731225296443
0.606719367588933
0.304347826086957
0.290513833992095
0.296442687747036
0.195652173913043
1
1
0.709486166007905
0.288537549407115
0.16798418972332
0.16798418972332
0.573122529644269
0.772727272727273
0.274703557312253
0.25296442687747
0.195652173913043
0.193675889328063
0.193675889328063
0.189723320158103
0.191699604743083
0.424901185770751
0.430830039525692
0.162055335968379
0.16798418972332
1
0.00197628458498024
0.851778656126482
0.847826086956522
0.841897233201581
0.91501976284585
0.944664031620553
0.942687747035573
0.00395256916996047
0.00395256916996047
0.217391304347826
0.00592885375494071
0.612648221343874
0.628458498023715
0.699604743083004
1
0.845849802371542
0.91699604743083
0.944664031620553
0.897233201581028
0.942687747035573
0.942687747035573
0.934782608695652
0.409090909090909
0.428853754940711
0.203557312252964
0.136363636363636
0.225296442687747
0.225296442687747
0.118577075098814
0.774703557312253
