0.796442687747036	7.73199999999997
0.776679841897233	7.738
0.693675889328063	2.38400000000001
0.634387351778656	3.81
0.389328063241107	19.77
0.308300395256917	9.48700000000002
0.328063241106719	12.9160000000001
0.355731225296443	4.60599999999999
0.341897233201581	1.36000000000001
0.355731225296443	8.59800000000007
0.0513833992094862	6.39699999999993
0.0375494071146245	13.225
0.0217391304347826	3.57799999999997
0.00395256916996047	9.83399999999995
0.00395256916996047	10.626
0.472332015810277	8.02499999999998
0.717391304347826	0.439000000000078
0.41304347826087	1.13099999999997
0.391304347826087	11.41
0.41501976284585	12.8910000000001
0.409090909090909	12.9989999999999
1	19.111
0.99802371541502	0.903999999999996
0.99604743083004	16.597
0.798418972332016	7.69600000000003
0.796442687747036	2.51499999999999
0.780632411067194	1.827
0.687747035573123	4.26400000000001
0.0533596837944664	11.746
0.00592885375494071	6.39299999999997
0.596837944664032	12.7310000000001
0.377470355731225	13.582
0.126482213438735	8.01400000000001
0.579051383399209	10.006
0.211462450592885	14.068
0.318181818181818	5.30500000000006
0.00395256916996047	11.0129999999999
0.00592885375494071	7.14800000000002
0.478260869565217	0.187000000000012
0.470355731225296	18.653
0.472332015810277	15.774
0.411067193675889	13.609
0.405138339920949	6.15300000000002
0.74703557312253	7.68599999999992
1	8.5873
0.367588932806324	6.105
0.363636363636364	0.865899999999996
0.353754940711462	4.82000000000001
0.351778656126482	1.63299999999998
0.628458498023715	3.75900000000001
0.509881422924901	0.863999999999976
0.509881422924901	1.72500000000002
0.300395256916996	11.272
0.349802371541502	17.784
0.205533596837945	6.42999999999995
0.201581027667984	3.42700000000002
0.24901185770751	12.031
0.24703557312253	0.374000000000024
0.08300395256917	13.531
0.00592885375494071	11.7360000000001
0.00592885375494071	1.39299999999992
0.0118577075098814	14.289
0.571146245059289	5.79200000000003
0.903162055335968	0.128000000000043
0.608695652173913	2.70699999999999
0.470355731225296	18.699
0.339920948616601	4.68700000000001
0.341897233201581	7.64800000000002
0.444664031620553	4.07100000000003
0.00592885375494071	9.21399999999994
0.00395256916996047	10.7710000000001
0.397233201581028	1.62300000000005
0.389328063241107	3.23099999999999
0.371541501976285	4.6699
0.367588932806324	17.5002
0.361660079051383	14.6132
0.355731225296443	2.14400000000001
0.351778656126482	4.136
0.00592885375494071	6.077
0.810276679841897	0.0209999999999866
0.806324110671937	0.760000000000019
0.818181818181818	7.15699999999998
0.114624505928854	3.76499999999999
0.112648221343874	14.604
0.00988142292490119	10.215
0.00395256916996047	6.233
0.183794466403162	13.967
0.177865612648221	14.705
0.0671936758893281	6.97700000000003
0.00790513833992095	13.05
0.00197628458498024	3.65999999999997
0.00395256916996047	18.393
0.828063241106719	4.72799999999995
0.895256916996047	18.251
0.470355731225296	4.39599999999996
0.106719367588933	1.92399999999998
0.00395256916996047	2.11599999999999
0.316205533596838	1.75600000000009
0.456521739130435	3.06499999999994
0.450592885375494	9.85400000000004
0.25296442687747	0.505999999999972
0.24703557312253	1.178
0.0177865612648221	5.59300000000007
0	0
0.00592885375494071	19.083
0.99802371541502	13.9457
0.994071146245059	1.98399999999999
0.990118577075099	17.883
0.312252964426877	5.822
0.25098814229249	4.17700000000002
0.304347826086957	19.156
0.256916996047431	2.26300000000001
0.191699604743083	0.0159999999999911
0.122529644268775	7.358
0.114624505928854	6.81999999999999
0.116600790513834	5.38099999999997
0.784584980237154	13.784
0.446640316205534	8.87100000000004
0.567193675889328	5.423
0.16600790513834	5.32499999999999
0.16403162055336	1.55700000000002
0.49604743083004	0.516999999999996
0.189723320158103	5.16300000000001
0.525691699604743	12.71
0.525691699604743	0
0.691699604743083	2.23900000000003
0.00592885375494071	3.98699999999997
0.456521739130435	5.45900000000006
0.16600790513834	4.02800000000002
0.158102766798419	6.02199999999993
0.0375494071146245	3.5680000000001
0.276679841897233	18.117
0.304347826086957	0.826999999999998
0.310276679841897	5.09799999999996
0.306324110671937	5.16600000000005
0.308300395256917	4.39400000000001
0.306324110671937	7.08199999999999
0.00197628458498024	8.82799999999997
0.0513833992094862	19.776
1	1.0977
0.99802371541502	10.4459
0.992094861660079	6.072
0.675889328063241	10.75
0.33399209486166	7.10400000000001
0.00197628458498024	5.81
0.310276679841897	18.875
0.00395256916996047	17.878
0.442687747035573	2.67599999999999
0.784584980237154	3.75
0.0928853754940712	11.164
0.569169960474308	6.58100000000002
0.559288537549407	0
0.00395256916996047	0.730000000000018
0.0158102766798419	16.983
0.369565217391304	10.496
0.235177865612648	7.27199999999999
0.300395256916996	5.44199999999995
0.144268774703557	14.1180000000001
0.470355731225296	9.72799999999995
0.472332015810277	3.18000000000006
0.468379446640316	17.256
0.00395256916996047	9.779
0.233201581027668	0
0.233201581027668	2.45799999999997
0.231225296442688	12.264
0.857707509881423	10.112
0.0177865612648221	7.27599999999995
0.08300395256917	12.682
0.00197628458498024	6.45799999999997
0.0177865612648221	9.88100000000009
0.766798418972332	11.841
0.768774703557312	0.854999999999905
0.810276679841897	13.5060000000001
0.99604743083004	0.00900000000000034
0.99604743083004	9.53399999999999
0.994071146245059	1.16400000000002
0.992094861660079	17.063
0.837944664031621	4.81399999999999
0.189723320158103	0
0.964426877470356	2.92400000000001
0.00395256916996047	2.261
0.104743083003953	15.716
0.118577075098814	14.928
0.00395256916996047	10.913
0.00395256916996047	17.101
0.183794466403162	18.045
0.171936758893281	1.50999999999999
0.0217391304347826	4.55000000000001
0.0118577075098814	14.175
0.211462450592885	16.284
0.387351778656126	1.56299999999999
0.385375494071146	3.76199999999994
0.430830039525692	2.41200000000003
0.0138339920948617	13.374
0.140316205533597	0.102999999999952
0.140316205533597	3.30100000000004
0.102766798418972	4.29700000000003
0.0138339920948617	2.56899999999996
0.0118577075098814	11.217
0.0177865612648221	6.55100000000004
0.00395256916996047	10.9209999999999
0.58695652173913	12.496
0.588932806324111	0.241000000000099
0.58300395256917	0.153999999999996
0.347826086956522	5.71399999999994
0.328063241106719	0.297000000000025
0.324110671936759	0.357999999999947
0.438735177865613	4.50999999999999
0.3300395256917	5.79900000000009
0.328063241106719	13.308
0.0118577075098814	16.3049999999999
0.154150197628458	17.658
0.784584980237154	2.86899999999997
0.75098814229249	16.157
0.754940711462451	16.117
0.754940711462451	3.99800000000005
0.5	7.34499999999997
0.49802371541502	3.86400000000003
0.727272727272727	1.53499999999997
0.324110671936759	7.62
0.320158102766798	8.363
0.316205533596838	11.311
0.154150197628458	16.72
0.00988142292490119	16.7710000000001
0.337944664031621	13.107
0.33596837944664	9.524
0.33596837944664	2.87900000000002
0.118577075098814	14.443
0.0968379446640316	4.36599999999999
0.0909090909090909	2.96199999999999
0.0158102766798419	10.76
0.0177865612648221	14.8090000000001
0.160079051383399	12.8829999999999
0.00197628458498024	8.96800000000007
0.588932806324111	9.03199999999993
0.58498023715415	0.770000000000095
0.58102766798419	6.89699999999993
0.351778656126482	6.83000000000004
0.347826086956522	8.79999999999995
0.00592885375494071	9.07299999999998
0.0138339920948617	0.221000000000004
0.968379446640316	0.0029999999999859
0.964426877470356	1.029
0.126482213438735	2.14600000000002
0.0592885375494071	9.125
0.0217391304347826	9.27200000000002
0.74901185770751	0.430000000000007
0.0711462450592885	0.618999999999971
0.0592885375494071	1.69999999999999
0.0573122529644269	10.515
0.0553359683794466	13.492
0.219367588932806	2.66500000000002
0.215415019762846	19.295
0.895256916996047	9.52200000000005
0.00790513833992095	15.073
0.0158102766798419	15.3680000000001
0.786561264822134	6.05700000000002
0.784584980237154	1.3889999999999
0.784584980237154	18.341
0.841897233201581	1.70800000000008
0.83399209486166	2.57799999999997
0.782608695652174	4.73099999999999
0.776679841897233	1.572
0.792490118577075	5.67700000000002
0.865612648221344	17.173
0.901185770750988	5.10199999999998
0.00197628458498024	4.11900000000003
0.66798418972332	9.75199999999995
0.432806324110672	15.678
0.381422924901186	0.251999999999953
0.58498023715415	2.61500000000001
0.199604743083004	0.461000000000013
0.0671936758893281	6.65699999999993
0.99802371541502	0.0247000000000028
0.966403162055336	0.0719999999999885
0.952569169960474	1.47200000000001
0.990118577075099	7.96900000000002
0.966403162055336	19.927
0.58102766798419	3.88799999999998
0.517786561264822	11.339
0.288537549407115	11.25
0.274703557312253	6.52500000000003
0.290513833992095	9.13200000000001
0.130434782608696	1.00700000000001
0.0237154150197628	7.86099999999999
0.00197628458498024	2.505
0.00395256916996047	18.677
0.00790513833992095	4.08100000000002
0.00592885375494071	15.1900000000001
0.00395256916996047	5.95099999999991
0.91699604743083	2.08800000000008
0.91501976284585	5.36000000000001
0.782608695652174	12.853
0.784584980237154	2.41700000000003
0.907114624505929	9.74099999999999
0.897233201581028	3.80500000000006
0.671936758893281	13.044
0.00197628458498024	7.32399999999996
0.442687747035573	13.974
0.432806324110672	5.56200000000001
0.636363636363636	14.612
0.590909090909091	4.279
0.58695652173913	2.99300000000005
0.207509881422925	10.338
0.994071146245059	9.11499999999999
0.541501976284585	3.96900000000001
0.539525691699605	1.39600000000002
0.535573122529644	0.667000000000002
0.533596837944664	5.01599999999999
0.185770750988142	5.31100000000001
0.693675889328063	6.654
0.041501976284585	14.655
0.0256916996047431	15.498
0.523715415019763	8.73700000000002
0.567193675889328	2.20999999999998
0.563241106719368	7.25200000000001
0.563241106719368	8.80899999999997
0.563241106719368	3.642
0.701581027667984	5.97200000000004
0.614624505928854	7.16699999999997
0.741106719367589	1.459
0.739130434782609	3.43000000000001
0.74703557312253	2.57400000000001
0.00197628458498024	9.18899999999996
0.282608695652174	13.951
0.616600790513834	1.07100000000003
0.66600790513834	10.52
0.737154150197628	5.51499999999999
0.731225296442688	12.936
0.318181818181818	5.47900000000004
0.314229249011858	6.01900000000001
0.302371541501976	2.54299999999989
0.310276679841897	5.49300000000005
0.0276679841897233	10.751
0.00395256916996047	8.20799999999997
0.110671936758893	15.5360000000001
0.108695652173913	8.31600000000003
0.0592885375494071	11.641
0.0513833992094862	17.5940000000001
0.389328063241107	11.949
0.363636363636364	7.654
0.355731225296443	4.50700000000006
1	16.2456
0.99802371541502	2.8117
0.99604743083004	2.8094
0.450592885375494	2.816
0.446640316205534	5.36800000000002
0.444664031620553	15.219
0.280632411067194	5.84700000000001
0.274703557312253	6.36399999999998
0.146245059288538	6.303
0.130434782608696	4.81399999999996
0.140316205533597	1.23500000000001
0.140316205533597	6.98700000000002
0.00395256916996047	0.493999999999971
0.00197628458498024	0.494000000000028
0.140316205533597	1.94899999999996
0.0158102766798419	0.242000000000019
0.895256916996047	1.22500000000002
0.33201581027668	16.5910000000001
0.282608695652174	1.31699999999989
0.276679841897233	0
0.620553359683794	0
0.772727272727273	6.35299999999995
0.140316205533597	3.39300000000003
0.118577075098814	7.41399999999999
0.00197628458498024	4.29899999999998
0.405138339920949	16.022
0.438735177865613	0.72199999999998
0.100790513833992	8.90499999999997
0.104743083003953	0.365000000000009
0.102766798418972	14.775
0.144268774703557	3.39200000000005
0.0197628458498024	0.171000000000049
0.0177865612648221	5.779
0.00197628458498024	6.26199999999994
1	0.245499999999993
0.99802371541502	0.625600000000006
0.994071146245059	3.76900000000001
0.992094861660079	15.072
0.988142292490119	3.72400000000002
0.575098814229249	4.971
0.00790513833992095	0.561999999999983
0.00395256916996047	7.01500000000001
0.00592885375494071	14.729
0.952569169960474	0.249000000000024
0.952569169960474	5.44899999999996
0.952569169960474	0.625
0.948616600790514	11.24
0.302371541501976	5.78700000000003
0.00592885375494071	4.46699999999998
0.00395256916996047	7.51100000000002
0.00592885375494071	19.172
0.041501976284585	12.7689999999999
0.284584980237154	16.779
0.0197628458498024	9.52500000000003
0.373517786561265	7.67099999999994
0.308300395256917	0.137000000000057
0.278656126482213	18.259
0.347826086956522	0.480999999999995
0.110671936758893	4.36599999999999
0.590909090909091	10.045
0.507905138339921	3.55100000000004
0.628458498023715	17.6849999999999
0.796442687747036	11.466
0.33399209486166	10.0980000000001
0.33201581027668	4.63
0.3300395256917	4.47499999999991
0.567193675889328	8.12800000000004
0.00197628458498024	2.62699999999995
0.132411067193676	13.754
0.00988142292490119	7.755
0.992094861660079	19.17
0.988142292490119	12.863
0.565217391304348	8.81200000000001
0.565217391304348	9.95099999999999
0.442687747035573	1.273
0.954545454545455	2.22700000000003
0.950592885375494	6.69599999999997
0.91304347826087	3.30100000000004
0.308300395256917	16.93
0.294466403162055	14.717
0.304347826086957	1.45599999999996
0.314229249011858	1.197
0.304347826086957	5.40600000000001
0.557312252964427	4.34199999999998
0.00592885375494071	5.16000000000003
0.00197628458498024	6.185
0.375494071146245	8.64099999999996
0.375494071146245	7.16200000000003
0.373517786561265	1.226
0.369565217391304	12.176
0.349802371541502	5.45899999999995
0.652173913043478	3.81000000000006
0.00197628458498024	4.73099999999999
0.5	9.8309999999999
0.49604743083004	0.836000000000013
0.630434782608696	0.383000000000038
0.893280632411067	7.87699999999995
0.798418972332016	1.0920000000001
0.312252964426877	6.4899999999999
0.306324110671937	11.371
0.304347826086957	3.13800000000003
0.134387351778656	1.86099999999999
0.132411067193676	3.40599999999995
0.132411067193676	8.27499999999998
0.118577075098814	6.351
1	13.1686
0.994071146245059	17.3122
0.976284584980237	2.163
0.630434782608696	0.752999999999986
0.626482213438735	1.37
0.640316205533597	0.662000000000006
0.606719367588933	12.974
0.909090909090909	0.00999999999999091
0.911067193675889	10.247
0.304347826086957	4.73400000000001
0.0513833992094862	7.46999999999997
0.00592885375494071	16.036
0.640316205533597	5.93699999999995
0.632411067193676	8.12900000000002
0.893280632411067	2.95699999999999
0.0810276679841897	3.49400000000003
0.00197628458498024	1.12199999999996
0.100790513833992	16.879
0.00197628458498024	5.87099999999998
0.0632411067193676	5.49900000000002
0.189723320158103	9.16700000000003
0.74703557312253	16.797
0.00790513833992095	11.8399999999999
0.00197628458498024	0.5150000000001
0.0316205533596838	14.4599999999999
0.0395256916996047	5.69600000000003
0.677865612648221	8.83400000000006
0.673913043478261	7.14099999999996
0.6699604743083	1.56700000000001
0.00197628458498024	7.88
0.124505928853755	6.20699999999999
0.0316205533596838	10.068
0.0197628458498024	6.69799999999998
0.00592885375494071	5.51700000000005
0.99802371541502	2.6638
0.994071146245059	0.013300000000001
0.992094861660079	5.8515
0.00592885375494071	9.47150000000001
0.00197628458498024	3.102
0.00790513833992095	9.11499999999998
0.0296442687747036	8.42500000000001
0.033596837944664	9.25800000000001
0.0138339920948617	17.341
0.628458498023715	2.96999999999997
0.634387351778656	17.77
0.632411067193676	5.29899999999998
0.895256916996047	12.214
0.264822134387352	15.575
0.766798418972332	0.171999999999969
0.770750988142292	7.988
0.154150197628458	2.37599999999998
0.158102766798419	16.9400000000001
0.745059288537549	5.43799999999999
0.00988142292490119	0.648000000000025
0.00197628458498024	2.00799999999992
0.0138339920948617	10.6180000000001
0.00988142292490119	6.54099999999994
0.679841897233202	0.00100000000009004
0.677865612648221	0.682999999999993
0.673913043478261	4.00799999999992
0.6699604743083	4.149
0.58498023715415	7.702
0.00790513833992095	11.8819999999999
0.158102766798419	7.60199999999998
0.282608695652174	3.24900000000002
1	0.00100000000000477
0.529644268774704	15.016
0.519762845849802	7.22800000000001
0.00197628458498024	4.83799999999997
0.191699604743083	4.43100000000004
0.187747035573123	12.77
0.484189723320158	2.66800000000001
0.486166007905138	7.90800000000002
0.482213438735178	5.983
0.480237154150198	0.208999999999946
0.478260869565217	2.41500000000002
0.00395256916996047	4.66899999999998
0.308300395256917	17.44
0.00592885375494071	11.99
0.00197628458498024	4.71000000000004
0.124505928853755	4.17599999999993
0.853754940711462	0.125999999999976
0.849802371541502	11.556
0.685770750988142	15.148
0.743083003952569	16.021
0.270750988142292	5.03300000000002
0.0652173913043478	12.888
0.0691699604743083	12.582
0.539525691699605	8.43799999999999
0.541501976284585	4.67499999999995
0.523715415019763	19.5940000000001
0.569169960474308	18.2140000000001
0.794466403162055	5.72699999999998
0.796442687747036	10.482
0.790513833992095	1.25300000000004
0.00395256916996047	15.194
0.539525691699605	13.334
0.221343873517787	1.02199999999999
0.201581027667984	9.25800000000004
0.189723320158103	2.36899999999997
0.187747035573123	1.084
0.486166007905138	8.71100000000001
0.482213438735178	3.73700000000002
0.478260869565217	1.11399999999998
0.446640316205534	0.15100000000001
0.322134387351779	14.042
0.160079051383399	19.558
0.144268774703557	10.268
0.843873517786561	0.171000000000049
0.849802371541502	2.40499999999997
0.685770750988142	4.91399999999999
0.00592885375494071	18.418
0.114624505928854	17.329
0.112648221343874	1.84900000000005
0.0513833992094862	0.000999999999976353
0.0474308300395257	3.73699999999997
0.00790513833992095	11.135
0.569169960474308	18.1500000000001
0.853754940711462	0.0670000000000073
0.130434782608696	12.2429999999999
0.950592885375494	0.249700000000004
0.948616600790514	1.31030000000001
0.946640316205534	4.63690000000001
0.478260869565217	18.241
0.559288537549407	1.917
0.555335968379447	10.659
0.00988142292490119	5.988
0.766798418972332	0.0430000000000064
0.804347826086957	0.187000000000012
0.656126482213439	1.91699999999997
0.654150197628458	5.25100000000003
0.00988142292490119	13.648
0.108695652173913	0.0790000000000077
0.00988142292490119	4.61099999999999
0.104743083003953	11.742
0.703557312252964	7.48700000000002
0.699604743083004	4.36099999999999
0.826086956521739	0.511000000000081
0.577075098814229	12.353
0.588932806324111	0.341000000000008
0.559288537549407	4.04300000000001
0.545454545454545	5.52999999999997
0.0849802371541502	14.972
0.0118577075098814	7.899
0.373517786561265	0.24899999999991
0.371541501976285	4.36500000000001
0.596837944664032	4.81299999999999
0.00395256916996047	8.928
0.300395256916996	12.902
0.642292490118577	1.78700000000003
0.385375494071146	0.000999999999976353
0.954545454545455	4.0334
0.952569169960474	0.368499999999997
0.488142292490119	3.063
0.486166007905138	0.210999999999984
0.00197628458498024	4.25800000000001
0.00395256916996047	10.517
0.00988142292490119	7.637
0.183794466403162	0.807999999999993
0.183794466403162	9.12399999999997
0.150197628458498	7.63300000000004
0.0928853754940712	8.84399999999999
0.0889328063241107	16.229
0.00395256916996047	0.297000000000025
0.0217391304347826	12.967
0.0612648221343874	10.844
0.897233201581028	15.798
0.324110671936759	2.36900000000003
0.577075098814229	10.184
0.557312252964427	17.278
0.173913043478261	16.708
0.162055335968379	3.25199999999995
0.160079051383399	1.08699999999999
0.162055335968379	16.5160000000001
0.383399209486166	12.337
0.00395256916996047	10.499
0.00197628458498024	0.227999999999952
0.0671936758893281	15.3820000000001
0.00592885375494071	17.506
0.304347826086957	16.3629999999999
0.300395256916996	0.415000000000077
0.436758893280632	11.3049999999999
0.00197628458498024	3.10800000000006
1	12.7823
0.16403162055336	0.00140000000000384
0.162055335968379	1.88529999999999
0.920948616600791	10.0537
0.845849802371542	5.545
0.00197628458498024	3.78799999999998
0.0375494071146245	9.32000000000002
0.00592885375494071	11.422
0.0118577075098814	19.654
0.00395256916996047	13.031
0.0158102766798419	6.21800000000002
0.0138339920948617	18.679
0.132411067193676	13.225
0.126482213438735	2.5
0.126482213438735	0.135000000000048
0.041501976284585	3.50099999999998
0.00197628458498024	3.33999999999997
0.0691699604743083	2.80999999999995
0.0671936758893281	6.01800000000003
0.00790513833992095	2.91999999999996
0.00395256916996047	11.625
0.75098814229249	2.73000000000002
0.790513833992095	2.92599999999993
0.83596837944664	1.88200000000006
0.432806324110672	17.5039999999999
0.843873517786561	5.524
0.357707509881423	15.332
0.3300395256917	10.8109999999999
0.818181818181818	7.31500000000005
0.391304347826087	4.56200000000001
0.16600790513834	4.84299999999996
0.16403162055336	9.04399999999998
0.00790513833992095	10.8240000000001
0.00395256916996047	17.401
1	2.3673
0.8300395256917	12.4713
0.818181818181818	9.36840000000001
0.826086956521739	3.89230000000001
0.91501976284585	1.86869999999999
0.847826086956522	6.87700000000001
0.839920948616601	6.00800000000001
0.324110671936759	1.04199999999997
0.104743083003953	5.26600000000002
0.00592885375494071	0.679000000000002
0.231225296442688	9.78900000000002
0.233201581027668	1.18899999999999
0.83596837944664	9.13
0.0849802371541502	11.709
0.00790513833992095	8.113
0.00395256916996047	10.289
0.00197628458498024	1.52800000000002
0.00592885375494071	18.7790000000001
0.707509881422925	1.89099999999996
0.703557312252964	12.957
0.691699604743083	12.99
0.689723320158103	4.58899999999994
0.00197628458498024	6.11900000000003
0.774703557312253	0.41599999999994
0.75296442687747	13.527
0.737154150197628	2.39499999999998
0.737154150197628	4.43100000000004
0.828063241106719	14.957
0.83596837944664	0.908999999999992
0.357707509881423	15.426
0.337944664031621	5.57299999999998
0.328063241106719	7.28699999999992
0.818181818181818	6.48300000000006
0.648221343873518	8.83500000000004
0.786561264822134	3.28899999999999
0.784584980237154	19.364
1	6.3503
0.99604743083004	0.996099999999998
0.992094861660079	1.7449
0.988142292490119	4.8604
0.907114624505929	0.189999999999998
0.905138339920949	0.661000000000001
0.735177865612648	9.501
0.733201581027668	12.916
0.735177865612648	1.41199999999998
0.735177865612648	3.78
0.282608695652174	16.829
0.0118577075098814	13.568
0.622529644268775	4.012
0.618577075098814	9.03100000000001
0.628458498023715	0.111999999999966
0.622529644268775	2.262
0.743083003952569	5.74900000000002
0.525691699604743	3.48000000000002
0.527667984189723	12.547
0.515810276679842	13.583
0.395256916996047	11.647
0.00988142292490119	19.0839999999999
0.0494071146245059	8.15300000000002
0.409090909090909	13.489
0.00988142292490119	9.29999999999995
0.205533596837945	18.966
0.0968379446640316	15.8050000000001
0.0928853754940712	2.00599999999997
0.041501976284585	11.254
0.687747035573123	0.70900000000006
0.679841897233202	4.61999999999989
0.345849802371542	2.67100000000005
0.339920948616601	0.248000000000047
0.278656126482213	3.93599999999992
1	8.5504
0.99604743083004	2.9254
0.992094861660079	3.59680000000001
0.988142292490119	2.2817
0.984189723320158	2.7264
0.982213438735178	2.8694
0.907114624505929	15.484
0.00592885375494071	7.35300000000001
0.733201581027668	7.70899999999997
0.733201581027668	13.727
0.541501976284585	0.495999999999981
0.541501976284585	0.50200000000001
0.784584980237154	7.55000000000001
0.806324110671937	5.97699999999998
0.00790513833992095	15.628
0.00395256916996047	5.63100000000003
0.154150197628458	19.462
0.891304347826087	2.75099999999998
0.822134387351779	1.065
0.531620553359684	3.05700000000002
0.515810276679842	5.05199999999996
0.620553359683794	0.697999999999979
0.618577075098814	0.259000000000015
0.626482213438735	13.0940000000001
0.399209486166008	6.56700000000001
0.209486166007905	18.6189999999999
0.203557312252964	9.05600000000004
0.203557312252964	0.258000000000038
0.116600790513834	4.36000000000001
0.689723320158103	0.220000000000027
0.681818181818182	1.39400000000001
0.367588932806324	4.86599999999999
0.363636363636364	1.04899999999998
0.189723320158103	14.1949999999999
0.339920948616601	12.375
1	4.1976
0.25296442687747	14.7599
0.241106719367589	2.75229999999999
0.229249011857708	8.75710000000001
0.00197628458498024	4.33199999999999
0.58300395256917	18.35
0.662055335968379	5.864
0.662055335968379	1.78799999999998
0.490118577075099	0.11699999999999
0.452569169960474	1.08900000000003
0.478260869565217	0.560999999999979
0.0118577075098814	3.47999999999996
0.00592885375494071	9.63100000000003
0.227272727272727	2.30500000000001
0.630434782608696	4.51599999999996
0.150197628458498	0.0010000000000332
0.146245059288538	7.88799999999998
0.565217391304348	3.572
0.616600790513834	5.76499999999999
0.610671936758893	15.613
0.875494071146245	0.0539999999999736
0.654150197628458	0.309999999999945
0.652173913043478	0.0139999999998963
0.879446640316206	13.3180000000001
0.266798418972332	1.80999999999995
0.0296442687747036	11.143
0.0256916996047431	2.87099999999998
0.0237154150197628	18.111
0.0138339920948617	2.02600000000007
0.0118577075098814	10.837
0.00197628458498024	7.71199999999999
0.00988142292490119	4.18999999999994
0.00592885375494071	5.45600000000002
0.00197628458498024	0.321000000000026
0.292490118577075	1.33600000000001
0.434782608695652	6.56099999999992
0.385375494071146	2.21500000000003
0.652173913043478	3.81799999999998
0.16600790513834	10.1690000000001
0.00197628458498024	0.798000000000002
1	6.0628
0.99604743083004	3.7317
0.741106719367589	7.8344
0.377470355731225	0.236000000000004
0.373517786561265	1.41
0.375494071146245	11.533
0.662055335968379	9.86199999999999
0.66798418972332	1.72
0.033596837944664	9.16299999999998
0.0256916996047431	2.70799999999997
0.16403162055336	3.72700000000003
0.0138339920948617	12.816
0.154150197628458	0.185999999999979
0.148221343873518	19.225
0.256916996047431	4.03699999999998
0.201581027667984	12.944
0.193675889328063	3.935
0.187747035573123	10.063
0.237154150197628	0.831000000000017
0.209486166007905	0
0.626482213438735	3.71199999999999
0.628458498023715	19.074
0.349802371541502	13.926
0.377470355731225	0.692999999999984
0.379446640316206	1.65800000000002
0.365612648221344	19.789
0.355731225296443	2.66700000000003
0.575098814229249	6.16200000000003
0.828063241106719	3.69799999999998
0.553359683794466	11.102
0.424901185770751	10.976
0.654150197628458	1.06100000000004
0.126482213438735	1.41499999999996
0.124505928853755	5.98400000000004
0.99604743083004	4.6929
0.990118577075099	0.159199999999998
0.909090909090909	1.78100000000001
0.899209486166008	8.15899999999999
0.391304347826087	7.31300000000002
0.58102766798419	0.165999999999997
0.472332015810277	0.55600000000004
0.478260869565217	4.25700000000001
0.478260869565217	17.815
0.472332015810277	8.803
0.760869565217391	0.324999999999989
0.760869565217391	0
0.756916996047431	2.577
0.818181818181818	6.024
0.596837944664032	16.27
0.636363636363636	18.469
0.642292490118577	11.735
0.237154150197628	14.2379999999999
0.901185770750988	3.85000000000002
0.179841897233202	10.1569999999999
0.177865612648221	13.316
0.152173913043478	18.7900000000001
0.110671936758893	19.081
0.197628458498024	2.625
0.563241106719368	3.91999999999996
0.563241106719368	0.215000000000032
0.594861660079051	1.69899999999996
0.58498023715415	19.419
0.662055335968379	13.487
0.0731225296442688	5.63699999999994
0.00197628458498024	12.2230000000001
0.531620553359684	14.973
0.861660079051383	9.28100000000006
0.855731225296443	2.29899999999998
0.687747035573123	2.09299999999996
0.00988142292490119	8.46100000000001
1	6.866
0.99802371541502	7.0917
0.994071146245059	0.622599999999991
0.988142292490119	0.865000000000009
0.901185770750988	0.818999999999988
0.899209486166008	0.210000000000008
0.715415019762846	19.79
0.713438735177866	4.94399999999999
0.707509881422925	2.71000000000001
0.118577075098814	18.82
0.0118577075098814	15.021
0.0118577075098814	13.816
0.112648221343874	11.809
0.824110671936759	5.69099999999997
0.0652173913043478	10.109
0.814229249011858	19.682
0.640316205533597	6.45800000000003
0.640316205533597	0.16599999999994
0.199604743083004	0.878000000000043
0.395256916996047	9.31299999999999
0.604743083003953	0.571000000000026
0.33399209486166	6.77699999999993
0.316205533596838	7.471
0.302371541501976	2.55600000000004
0.00592885375494071	2.91500000000008
0.569169960474308	4.38199999999995
0.0138339920948617	6.88999999999999
0.0237154150197628	2.74000000000001
0.0158102766798419	8.93500000000006
0.00197628458498024	11.375
0.00197628458498024	6.95899999999995
0.00197628458498024	1.87100000000009
0.531620553359684	14.11
0.58300395256917	6.72099999999989
0.863636363636364	2.57500000000005
0.66403162055336	0.447000000000003
0.994071146245059	10.864
0.302371541501976	5.983
0.300395256916996	0.126000000000005
0.298418972332016	4.13
0.274703557312253	1.45399999999995
0.258893280632411	14.846
0.25098814229249	9.41800000000001
0.0158102766798419	19.233
0.241106719367589	17.163
0.0237154150197628	13.134
0.650197628458498	9.65899999999999
0.476284584980237	0.94599999999997
0.472332015810277	0.694000000000017
0.318181818181818	15.323
0.316205533596838	3.03399999999999
0.0513833992094862	13.836
0.0454545454545455	5.43100000000004
0.0237154150197628	8.25799999999992
0.00395256916996047	7.44500000000005
0.306324110671937	2.50599999999997
0.648221343873518	18.046
0.50395256916996	10.735
0.729249011857708	12.299
0.709486166007905	12.107
0.292490118577075	8.202
0.302371541501976	1.75
0.302371541501976	13.635
0.154150197628458	9.28700000000003
1	11.4031
0.99802371541502	3.5166
0.00197628458498024	5.8313
0.687747035573123	0.615000000000009
0.685770750988142	0.545999999999992
0.683794466403162	2.08500000000001
0.681818181818182	0.622000000000014
0.697628458498024	5.29400000000004
0.294466403162055	7.71099999999996
0.280632411067194	0.669999999999959
0.270750988142292	10.51
0.507905138339921	17.746
0.132411067193676	12.193
0.128458498023715	10.18
0.00197628458498024	3.315
0.0138339920948617	14.889
0.592885375494071	9.17900000000003
0.179841897233202	4.125
0.322134387351779	14.46
0.646245059288538	0.541000000000054
0.555335968379447	19.4029999999999
0.573122529644269	0.198000000000093
0.571146245059289	4.154
0.557312252964427	0.163999999999987
0.0138339920948617	6.78099999999995
0.209486166007905	14.197
0.00197628458498024	0.266999999999939
0.211462450592885	18.432
0.211462450592885	0.375
0.721343873517787	2.077
0.721343873517787	0.500999999999976
0.713438735177866	10.957
0.525691699604743	1.572
0.231225296442688	18.4000000000001
0.217391304347826	7.37599999999998
0.227272727272727	0.894999999999982
0.225296442687747	4.38800000000003
0.0217391304347826	10.617
0.00197628458498024	0.548000000000002
0.992094861660079	17.203
0.377470355731225	6.59399999999999
0.371541501976285	0.186999999999955
0.00197628458498024	16.221
0.420948616600791	4.87800000000004
0.41501976284585	15.044
0.258893280632411	2.38999999999999
0.219367588932806	4.37800000000004
0.217391304347826	4.64400000000001
0.0711462450592885	2.80899999999997
0.0691699604743083	10.167
0.00395256916996047	11.595
0.00197628458498024	8.798
0.745059288537549	0.394999999999982
0.741106719367589	0.905999999999949
0.25296442687747	14.0060000000001
0.25098814229249	4.59899999999993
0.24901185770751	13.513
0.695652173913043	14.9630000000001
0.75098814229249	4.38299999999992
0.533596837944664	5.03000000000009
0.0256916996047431	7.50999999999999
1	0.399000000000001
0.99802371541502	0
0.99604743083004	0.293000000000006
0.994071146245059	4.64799999999997
0.992094861660079	8.721
0.883399209486166	1.49000000000001
0.511857707509881	3.08499999999998
0.375494071146245	6.76599999999996
0.349802371541502	7.67599999999993
0.292490118577075	17.692
0.41699604743083	0.75
0.474308300395257	2.99099999999999
0.116600790513834	3.84400000000005
0.118577075098814	1.51999999999998
0.140316205533597	6.64200000000005
0.00197628458498024	4.096
0.00197628458498024	1.22699999999998
0.741106719367589	19.13
0.486166007905138	1.36900000000003
0.616600790513834	2.11299999999994
0.74901185770751	0.0490000000000919
0.49604743083004	3.56699999999989
0.50197628458498	8.452
0.50197628458498	8.60500000000002
0.565217391304348	1.12100000000009
0.796442687747036	4.92899999999997
0.99802371541502	1.1935
0.994071146245059	9.99999999962142e-05
0.994071146245059	3.081
0.990118577075099	13.3325
0.855731225296443	8.404
0.930830039525692	0.355999999999995
0.934782608695652	0.411000000000001
0.932806324110672	1.429
0.632411067193676	0
0.507905138339921	7.83500000000001
0.0375494071146245	13.473
0.0355731225296443	2.22399999999999
0.00395256916996047	3.084
0.482213438735178	0.10899999999998
0.468379446640316	0.285000000000025
0.466403162055336	2.67099999999999
0.462450592885375	9.47800000000001
0.142292490118577	3.142
0.328063241106719	19.97
0.177865612648221	14.1809999999999
0.171936758893281	12.169
0.162055335968379	5.90200000000004
0.16600790513834	4.31200000000001
0.00790513833992095	0.725000000000023
0.0632411067193676	15.6089999999999
0.25296442687747	5.92699999999991
0.215415019762846	0.710000000000036
0.318181818181818	0.552000000000021
0.488142292490119	2.21600000000001
0.622529644268775	15.954
0.0177865612648221	18.3560000000001
0.0158102766798419	18.9889999999999
0.16798418972332	6.07900000000006
1	18.2873
0.992094861660079	0.427900000000008
0.855731225296443	9.81300000000002
0.940711462450593	0.915999999999997
0.632411067193676	0
0.630434782608696	11.496
0.0612648221343874	5.49799999999999
0.0395256916996047	8.84300000000002
0.00790513833992095	7.721
0.0177865612648221	11.22
0.00197628458498024	0.341999999999985
0.464426877470356	0.173999999999978
0.318181818181818	0.113
0.316205533596838	0.369000000000028
0.16600790513834	3.334
0.00395256916996047	13.426
0.345849802371542	9.66600000000005
0.345849802371542	9.53899999999999
0.351778656126482	9.04999999999995
0.351778656126482	6.74000000000001
0.0968379446640316	4.19000000000005
0.00395256916996047	14.351
0.00395256916996047	10.8629999999999
0.225296442687747	14.875
0.320158102766798	8.58399999999995
0.318181818181818	0.108000000000061
0.316205533596838	5.78999999999996
0.626482213438735	5.24900000000002
0.347826086956522	10.9879999999999
0.00395256916996047	3.56900000000007
0.258893280632411	0.920999999999935
0.260869565217391	2.49200000000008
0.992094861660079	4.6832
0.988142292490119	14.1436
0.658102766798419	4.101
0.642292490118577	18.866
0.201581027667984	1.42699999999999
0.519762845849802	13.158
0.0177865612648221	8.71200000000002
0.0138339920948617	12.905
0.397233201581028	5.07600000000002
0.484189723320158	1.35699999999997
0.488142292490119	0.468000000000018
0.478260869565217	3.072
0.883399209486166	16.429
0.515810276679842	17.298
0.897233201581028	3.18799999999999
0.33399209486166	6.87
0.00592885375494071	1.291
0.326086956521739	17.406
0.324110671936759	16.4209999999999
0.539525691699605	1.03100000000006
0.00395256916996047	2.55200000000002
0.00395256916996047	15.947
0.519762845849802	1.60899999999992
0.535573122529644	1.46699999999998
0.535573122529644	2.78000000000009
0.383399209486166	2.94599999999991
0.357707509881423	3.45500000000004
0.0197628458498024	0.75
0.00395256916996047	1.97199999999998
0.656126482213439	18.561
0.671936758893281	4.18999999999994
0.00197628458498024	6.303
0.711462450592885	0.298000000000002
0.622529644268775	1.67499999999995
0.729249011857708	17.1560000000001
0.00395256916996047	1.27999999999997
0.994071146245059	3.55520000000001
0.990118577075099	0.443200000000004
0.988142292490119	1.154
0.662055335968379	4.83800000000001
0.430830039525692	6.18400000000003
0.426877470355731	4.27600000000001
0.420948616600791	5.15299999999999
0.0138339920948617	10.134
0.0138339920948617	10.506
0.424901185770751	0.124000000000024
0.909090909090909	19.932
0.91304347826087	4.89599999999996
0.883399209486166	5.041
0.209486166007905	3.62400000000002
0.033596837944664	3.30599999999998
0.0158102766798419	1.637
0.0138339920948617	5.36000000000001
0.00988142292490119	17.608
0.00395256916996047	7.64499999999998
0.0177865612648221	15.585
0.215415019762846	18.903
0.409090909090909	2.78800000000001
0.266798418972332	3.55799999999999
0.258893280632411	5.01400000000001
0.00395256916996047	8.36599999999999
0.00197628458498024	6.84199999999998
0.375494071146245	14.995
0.357707509881423	10.832
0.225296442687747	3.827
0.203557312252964	0.315000000000055
0.189723320158103	3.74599999999998
0.160079051383399	15.025
0.717391304347826	12.643
0.0948616600790514	0.687000000000012
0.0256916996047431	10.936
0.0217391304347826	8.58600000000001
1	12.4724
0.99802371541502	4.0945
0.397233201581028	15.578
0.393280632411067	1.63900000000001
0.399209486166008	1.483
0.1699604743083	5.97999999999999
0.16798418972332	7.11600000000001
0.150197628458498	17.512
0.124505928853755	2.71199999999999
0.124505928853755	1.75599999999997
0.00197628458498024	9.577
0.385375494071146	5.87800000000004
0.389328063241107	2.52799999999996
0.391304347826087	3.99000000000001
0.379446640316206	18.516
0.0632411067193676	9.178
0.041501976284585	1.298
0.00197628458498024	9.31900000000002
0.00988142292490119	2.56999999999999
0.00790513833992095	16.579
0.00395256916996047	8.86000000000001
0.790513833992095	9.90800000000002
0.49802371541502	4.11799999999994
0.108695652173913	2.66800000000001
0.00197628458498024	4.43900000000008
0.106719367588933	18.4639999999999
0.422924901185771	1.88600000000008
0.365612648221344	4.96799999999996
0.405138339920949	3.87199999999996
0.0494071146245059	10.8829999999999
0.00197628458498024	9.37
0.458498023715415	0.00999999999999091
0.464426877470356	12.2570000000001
0.519762845849802	15.571
0.58300395256917	0.0519999999999925
0.58102766798419	2.04900000000001
0.58498023715415	4.18799999999999
0.300395256916996	14.011
0.488142292490119	3.465
0.116600790513834	2.73200000000003
0.118577075098814	6.524
0.403162055335968	19.994
0.0256916996047431	18.529
0.0138339920948617	6.70400000000001
0.322134387351779	6.05799999999999
0.375494071146245	0.29200000000003
0.824110671936759	6.80399999999997
0.83596837944664	9.096
0.545454545454545	0.171000000000049
0.545454545454545	2.78800000000001
0.822134387351779	5.30499999999995
0.770750988142292	9.35900000000004
0.294466403162055	5.46299999999997
0.282608695652174	6.351
0.294466403162055	18.4060000000001
0.3300395256917	9.68799999999999
0.326086956521739	5.92099999999994
0.816205533596838	0.935000000000059
0.405138339920949	2.94299999999998
0.563241106719368	5.98900000000003
0.0928853754940712	2.66599999999994
0.102766798418972	4.38999999999999
0.0395256916996047	3.30100000000004
0.0118577075098814	3.70399999999995
0.00592885375494071	12.096
0.432806324110672	9.15700000000001
0.430830039525692	8.49100000000001
0.701581027667984	6.548
0.697628458498024	0.421999999999997
0.703557312252964	1.71499999999997
0.930830039525692	9.94600000000003
0.00395256916996047	7.50700000000001
0.345849802371542	15.25
0.523715415019763	11.368
0.818181818181818	0.366000000000042
0.355731225296443	3.29199999999997
0.357707509881423	1.74200000000002
0.363636363636364	3.75
0.353754940711462	2.67399999999998
0.312252964426877	6.46400000000006
0.304347826086957	16.5039999999999
0.636363636363636	2.0329999999999
0.644268774703557	16.768
0.679841897233202	1.48400000000004
0.171936758893281	5.61900000000003
0.00197628458498024	4.52799999999991
0.0138339920948617	11.999
0.00197628458498024	4.77800000000002
0.0316205533596838	19.956
0.00197628458498024	7.92399999999998
0.00592885375494071	18.654
0.00395256916996047	19.88
0.679841897233202	3.07800000000009
0.679841897233202	0.00199999999995271
0.774703557312253	0.706000000000017
0.772727272727273	0.780999999999949
1	14.2014
0.99802371541502	0.178200000000004
0.994071146245059	0.0200999999999993
0.561264822134387	2.55199999999999
0.58300395256917	0.524000000000001
0.579051383399209	5.869
0.326086956521739	12.845
0.705533596837945	5.999
0.703557312252964	7.637
0.930830039525692	6.767
0.644268774703557	18.51
0.604743083003953	4.82999999999998
0.347826086956522	13.965
0.326086956521739	10.874
0.527667984189723	3.79199999999997
0.379446640316206	0.248000000000047
0.379446640316206	2.61199999999997
0.383399209486166	1.79000000000002
0.460474308300395	0.0500000000000114
0.460474308300395	1.03800000000001
0.104743083003953	8.87899999999996
0.0928853754940712	3.23500000000001
0.0889328063241107	19.0170000000001
0.0889328063241107	8.76900000000001
0.0237154150197628	17.2579999999999
0.0810276679841897	13.4050000000001
0.0494071146245059	0.576000000000022
0.041501976284585	2.68499999999995
0.033596837944664	16.978
0.0118577075098814	1.96600000000001
0.00197628458498024	3.13900000000001
0.0118577075098814	7.923
0.193675889328063	0.633000000000038
0.191699604743083	0.644000000000005
0.189723320158103	10.062
0.106719367588933	5.34500000000003
0.0928853754940712	4.28700000000003
0.00395256916996047	0.26299999999992
0.00197628458498024	3.43500000000006
0.99604743083004	13.1064
0.992094861660079	0.00440000000000396
0.693675889328063	3.197
0.41304347826087	3.22800000000001
0.33399209486166	6.262
0.685770750988142	18.71
0.760869565217391	0.510999999999967
0.138339920948617	2.20300000000003
0.136363636363636	4.05500000000001
0.104743083003953	17.203
0.652173913043478	0.0640000000000214
0.648221343873518	1.64699999999999
0.650197628458498	5.95300000000003
0.654150197628458	5.23500000000001
0.507905138339921	14.119
0.507905138339921	3.697
0.387351778656126	1.08699999999999
0.361660079051383	1.24700000000007
0.381422924901186	0.115999999999985
0.213438735177866	3.53599999999994
0.239130434782609	10.432
0.284584980237154	1.76599999999996
0.341897233201581	4.649
0.337944664031621	13.782
0.557312252964427	11.833
0.00592885375494071	6.98400000000004
0.00988142292490119	5.88
0.75098814229249	1.95500000000004
0.745059288537549	1.90099999999995
0.735177865612648	10.474
0.843873517786561	18.2329999999999
1	10.6909
0.99604743083004	0.949200000000005
0.994071146245059	12.7821
0.693675889328063	1.75
0.409090909090909	0.963999999999999
0.33596837944664	1.13900000000001
0.622529644268775	7.017
0.968379446640316	15.732
0.741106719367589	4.27100000000002
0.3300395256917	10.646
0.0869565217391304	17.345
0.644268774703557	4.64600000000002
0.033596837944664	0.45799999999997
0.0316205533596838	3.26299999999998
0.0256916996047431	15.745
0.00395256916996047	10.981
0.00988142292490119	16.313
0.00197628458498024	8.96999999999991
0.292490118577075	6.63300000000004
0.290513833992095	4.94900000000007
0.278656126482213	0.420999999999935
0.701581027667984	18.644
0.711462450592885	7.053
0.235177865612648	14.503
0.227272727272727	11.0509999999999
0.225296442687747	9.50600000000009
0.539525691699605	0.52699999999993
0.351778656126482	1.60200000000009
0.355731225296443	0.000999999999976353
0.590909090909091	1.505
0.739130434782609	3.17099999999994
0.737154150197628	15.5010000000001
0.737154150197628	1.00799999999992
0.00395256916996047	8.37700000000007
0.00197628458498024	3.84799999999996
0.533596837944664	3.91100000000006
0.863636363636364	1.7296
0.654150197628458	10.399
0.638339920948617	4.82499999999999
0.630434782608696	3.28
0.507905138339921	9.44800000000001
0.00197628458498024	17.935
0.00395256916996047	3.83500000000001
0.0118577075098814	15.748
0.375494071146245	7.76499999999999
0.112648221343874	18.793
0.00197628458498024	2.346
0.0849802371541502	17.123
0.041501976284585	12.94
0.0474308300395257	16.096
0.0138339920948617	8.08099999999996
0.00988142292490119	7.66000000000003
0.0118577075098814	9.15999999999997
0	0
0.00395256916996047	12.39
0.00197628458498024	6.00600000000009
0.865612648221344	14.106
0.863636363636364	0.273000000000025
0.861660079051383	0.00499999999999545
0.857707509881423	1.71399999999994
0.855731225296443	11.648
0.847826086956522	5.15100000000007
0.517786561264822	2.91899999999998
0.527667984189723	3.97399999999993
0.274703557312253	18.635
0.466403162055336	0.913000000000011
0.626482213438735	2.5440000000001
0.00197628458498024	10.4509999999999
0.00395256916996047	19.8200000000001
0.00197628458498024	9.726
0.865612648221344	5.5197
0.863636363636364	14.3568
0.859683794466403	1.30489999999999
0.857707509881423	14.424
0.492094861660079	0.503999999999991
0.509881422924901	7.68200000000002
0.507905138339921	2.30199999999999
0.310276679841897	4.70500000000001
0.290513833992095	19.026
0.286561264822134	0.000999999999976353
0.549407114624506	19.391
0.1699604743083	15.45
0.128458498023715	8.73000000000002
0.0553359683794466	9.00999999999999
0.175889328063241	6.05799999999999
0.0553359683794466	0.999000000000024
0.00988142292490119	0.902999999999963
0.00790513833992095	6.11400000000003
0.00592885375494071	0.189000000000078
0.00395256916996047	7.02800000000002
0.00197628458498024	3.61799999999994
0.00197628458498024	15.866
0.0513833992094862	18.8290000000001
0.033596837944664	0
0.00790513833992095	9.101
0.00592885375494071	3.26799999999992
0.622529644268775	2.12700000000007
0.691699604743083	17.725
0.741106719367589	1.21199999999999
0.745059288537549	4.21199999999999
0.00592885375494071	10.105
0.91699604743083	12.935
0.909090909090909	1.83500000000001
0.901185770750988	15.363
0.403162055335968	3.785
0.677865612648221	0.36699999999999
0.658102766798419	10.554
0.409090909090909	8.005
0.367588932806324	0.160000000000025
0.373517786561265	3.31299999999999
0.373517786561265	2.70799999999997
0.0988142292490119	11.403
0.385375494071146	4.13999999999999
0.381422924901186	10.392
0.00197628458498024	14.18
0.0474308300395257	14.727
0.00197628458498024	19.164
0.0434782608695652	16.8460000000001
0.00197628458498024	10.413
0.00988142292490119	2.0329999999999
0.00592885375494071	9.45600000000002
0.650197628458498	0.629999999999995
0.822134387351779	10.139
0.598814229249012	0.694000000000074
0.614624505928854	0.67999999999995
0.50395256916996	0.120999999999981
0.632411067193676	0
0.614624505928854	0.366000000000099
0.604743083003953	0.0709999999999127
0.561264822134387	1.86000000000001
0.00395256916996047	2.404
0.0118577075098814	14.447
0.00197628458498024	0.0339999999999918
0.00197628458498024	3.08800000000008
0.598814229249012	9.45999999999992
0.383399209486166	10.919
1	10.7519
0.91699604743083	0.153000000000006
0.00197628458498024	0.61099999999999
0.911067193675889	8.51500000000001
0.468379446640316	16.54
0.288537549407115	2.43199999999999
0.258893280632411	6.06
0.25098814229249	10.285
0.513833992094862	3.55200000000002
0.00395256916996047	7.30899999999997
0.140316205533597	18.626
0.00395256916996047	6.98400000000004
0.146245059288538	1.78499999999997
0.144268774703557	11.182
0.00197628458498024	12.227
0.300395256916996	3.05200000000002
0.298418972332016	5.28499999999997
0.296442687747036	4.52300000000002
0.00790513833992095	4.29600000000005
0.104743083003953	7.38199999999995
0.0928853754940712	7.10500000000002
0.08300395256917	11.523
0.0118577075098814	9.8309999999999
0.00197628458498024	5.91000000000008
0.0355731225296443	14.204
0.112648221343874	16.444
0.610671936758893	14.671
0.00197628458498024	8.26199999999994
0.288537549407115	14.516
0.274703557312253	7.81499999999994
0.488142292490119	0.937000000000012
0.604743083003953	0.660999999999945
0.598814229249012	1.40200000000004
0.604743083003953	5.46500000000003
0.588932806324111	1.66899999999998
1	9.3202
0.205533596837945	3.3082
0.203557312252964	6.4087
0.982213438735178	8.17999999999999
0.452569169960474	4.464
0.0909090909090909	3.304
0.517786561264822	1.249
0.513833992094862	1.12200000000001
0.507905138339921	0.586999999999989
0.482213438735178	0.0989999999999895
0.804347826086957	11.523
0.401185770750988	1.00900000000001
0.395256916996047	7.31999999999999
0.377470355731225	1.846
0.66403162055336	1.52199999999999
0.282608695652174	10.879
0.116600790513834	13.399
0.120553359683794	3.29200000000003
0.0237154150197628	2.99699999999996
0.00197628458498024	9.05399999999997
0.108695652173913	13.951
0.102766798418972	5.10699999999997
0.211462450592885	11.3200000000001
0.213438735177866	16.592
0.142292490118577	12.876
0.397233201581028	1.53000000000009
0.357707509881423	4.154
0.351778656126482	9.34199999999998
0.432806324110672	2.60000000000002
0.575098814229249	0.509999999999991
0.58102766798419	6.024
0.33596837944664	0.530999999999949
0.308300395256917	2.44299999999998
0.50197628458498	2.50500000000011
0.225296442687747	8.3599999999999
0.225296442687747	9.73000000000002
0.223320158102767	19.7760000000001
0.211462450592885	14.978
0.784584980237154	0.619500000000002
0.782608695652174	3.879
0.978260869565217	1.9764
0.984189723320158	6.63500000000001
0.450592885375494	11.667
0.519762845849802	2.03100000000001
0.8300395256917	0.20999999999998
0.820158102766798	0.113999999999976
0.802371541501976	1.60300000000001
0.399209486166008	2.12600000000003
0.381422924901186	0
0.381422924901186	2.79000000000002
0.66403162055336	17.582
0.221343873517787	8.89699999999999
0.0968379446640316	6.685
0.00790513833992095	5.65200000000004
0.50395256916996	12.0020000000001
0.50197628458498	2.68899999999996
0.505928853754941	3.58400000000006
0.594861660079051	3.95799999999997
0.594861660079051	3.22400000000005
0.341897233201581	11.549
0.00197628458498024	4.93700000000001
0.379446640316206	14.075
0.701581027667984	0.976999999999975
0.705533596837945	0.22199999999998
0.286561264822134	1.16200000000003
0.00197628458498024	1.26499999999999
0.195652173913043	8.38999999999999
0.49604743083004	4.58400000000006
0.16600790513834	7.53599999999994
0.804347826086957	0.518199999999993
0.802371541501976	0.688000000000002
0.800395256916996	0.2637
0.796442687747036	0.277000000000001
0.630434782608696	1.74299999999999
0.624505928853755	15.395
0.592885375494071	4.54599999999999
0.798418972332016	4.63200000000001
0.966403162055336	4.39500000000001
0.885375494071146	12.909
0.195652173913043	4.98099999999999
0.00197628458498024	8.739
0.0158102766798419	15.562
0.00592885375494071	9.57799999999997
0.00197628458498024	5.31200000000001
0.108695652173913	13.703
0.0790513833992095	8.048
0.00790513833992095	7.834
0.387351778656126	15.002
0.699604743083004	0.33299999999997
0.608695652173913	13.401
0.822134387351779	2.1160000000001
0.00988142292490119	9.65999999999997
0.397233201581028	2.06799999999998
0.397233201581028	0.33299999999997
0.395256916996047	2.87800000000004
0.426877470355731	18.6079999999999
0.217391304347826	7.2650000000001
0.00197628458498024	10.0599999999999
0.00395256916996047	12.3340000000001
0.00790513833992095	0.00299999999992906
0.00197628458498024	4.548
0.0217391304347826	16.633
0.424901185770751	2.11099999999999
0.00197628458498024	19.598
1	1.6345
0.00197628458498024	2.1328
0.802371541501976	18.7066
0.794466403162055	0.63300000000001
0.628458498023715	12.442
0.608695652173913	0.769999999999982
0.812252964426877	4.80199999999999
0.960474308300395	7.61600000000001
0.41699604743083	6.452
0.00988142292490119	7.00399999999999
0.529644268774704	3.57499999999999
0.600790513833992	1.24199999999996
0.828063241106719	0.647000000000048
0.636363636363636	1.68900000000002
0.652173913043478	9.24799999999999
0.393280632411067	17.792
0.00592885375494071	0.347999999999956
0.604743083003953	2.01900000000001
0.513833992094862	1.23099999999999
0.146245059288538	12.527
0.144268774703557	5.34399999999994
0.442687747035573	14.375
0.286561264822134	10.22
0.278656126482213	7.78399999999999
0.00790513833992095	17.11
0.00790513833992095	19.927
0.0770750988142292	0.236999999999966
0.0731225296442688	19.62
0.00197628458498024	8.58900000000006
0.00592885375494071	0.668999999999983
0.00197628458498024	5.35699999999997
0.00197628458498024	12.524
0.968379446640316	9.83699999999999
0.00592885375494071	11.447
0.00197628458498024	9.87899999999999
0.594861660079051	3.15699999999998
0.571146245059289	0.64100000000002
0.922924901185771	11.654
0.820158102766798	3.584
0.345849802371542	15.402
0.132411067193676	6.81999999999999
0.00395256916996047	12.616
0.0869565217391304	16.8469999999999
0.0849802371541502	1.55700000000002
0.033596837944664	0.0879999999999654
0.0256916996047431	0.000999999999976353
0.324110671936759	1.375
0.0296442687747036	2.90300000000002
0.00197628458498024	3.86199999999997
0.456521739130435	0.599000000000046
0.448616600790514	2.55599999999993
0.365612648221344	18.1320000000001
0.41304347826087	2.63400000000001
0.0671936758893281	2.96499999999992
0.0592885375494071	5.59900000000005
0.0573122529644269	18.127
0.00790513833992095	12.378
0.177865612648221	7.18700000000001
0.171936758893281	12.4880000000001
0.713438735177866	1.11299999999994
0.711462450592885	19.304
0.58102766798419	19.067
1	0.0880000000000081
0.99802371541502	0.0879999999999939
0.99604743083004	0.114000000000004
0.994071146245059	1.21700000000001
0.948616600790514	13.477
0.948616600790514	0.26400000000001
0.946640316205534	1.39000000000001
0.345849802371542	0.120999999999981
0.341897233201581	8.68700000000001
0.341897233201581	5.08699999999999
0.0138339920948617	12.946
0.341897233201581	5.17200000000003
0.345849802371542	11.076
0.306324110671937	0.049000000000035
0.110671936758893	8.90499999999997
0.328063241106719	1.31400000000002
0.324110671936759	11.011
0.326086956521739	13.173
0.49802371541502	1.06799999999998
0.49604743083004	4.80399999999997
0.484189723320158	0
0.482213438735178	1.46100000000001
0.0355731225296443	8.14599999999996
0.318181818181818	10.825
0.0118577075098814	7.46899999999994
0.0118577075098814	16.88
0.357707509881423	19.702
0.33399209486166	5.46000000000004
0.33399209486166	1.83500000000004
0.33399209486166	8.77999999999997
0.800395256916996	3.54999999999995
0.215415019762846	16.878
0.622529644268775	4.10299999999995
0.622529644268775	10.571
0.790513833992095	0.329000000000065
0.0711462450592885	5.75399999999991
0.00790513833992095	8.13600000000008
0.99604743083004	0.660499999999999
0.960474308300395	4.7319
0.958498023715415	4.13200000000001
0.721343873517787	8.202
0.713438735177866	5.36000000000001
0.0158102766798419	10.473
0.00988142292490119	19.724
0.264822134387352	12.153
0.66600790513834	0.462000000000046
0.00395256916996047	7.12699999999995
0.00790513833992095	7.988
0.00197628458498024	3.35300000000001
0.239130434782609	4.20699999999999
0.235177865612648	12.837
0.171936758893281	8.88499999999999
0.160079051383399	4.88400000000001
0.0158102766798419	9.25
0.0138339920948617	3.37699999999995
0.00395256916996047	14.616
0.715415019762846	0.0110000000000809
0.326086956521739	3.61699999999996
0.318181818181818	5.17200000000003
0.33201581027668	2.13599999999997
0.144268774703557	10.043
0.201581027667984	4.84299999999996
0.209486166007905	5.87600000000009
0.142292490118577	7.40699999999993
0.132411067193676	3.67400000000009
0.00790513833992095	13.693
0.478260869565217	15.553
0.296442687747036	1.14800000000002
1	3.30410000000001
0.99802371541502	2.6597
0.99604743083004	4.10939999999999
0.0158102766798419	12.624
0.00197628458498024	5.44200000000001
0.695652173913043	0.000999999999976353
0.709486166007905	1.74600000000001
0.956521739130435	7.02699999999999
0.33399209486166	15.245
0.588932806324111	18.177
0.306324110671937	4.43799999999999
0.290513833992095	17.269
0.266798418972332	1.67399999999998
0.814229249011858	1.17200000000003
0.241106719367589	14.769
0.00197628458498024	0.760999999999967
0.171936758893281	19.313
0.725296442687747	10.669
0.723320158102767	12.1890000000001
0.389328063241107	0.0769999999999982
0.389328063241107	4.50900000000001
0.361660079051383	0
0.0513833992094862	5.82099999999991
0.00197628458498024	4.53800000000001
0.126482213438735	2.94900000000007
0.122529644268775	6.63400000000001
0.120553359683794	14.611
0.00197628458498024	2.577
0.00790513833992095	17.511
0.262845849802372	14.197
0.173913043478261	19.194
0.735177865612648	12.026
0.173913043478261	14.581
1	13.632
0.99802371541502	3.4526
0.992094861660079	3.98379999999999
0.988142292490119	8.961
0.205533596837945	2.30799999999999
0.197628458498024	5.75399999999999
0.887351778656126	10.907
0.867588932806324	4.35399999999998
0.616600790513834	0
0.853754940711462	9.73399999999998
0.855731225296443	2.30500000000001
0.256916996047431	9.40100000000001
0.148221343873518	10.3049999999999
0.130434782608696	9.55899999999997
0.128458498023715	9.012
0.0177865612648221	11.012
0.00197628458498024	1.19400000000002
0.50197628458498	18.583
0.537549407114625	9.4849999999999
0.535573122529644	0.881000000000085
0.533596837944664	14.1569999999999
0.00790513833992095	1.61400000000003
0.00395256916996047	10.745
0.00197628458498024	3.13499999999999
0.00790513833992095	7.96500000000003
0.0138339920948617	14.175
0.00197628458498024	1.01400000000001
0.00592885375494071	14.184
0.00197628458498024	17.287
0.00395256916996047	15.6049999999999
0.00988142292490119	7.11300000000006
0.992094861660079	12.0845
0.774703557312253	2.379
0.772727272727273	7.11500000000001
0.768774703557312	7.51500000000001
0.00790513833992095	7.846
0.0158102766798419	18.916
0.0256916996047431	19.181
0.867588932806324	5.82500000000002
0.869565217391304	9.36299999999997
0.671936758893281	0.298000000000002
0.517786561264822	0.442000000000007
0.00197628458498024	0.108000000000004
0.403162055335968	5.10599999999999
0.399209486166008	5.35500000000002
0.00988142292490119	6.18600000000004
0.00592885375494071	13.016
0.00395256916996047	10.585
0.50197628458498	4.19299999999998
0.0909090909090909	0.954000000000065
0.0849802371541502	3.62399999999991
0.0810276679841897	1.947
0.033596837944664	12.917
0.0177865612648221	4.60900000000004
0.00197628458498024	7.97500000000002
0.0138339920948617	11.87
0.00197628458498024	14.795
0.0158102766798419	17.047
0.0395256916996047	1.83999999999992
0.0276679841897233	2.03600000000006
0.0256916996047431	6.90099999999995
0.00988142292490119	10.109
0.00197628458498024	5.12699999999995
0.00988142292490119	12.553
1	0.939
0.99802371541502	4.4348
0.00197628458498024	11.0173
0.00395256916996047	11.0433
0.00197628458498024	14.778
0.988142292490119	5.017
0.776679841897233	10.394
0.731225296442688	17.141
0.764822134387352	16.28
0.843873517786561	13.176
0.972332015810277	7.68599999999998
0.681818181818182	5.726
0.411067193675889	6.61099999999999
0.286561264822134	13.033
0.284584980237154	0.19500000000005
0.146245059288538	8.76700000000005
0.0177865612648221	6.899
0.134387351778656	2.98699999999997
0.130434782608696	9.10900000000004
0.00592885375494071	2.69500000000005
0.00395256916996047	2.40699999999993
0.00395256916996047	15.0310000000001
0.484189723320158	16.7379999999999
0.820158102766798	3.64499999999998
0.58300395256917	10.922
0.575098814229249	6.31600000000003
0.173913043478261	6.28099999999995
0.160079051383399	8.74800000000005
0.160079051383399	0.725000000000023
0.160079051383399	1.10799999999995
0.158102766798419	6.28100000000006
0.154150197628458	16.1959999999999
0.146245059288538	8.94400000000007
0.00197628458498024	11.962
0.990118577075099	18.964
0.778656126482213	4.33300000000003
0.978260869565217	0.0579999999999927
0.970355731225296	3.483
0.968379446640316	15.518
0.286561264822134	13.368
0.409090909090909	2.92099999999999
0.393280632411067	18.22
0.407114624505929	1.65499999999997
0.395256916996047	16.604
0.00395256916996047	12.634
0.0810276679841897	19.784
0.075098814229249	11.308
0.369565217391304	6.24800000000005
0.33596837944664	5.702
0.00197628458498024	5.31700000000001
0.00592885375494071	8.34500000000003
0.00395256916996047	9.30799999999999
0.00592885375494071	14.804
0.00197628458498024	1.37800000000004
0.488142292490119	14.466
0.75296442687747	2.0432
0.671936758893281	0.00100000000000477
0.658102766798419	0.23299999999999
0.656126482213439	14.951
0.841897233201581	0.463999999999999
0.843873517786561	15.732
0.91304347826087	0.0820000000000221
0.936758893280632	5.589
0.446640316205534	10.246
0.33201581027668	4.42200000000003
0.122529644268775	2.483
0.120553359683794	14.569
0.122529644268775	15.221
0.0513833992094862	11.335
0.559288537549407	7.71199999999999
0.00592885375494071	5.50799999999998
0.33596837944664	0.00899999999990087
0.339920948616601	7.72200000000009
0.191699604743083	14.395
0.209486166007905	5.68099999999993
0.207509881422925	16.297
0.154150197628458	17.7330000000001
0.74901185770751	6.01400000000001
0.0731225296442688	8.89099999999996
0.229249011857708	2.19799999999998
0.00988142292490119	12.894
0.525691699604743	5.84699999999998
0.539525691699605	6.54700000000003
0.312252964426877	3.32000000000005
0.298418972332016	6.75999999999999
0.292490118577075	4.60000000000002
0.211462450592885	19.103
0.478260869565217	1.72800000000007
0.126482213438735	2.23799999999994
0.114624505928854	1.69100000000003
1	7.5843
0.75296442687747	17.0587
0.743083003952569	5.7847
0.719367588932806	1.8848
0.660079051383399	1.184
0.654150197628458	2.54399999999998
0.551383399209486	2.86600000000001
0.00395256916996047	6.39499999999998
0.00592885375494071	11.161
0.00988142292490119	10.529
0.0237154150197628	12.453
0.00197628458498024	0
0.00395256916996047	9.32100000000003
0.00197628458498024	0.61099999999999
0.00988142292490119	10.221
0.00197628458498024	9.73500000000001
0.527667984189723	11.9449999999999
0.535573122529644	3.80200000000002
0.565217391304348	17.731
0.743083003952569	16.163
0.24901185770751	1.29300000000001
0.371541501976285	14.4640000000001
0.138339920948617	10.924
0.126482213438735	18.782
0.474308300395257	0
0.541501976284585	8.10400000000004
0.312252964426877	6.64999999999998
0.298418972332016	0.331000000000017
0.00988142292490119	8.94799999999998
0.0612648221343874	18.5369999999999
0.0395256916996047	3.55399999999997
0.00197628458498024	11.172
0.00197628458498024	9.7814
0.460474308300395	7.27000000000001
0.782608695652174	1.339
0.316205533596838	3.67700000000002
0.286561264822134	1.684
0.177865612648221	1.24499999999998
0.679841897233202	8.887
0.179841897233202	12.869
0.486166007905138	19.219
0.513833992094862	4.44
0.00197628458498024	9.16899999999998
0.00988142292490119	11.639
0.152173913043478	1.90600000000001
0.130434782608696	2.80700000000002
0.124505928853755	11.407
0.118577075098814	15.868
0.227272727272727	11.604
0.0948616600790514	0.000999999999976353
0.00592885375494071	12.8630000000001
0.122529644268775	13.3969999999999
0.00790513833992095	11.139
0.126482213438735	7.11399999999992
0.588932806324111	6.65000000000009
0.00395256916996047	3.93999999999994
0.00197628458498024	14.057
0.00988142292490119	13.547
0.00592885375494071	15.52
0.00395256916996047	11.7190000000001
0.49802371541502	8.91999999999996
0.697628458498024	1.70699999999999
0.695652173913043	1.26099999999997
0.691699604743083	3.904
0.691699604743083	18.47
0.260869565217391	8.86200000000008
0.99802371541502	0.000799999999998136
0.99604743083004	16.4932
0.994071146245059	0.3857
0.521739130434783	0.00200000000000955
0.525691699604743	0.441999999999979
0.515810276679842	0.105000000000018
0.515810276679842	6.40099999999998
0.33201581027668	9.14500000000001
0.638339920948617	1.66999999999999
0.494071146245059	0.930999999999983
0.187747035573123	4.26999999999998
0.177865612648221	16.581
0.432806324110672	10.231
0.381422924901186	15.5700000000001
0.373517786561265	19.428
0.365612648221344	17.16
0.365612648221344	0.740000000000009
0.365612648221344	3.50999999999999
0.245059288537549	6.32300000000004
0.24703557312253	1.55899999999997
0.272727272727273	3.54999999999995
0.126482213438735	0
0.075098814229249	15.203
0.0494071146245059	5.94299999999998
0.486166007905138	18.802
0.00988142292490119	3.35299999999995
0.636363636363636	9.6160000000001
0.721343873517787	17.814
0.640316205533597	10.67
0.507905138339921	0.147000000000048
0.505928853754941	7.77599999999995
0.871541501976285	0.180000000000064
0.869565217391304	1.57100000000003
0.16798418972332	16.434
0.00395256916996047	9.79899999999998
0.266798418972332	10.179
1	17.8065
0.99802371541502	16.942
0.296442687747036	3.83199999999999
0.245059288537549	17.375
0.600790513833992	4.18699999999998
0.598814229249012	9.34900000000002
0.322134387351779	17.771
0.691699604743083	0.771999999999991
0.16600790513834	2.59199999999998
0.114624505928854	2.71899999999999
0.711462450592885	0.0590000000000259
0.703557312252964	11.702
0.00395256916996047	6.12
0.00197628458498024	3.59399999999999
0.00592885375494071	16.888
0.0118577075098814	14.882
0.00592885375494071	15.2370000000001
0.00395256916996047	9.55999999999995
0.711462450592885	0.950000000000045
0.541501976284585	19.188
0.75098814229249	15.537
0.511857707509881	3.59899999999993
0.517786561264822	2.52200000000005
0.695652173913043	9.52999999999997
0.347826086956522	4.00199999999995
0.00395256916996047	9.91700000000003
0.189723320158103	17.253
0.292490118577075	6.36299999999994
0.296442687747036	19.8770000000001
0.195652173913043	3.56399999999996
0.99802371541502	9.0715
0.691699604743083	6.2056
0.691699604743083	3.5244
0.689723320158103	1.682
0.946640316205534	3.958
0.944664031620553	6.37100000000001
0.33399209486166	7.58199999999999
0.320158102766798	8.12799999999999
0.316205533596838	0.0300000000000011
0.33399209486166	16.206
0.00592885375494071	15.95
0.0118577075098814	9.95799999999997
0.0138339920948617	9.50800000000004
0.58300395256917	8.44
0.58300395256917	1.911
0.58695652173913	13.757
0.588932806324111	6.476
0.58695652173913	8.512
0.341897233201581	8.28199999999998
0.00592885375494071	11.81
0.0138339920948617	14.918
0.00592885375494071	5.64600000000007
0.00395256916996047	13.386
0.00592885375494071	7.37699999999995
0.221343873517787	18.2370000000001
0.693675889328063	0.114999999999895
0.697628458498024	6.09300000000007
0.0118577075098814	0.75
0.341897233201581	13.102
0.3300395256917	12.932
0.280632411067194	3.649
0.677865612648221	18.134
0.193675889328063	10.7
0.0573122529644269	6.01799999999992
1	9.2975
0.986166007905138	0.911299999999997
0.982213438735178	0
0.982213438735178	3.166
0.768774703557312	15.843
0.66403162055336	0.903999999999996
0.116600790513834	13.217
0.00197628458498024	4.06999999999999
0.298418972332016	14.304
0.0177865612648221	9.76300000000003
0.00395256916996047	8.84899999999999
0.00197628458498024	0.136000000000024
0.0652173913043478	0.411000000000001
0.0632411067193676	6.23500000000001
0.201581027667984	8.00299999999999
0.507905138339921	1.22999999999996
0.505928853754941	4.66500000000002
0.138339920948617	3.19799999999998
0.464426877470356	7.37800000000004
0.480237154150198	5.245
0.399209486166008	2.50999999999999
0.00197628458498024	12.442
0.883399209486166	3.10399999999993
0.877470355731225	5.029
0.0276679841897233	5.8370000000001
0.0177865612648221	9.90099999999995
0.622529644268775	13.991
0.126482213438735	15.731
0.154150197628458	8.67399999999998
0.237154150197628	7.01499999999999
0.0197628458498024	11.8480000000001
0.0118577075098814	8.529
0.0671936758893281	7.31100000000004
0.0612648221343874	14.5169999999999
1	14.9653
0.99604743083004	2.263
0.982213438735178	1.79000000000001
0.978260869565217	16.598
0.397233201581028	19.282
0.547430830039526	4.19
0.624505928853755	1.17500000000001
0.626482213438735	1.07299999999998
0.622529644268775	9.51400000000001
0.420948616600791	1.00400000000002
0.41501976284585	11.012
0.00395256916996047	6.709
0	0
0.0632411067193676	9.17000000000002
0.0256916996047431	5.10599999999999
0.0691699604743083	13.817
0.0652173913043478	1.71500000000003
0.041501976284585	0.00199999999995271
0.0138339920948617	2.79600000000005
0.00197628458498024	7.86900000000003
0.0197628458498024	19.396
0.00592885375494071	10.5069999999999
0.00197628458498024	7.71600000000001
0.883399209486166	0.575000000000045
0.411067193675889	2.91599999999994
0.409090909090909	2.91100000000006
0.614624505928854	7.71899999999994
0.205533596837945	4.99300000000005
0.0138339920948617	1.21199999999999
0.0177865612648221	7.22799999999995
0.207509881422925	1.21199999999999
0.711462450592885	0.48700000000008
0.616600790513834	0.615999999999985
0.148221343873518	6.961
0.984189723320158	2.62899999999999
0.604743083003953	10.075
0.553359683794466	7.035
0.557312252964427	9.34899999999999
0.351778656126482	4.71299999999997
0.347826086956522	5.68900000000002
0.132411067193676	5.84300000000002
0.122529644268775	2.34799999999996
0.343873517786561	9.22200000000004
0.0177865612648221	7.82499999999999
0.00592885375494071	11.231
0.00395256916996047	13.859
0.711462450592885	0.191000000000031
0.8300395256917	7.005
0.8300395256917	0.428999999999974
0.83596837944664	14.129
0.772727272727273	16.633
0.594861660079051	0.759999999999991
0.83201581027668	6.41499999999996
0.828063241106719	1.28300000000002
0.828063241106719	1.68600000000004
0.310276679841897	5.13099999999997
0.00197628458498024	2.29899999999998
0.294466403162055	12.5700000000001
0.294466403162055	3.01099999999997
0.292490118577075	4.17099999999994
0.126482213438735	9.16500000000008
0.130434782608696	18.794
0.671936758893281	3.35199999999998
0.00592885375494071	8.79100000000005
0.00197628458498024	13.048
0.735177865612648	19.726
0.624505928853755	5.447
1	14.3112
0.847826086956522	5.161
0.845849802371542	0.719999999999999
0.984189723320158	5.256
0.592885375494071	5.702
0.00790513833992095	9.71899999999999
0.557312252964427	6.523
0.268774703557312	4.80000000000001
0.268774703557312	14.735
0.349802371541502	0.477999999999952
0.223320158102767	0.454000000000008
0.243083003952569	2.42500000000001
0.782608695652174	1.44200000000001
0.845849802371542	9.04599999999999
0.766798418972332	8.99299999999999
0.855731225296443	8.01499999999999
0.8300395256917	6.16499999999996
0.83596837944664	1.19900000000001
0.00197628458498024	5.30399999999997
0.00197628458498024	0.33400000000006
0.0889328063241107	3.4799999999999
0.695652173913043	9.31100000000004
0.00395256916996047	2.34100000000001
0.00197628458498024	18.645
0.0632411067193676	0.247000000000071
0.00197628458498024	4.351
0.120553359683794	2.67700000000002
0.104743083003953	11.827
0.106719367588933	4.81099999999992
0.104743083003953	5.86300000000006
0.00395256916996047	2.71799999999996
0.662055335968379	12.343
0.697628458498024	3.93200000000002
0.691699604743083	2.26400000000001
0.689723320158103	6.56000000000006
0.735177865612648	15.904
0.626482213438735	5.81399999999996
0.99604743083004	3.471
0.994071146245059	0.252200000000002
0.992094861660079	4.47199999999999
0.0197628458498024	8.1931
0.00592885375494071	14.333
0.0118577075098814	16.73
0.691699604743083	18.915
0.685770750988142	0.0139999999999816
0.691699604743083	0.0200000000000102
0.942687747035573	0.00199999999998113
0.942687747035573	1.88
0.940711462450593	2.279
0.50197628458498	0.00399999999996226
0.466403162055336	3.50200000000001
0.434782608695652	12.218
0.899209486166008	12.239
0.624505928853755	1.90300000000002
0.243083003952569	6.05099999999999
0.239130434782609	4.62299999999999
0.505928853754941	3.62300000000005
0.391304347826087	2.44799999999998
0.391304347826087	0
0.389328063241107	5.20100000000002
0.108695652173913	7.10299999999995
0.100790513833992	8.32800000000009
0.0968379446640316	8.28499999999997
0.16403162055336	6.84199999999998
0.16403162055336	11.875
0.122529644268775	12.35
0.0988142292490119	1.37599999999998
0.328063241106719	6.20299999999997
0.322134387351779	17.628
0.114624505928854	11.078
0.144268774703557	15.9930000000001
0.992094861660079	1.14109999999999
0.968379446640316	4.121
0.960474308300395	3.68600000000001
0.00395256916996047	13.191
0.00197628458498024	4.56899999999999
0.264822134387352	4.65299999999999
0.254940711462451	3.05800000000002
0.942687747035573	8.446
0.590909090909091	0
0.480237154150198	0.00200000000000955
0.472332015810277	1.37900000000002
0.610671936758893	7.95799999999997
0.628458498023715	4.81099999999998
0.189723320158103	4.31600000000003
0.733201581027668	14.061
0.08300395256917	11.279
0.505928853754941	10.321
0.490118577075099	0.486999999999966
0.488142292490119	2.17600000000004
0.486166007905138	6.43700000000001
0.482213438735178	3.28499999999997
0.482213438735178	7.49599999999998
0.480237154150198	14.2570000000001
0.278656126482213	10.217
0.278656126482213	6.20799999999997
0.122529644268775	3.98099999999999
0.112648221343874	18.351
0.235177865612648	12.551
0.0237154150197628	5.19200000000001
0.519762845849802	10.247
0.569169960474308	1.41700000000003
0.539525691699605	3.16499999999996
0.310276679841897	4.08300000000008
0.304347826086957	6.01900000000001
0.00197628458498024	2.07299999999998
0.505928853754941	0.552000000000021
1	17.2262
0.99802371541502	2.0727
0.99604743083004	3.71799999999999
0.994071146245059	5.304
0.992094861660079	0.816999999999993
0.980237154150198	17.772
0.976284584980237	0.225999999999999
0.446640316205534	0.517000000000024
0.0671936758893281	6.53999999999999
0	0.0109999999999957
0.0553359683794466	3.63
0.0474308300395257	10.967
0.0158102766798419	19.761
0.0217391304347826	17.494
0.0138339920948617	11.025
0.00197628458498024	7.286
0.0217391304347826	0.0010000000000332
0.00988142292490119	18.156
0.00197628458498024	8.99400000000003
0.00197628458498024	4.327
0.877470355731225	2.11400000000003
0.903162055335968	10.2909999999999
0.901185770750988	8.27100000000007
0.881422924901186	3.84699999999998
0.899209486166008	1.41700000000003
0.424901185770751	0.0219999999999345
0.3300395256917	8.26999999999998
0.324110671936759	10.687
0.124505928853755	4.93299999999999
0.383399209486166	19.899
0.383399209486166	5.7299999999999
0.33201581027668	2.55000000000007
0.521739130434783	17.778
0.907114624505929	5.96100000000001
0.905138339920949	1.03700000000001
0.903162055335968	18.667
0.590909090909091	4.685
0.0158102766798419	6.60599999999999
0.0158102766798419	18.859
0.00592885375494071	18.851
0.00988142292490119	13.154
0.0256916996047431	4.83000000000004
0.0118577075098814	8.78499999999997
0.91897233201581	0.000999999999976353
0.875494071146245	0.394999999999982
0.903162055335968	6.42200000000003
0.911067193675889	6.93399999999997
0.626482213438735	13.8580000000001
0.555335968379447	13.952
0.50395256916996	13.633
0.462450592885375	3.37399999999991
0.00592885375494071	6.38400000000001
0.00395256916996047	15.6310000000001
0.630434782608696	16.5519999999999
0.634387351778656	5.20100000000002
0.628458498023715	4.13200000000006
0.616600790513834	5.18899999999996
0.383399209486166	9.26200000000006
0.371541501976285	1.71699999999998
0.99604743083004	19.7591
0.555335968379447	0
0.565217391304348	17.602
0.395256916996047	1.88400000000001
0.316205533596838	19.482
0.446640316205534	16.942
0.632411067193676	12.254
0.600790513833992	3.17699999999996
0.367588932806324	8.14800000000002
0.0632411067193676	13.494
0.276679841897233	5.60200000000003
0.278656126482213	7.8309999999999
0.144268774703557	14.0740000000001
0.138339920948617	10.641
0.134387351778656	10.7180000000001
0.134387351778656	15.0269999999999
0.217391304347826	3.57600000000002
0.00988142292490119	9.00700000000006
0.00197628458498024	6.9799999999999
0.0513833992094862	0.294000000000096
0.0454545454545455	1.07099999999991
0.00395256916996047	13.9150000000001
0.171936758893281	2.01900000000001
0.124505928853755	19.929
0.171936758893281	16.485
0.154150197628458	12.703
0.0968379446640316	4.77800000000002
0.677865612648221	3.62400000000002
1	0.104300000000002
0.99802371541502	0.333800000000011
0.99604743083004	8.29060000000001
0.994071146245059	0.954999999999998
0.986166007905138	3.07599999999999
0.976284584980237	7.245
0.571146245059289	12.406
0.00790513833992095	10.679
0.00197628458498024	1.04399999999998
0.324110671936759	15.026
0.304347826086957	10.915
0.480237154150198	1.21500000000003
0.630434782608696	19.823
0.602766798418972	7.17099999999999
0.462450592885375	7.04600000000005
0.426877470355731	19.246
0.480237154150198	3.005
0.276679841897233	0.742000000000019
0.264822134387352	2.22899999999998
0.0237154150197628	12.448
0.373517786561265	11.63
0.624505928853755	1.09100000000001
0.721343873517787	4.99199999999996
0.644268774703557	0.00100000000009004
0.58498023715415	1.54099999999994
0.00395256916996047	7.31100000000004
0.0138339920948617	13.071
0.689723320158103	1.14099999999996
0.687747035573123	1.56600000000003
0.687747035573123	1.89400000000001
0.440711462450593	5.24399999999991
0.00197628458498024	4.23700000000008
0.0968379446640316	9.51099999999997
0.0928853754940712	0.361999999999966
0.0573122529644269	3.36700000000008
0.0553359683794466	1.56299999999999
0.0533596837944664	6.23599999999999
0.677865612648221	8.45899999999995
1	1.38829999999999
0.839920948616601	0.84129999999999
0.83399209486166	19.363
0.83399209486166	5.291
0.606719367588933	5.85500000000002
0.00197628458498024	6.62799999999999
0.0177865612648221	13.836
0.239130434782609	1.226
0.235177865612648	2.15300000000002
0.0217391304347826	8.964
0.717391304347826	0.932999999999993
0.715415019762846	8.20699999999999
0.685770750988142	0.564999999999998
0.687747035573123	15.984
0.183794466403162	2.98900000000003
0.116600790513834	3.33199999999999
0.00395256916996047	12.145
0.0217391304347826	16.9069999999999
0.118577075098814	19.5450000000001
0.00395256916996047	1.67599999999993
0.0513833992094862	14.1709999999999
0.00197628458498024	7.15700000000004
0.0375494071146245	18.718
0.636363636363636	14.884
0.828063241106719	2.09500000000003
0.816205533596838	0.520999999999958
0.802371541501976	14.139
0.83201581027668	0.194000000000074
0.148221343873518	2.66800000000001
0.820158102766798	9.33999999999992
0.644268774703557	0.83400000000006
0.00197628458498024	5.95399999999995
0.154150197628458	9.16
0.150197628458498	11.863
0.0237154150197628	1.27499999999998
0.0849802371541502	7.18000000000001
0.0434782608695652	10.793
0.660079051383399	9.779
0.00197628458498024	5.63200000000001
0.403162055335968	16.305
0.717391304347826	19.11
0.464426877470356	4.43200000000002
0.492094861660079	0.278999999999996
0.492094861660079	8.32499999999999
0.162055335968379	2.16999999999996
0.00790513833992095	15.412
0.00395256916996047	11.682
0.0217391304347826	7.84099999999989
0.790513833992095	1.42700000000002
0.91304347826087	13.782
0.869565217391304	0.889999999999986
0.371541501976285	16.447
0.361660079051383	4.26700000000005
0.00395256916996047	7.17899999999997
0.24703557312253	15.407
0.199604743083004	9.11000000000001
0.00395256916996047	2.71699999999998
0.820158102766798	11.2919999999999
0.808300395256917	1.70800000000008
0.83596837944664	0.578999999999951
0.679841897233202	4.33299999999997
0.818181818181818	11.354
0.00790513833992095	7.95100000000002
0.650197628458498	10.5939999999999
0.00197628458498024	8.447
0.994071146245059	6.47400000000002
0.990118577075099	4.65699999999998
0.00988142292490119	4.06099999999998
0.00395256916996047	4.69900000000001
0.810276679841897	0.727000000000032
0.559288537549407	0.234999999999957
0.567193675889328	5.202
0.531620553359684	6.07599999999996
0.828063241106719	0.625
0.944664031620553	1.70699999999999
0.932806324110672	3.30100000000004
0.00988142292490119	14.433
0.00592885375494071	19.859
0.00197628458498024	2.64099999999996
0.00197628458498024	4.59300000000007
0.00197628458498024	3.21199999999999
0.00197628458498024	0.000999999999976353
0.00197628458498024	9.13900000000001
0.41304347826087	18.4889999999999
0.401185770750988	6.9860000000001
0.571146245059289	3.98599999999999
0.347826086956522	12.4409999999999
0.612648221343874	2.79700000000003
1	19.88
0.992094861660079	3.69499999999999
0.990118577075099	0.0430000000000064
0.909090909090909	6.51600000000002
0.254940711462451	0.0470000000000255
0.219367588932806	13.033
0.792490118577075	19.441
0.808300395256917	3.82599999999996
0.519762845849802	13.9520000000001
0.557312252964427	7.51999999999998
0.529644268774704	16.871
0.826086956521739	16.371
0.873517786561265	4.95100000000002
0.873517786561265	0.145999999999958
0.946640316205534	5.24900000000002
0.930830039525692	14.744
0.721343873517787	1.79200000000003
0.594861660079051	10.1769999999999
0.598814229249012	5.18200000000002
0.592885375494071	18.465
0.703557312252964	4.67700000000002
0.701581027667984	0.205000000000041
0.899209486166008	1.91599999999994
0.468379446640316	1.36000000000001
0.468379446640316	17.2190000000001
0.464426877470356	0.97199999999998
0.458498023715415	0.955000000000041
0.454545454545455	3.452
0.282608695652174	7.31499999999994
1	7.7561
0.99802371541502	0.398499999999999
0.99604743083004	12.269
0.990118577075099	1.76500000000001
0.988142292490119	5.977
0.0316205533596838	4.815
0.0158102766798419	14.223
0.0118577075098814	0.876000000000005
0.00197628458498024	3.75999999999999
0.00197628458498024	1.81999999999999
0.0118577075098814	13.992
0.614624505928854	8.88900000000001
0.177865612648221	4.80099999999999
0.818181818181818	1.80500000000001
0.120553359683794	13.926
0.112648221343874	3.42099999999999
0.00395256916996047	13.645
0.0118577075098814	13.8059999999999
0.00988142292490119	11.8889999999999
0.460474308300395	16.1030000000001
0.462450592885375	4.37599999999998
0.456521739130435	2.96299999999997
0.434782608695652	2.45999999999992
0.430830039525692	2.846
0.140316205533597	0.40300000000002
0.808300395256917	7.79700000000003
0.804347826086957	7.50800000000004
0.0118577075098814	19.8399999999999
0.00592885375494071	11.1070000000001
0.0177865612648221	7.98699999999997
0.798418972332016	7.399
0.792490118577075	0.00999999999999091
0.922924901185771	15.11
0.926877470355731	7.56900000000002
0.924901185770751	7.91699999999997
0.745059288537549	7.51100000000002
0.774703557312253	0.377999999999986
0.772727272727273	1.339
0.770750988142292	8.173
0.952569169960474	17.647
0.134387351778656	2.95299999999997
0.0513833992094862	11.96
0.140316205533597	9.22800000000001
0.132411067193676	8.50699999999995
0.438735177865613	6.08199999999999
0.0138339920948617	15.6950000000001
0.432806324110672	18.621
0.460474308300395	13.136
0.456521739130435	0.826999999999998
0.436758893280632	6.28600000000006
0.438735177865613	0.934999999999945
0.434782608695652	9.81000000000006
0.873517786561265	0.954999999999927
0.0197628458498024	9.71800000000007
0.0256916996047431	11.337
0.0849802371541502	7.41599999999994
0.0513833992094862	16.378
0.786561264822134	14.239
0.713438735177866	6.8264
0.707509881422925	2.6678
0.705533596837945	6.34700000000001
0.701581027667984	3.38799999999999
0.221343873517787	7.613
0.00197628458498024	3.97999999999999
0.00988142292490119	6.845
0.223320158102767	15.497
0.00988142292490119	7.03799999999998
0.389328063241107	3.86799999999999
0.383399209486166	14.971
0.365612648221344	0.0180000000000291
0.00592885375494071	0.558999999999969
0.00395256916996047	1.83500000000004
0.780632411067194	15.262
0.897233201581028	0.491999999999962
0.389328063241107	7.94100000000003
0.102766798418972	4.517
0.108695652173913	0.0040000000000191
0.00988142292490119	3.35000000000002
0.0355731225296443	17.053
0.0158102766798419	0.619000000000028
0.612648221343874	9.39400000000001
0.614624505928854	11.975
0.798418972332016	8.43099999999993
0.735177865612648	8.84000000000003
0.312252964426877	0.353000000000065
0.286561264822134	16.7579999999999
0.304347826086957	5.28000000000009
0.298418972332016	5.95399999999995
0.300395256916996	7.98500000000001
0.00790513833992095	7.86300000000006
0.302371541501976	2.37599999999998
0.302371541501976	13.875
0.16600790513834	6.30100000000004
0.709486166007905	0.648700000000005
0.705533596837945	5.1769
0.701581027667984	6.574
0.306324110671937	5.871
0.286561264822134	3.28
0.0138339920948617	7.82599999999999
0.00988142292490119	12.944
0.385375494071146	0
0.383399209486166	2.95099999999996
0.0592885375494071	13.346
0.594861660079051	16.531
0.780632411067194	0.177999999999997
0.573122529644269	2.41399999999999
0.772727272727273	3.30900000000003
0.891304347826087	2.52799999999996
0.895256916996047	2.22300000000001
0.24901185770751	14.714
0.24703557312253	1.70899999999995
0.25296442687747	3.98199999999997
0.00395256916996047	2.44600000000003
0.00197628458498024	5.73000000000002
0.189723320158103	3.81600000000003
0.741106719367589	1.274
0.733201581027668	1.32600000000002
0.733201581027668	5.73599999999999
0.438735177865613	15.87
0.438735177865613	0.04200000000003
0.537549407114625	1.73000000000002
0.229249011857708	8.70799999999997
0.00197628458498024	5.88999999999999
0.314229249011858	0.701999999999998
0.0256916996047431	6.28700000000003
0.00592885375494071	10.2049999999999
0.00197628458498024	14.5930000000001
1	19.589
0.99802371541502	2.71899999999999
0.99604743083004	1.374
0.00197628458498024	7.15799999999999
0.960474308300395	0.0029999999999859
0.946640316205534	13.975
0.942687747035573	0.665999999999997
0.91897233201581	3.41699999999997
0.942687747035573	6.58300000000003
0.940711462450593	2.072
0.762845849802372	0.728999999999985
0.948616600790514	1.33500000000004
0.940711462450593	2.73400000000004
0.926877470355731	9.50599999999997
0.934782608695652	5.11800000000005
0.203557312252964	12.682
0.203557312252964	0.871999999999957
0.191699604743083	0.385999999999967
0.00988142292490119	12.307
0.00790513833992095	16.5409999999999
0.0217391304347826	16.597
0.00197628458498024	11.135
0.00395256916996047	19.1940000000001
0.701581027667984	0.749000000000024
0.788537549407115	8.45399999999995
0.770750988142292	5.33300000000008
0.853754940711462	5.41300000000001
0.859683794466403	5.76799999999992
0.990118577075099	12.032
0.988142292490119	1.65600000000001
0.855731225296443	4.40499999999997
0.851778656126482	10.016
0.847826086956522	4.74099999999999
0.966403162055336	0.543000000000006
0.964426877470356	2.76999999999998
0.946640316205534	6.31999999999999
0.942687747035573	11.883
0.944664031620553	4.89799999999997
0.936758893280632	0
0.934782608695652	11.3680000000001
0.324110671936759	0.0169999999999391
0.203557312252964	4.12100000000009
0.622529644268775	4.27999999999997
0.00988142292490119	6.10399999999993
0.00197628458498024	17.1850000000001
0.227272727272727	19.304
0.837944664031621	0.411000000000058
0.266798418972332	4.24000000000001
0.893280632411067	2.92899999999997
0.0928853754940712	1.64999999999998
0.0138339920948617	0.242000000000075
0.853754940711462	8.98899999999992
0.00790513833992095	5.07400000000007
