0.6699604743083	0.00769999999999982
0.66600790513834	3.5446
0.662055335968379	6.401
0.389328063241107	15.588
0.290513833992095	17.957
0.879446640316206	8.14400000000001
0.616600790513834	2.85500000000002
0.620553359683794	6.16700000000003
0.316205533596838	17.377
0.523715415019763	10.355
0.191699604743083	17.815
0.361660079051383	5.10500000000002
0.359683794466403	2.94900000000007
0.171936758893281	6.61299999999994
0.430830039525692	15.941
0.715415019762846	19.136
0.262845849802372	17.313
0.58695652173913	10.234
0.367588932806324	9.59999999999991
0.466403162055336	11.2090000000001
0.16403162055336	4.93099999999993
0.146245059288538	16.49
0.66798418972332	1.42610000000001
0.66403162055336	1.4614
0.662055335968379	3.215
0.270750988142292	10.708
0.237154150197628	7.22500000000002
0.25296442687747	2.86199999999999
0.879446640316206	3.33099999999999
0.128458498023715	7.93200000000002
0.116600790513834	18.371
0.741106719367589	0.495999999999981
0.0513833992094862	18.345
0.488142292490119	16.773
0.525691699604743	17.371
0.0217391304347826	13.788
0.725296442687747	5.63299999999992
0.701581027667984	4.39799999999991
0.274703557312253	14.2620000000001
0.612648221343874	13.48
0.602766798418972	2.96600000000001
0.486166007905138	9.55799999999999
0.24703557312253	15.0500000000001
0.148221343873518	13.4
0.0731225296442688	6.923
0.0197628458498024	11.12
0.482213438735178	0.0860000000000127
0.602766798418972	7.108
0.602766798418972	12.175
0.632411067193676	8.97899999999998
0.598814229249012	3.96300000000002
0.175889328063241	9.01299999999998
0.442687747035573	6.71000000000004
0.66403162055336	17.588
0.658102766798419	17.2289999999999
0.677865612648221	0.912000000000035
0.715415019762846	6.27200000000005
0.705533596837945	5.98599999999999
0.33201581027668	8.11599999999999
0.565217391304348	18.2189999999999
0.0711462450592885	6.56299999999999
0.606719367588933	5.822
0.721343873517787	5.45699999999999
0.719367588932806	19.418
0.602766798418972	5.887
0.598814229249012	3.42099999999999
0.685770750988142	9.66699999999997
0.671936758893281	18.473
0.442687747035573	19.823
0.171936758893281	16.74
0.683794466403162	10.193
0.679841897233202	11.9870000000001
0.363636363636364	12.3149999999999
0.66600790513834	2.16600000000005
0.118577075098814	8.63999999999999
0.102766798418972	11.61
0.458498023715415	18.1369999999999
0.565217391304348	10.777
0.1699604743083	9.21799999999996
0.1699604743083	15.803
0.156126482213439	8.23500000000001
0.00592885375494071	14.644
0.00197628458498024	2.49800000000005
0.00592885375494071	18.817
0.00592885375494071	17.376
0.363636363636364	15.69
0.83399209486166	5.892
0.124505928853755	5.66
0.197628458498024	13.318
0.0889328063241107	12.278
0.148221343873518	2.09899999999999
0.00197628458498024	1.87800000000004
0.0296442687747036	18.607
0.00395256916996047	17.351
0.0197628458498024	12.173
0.436758893280632	17.427
0.922924901185771	1.56200000000001
0.920948616600791	4.53099999999995
0.274703557312253	10.273
0.288537549407115	5.50800000000004
0.717391304347826	14.355
0.138339920948617	14.6709999999999
0.00592885375494071	2.61400000000003
0.00395256916996047	2.18799999999999
0.270750988142292	2.19299999999998
0.268774703557312	4.13499999999999
0.00592885375494071	8.83100000000002
0.225296442687747	4.75999999999999
0.0928853754940712	7.40600000000006
0.0810276679841897	8.35500000000002
0.0731225296442688	3.63799999999992
0.0474308300395257	4.31400000000008
1	1.181
0.630434782608696	9.08900000000001
0.628458498023715	11.705
0.148221343873518	12.786
0.0909090909090909	7.75899999999999
0.114624505928854	12.503
0.106719367588933	10.013
0.0928853754940712	9.57100000000003
0.719367588932806	13.907
0.794466403162055	13.97
0.905138339920949	11.853
0.922924901185771	6.70600000000002
0.901185770750988	4.96299999999997
0.768774703557312	15.963
0.262845849802372	12.413
0.270750988142292	0.00200000000006639
0.270750988142292	7.72000000000003
0.399209486166008	14.365
0.515810276679842	1.85799999999995
0.780632411067194	1.06400000000008
0.00592885375494071	8.10199999999998
0.177865612648221	1.58899999999994
0.215415019762846	7.47499999999991
0.00395256916996047	13.811
0.00395256916996047	19.263
0.792490118577075	16.6244
0.788537549407115	8.87339999999999
0.784584980237154	16.972
0.152173913043478	17.497
0.337944664031621	19.823
0.551383399209486	15.26
0.403162055335968	19.137
0.383399209486166	0.904999999999973
0.74901185770751	0.00999999999999091
0.369565217391304	7.46499999999997
0.371541501976285	13.382
0.74901185770751	17.68
0.857707509881423	2.15999999999997
0.677865612648221	1.76199999999994
0.460474308300395	10.264
0.454545454545455	14.648
0.596837944664032	9.85699999999997
0.241106719367589	16.753
0.150197628458498	9.95100000000002
0.681818181818182	9.90699999999993
0.808300395256917	6.60800000000006
0.296442687747036	13.953
0.318181818181818	6.29399999999998
0.634387351778656	3.42399999999998
0.397233201581028	17.0830000000001
0.389328063241107	14.713
0.790513833992095	0.550300000000007
0.788537549407115	8.7533
0.272727272727273	15.26
0.278656126482213	5.524
0.122529644268775	16.483
0.187747035573123	10.257
0.175889328063241	12.237
0.00988142292490119	16.235
0.373517786561265	7.08499999999998
0.197628458498024	19.337
0.75296442687747	6.81100000000004
0.857707509881423	10.627
0.6699604743083	12.6619999999999
0.25098814229249	1.08400000000006
0.24901185770751	4.27699999999993
0.227272727272727	15.4160000000001
0.239130434782609	9.91700000000003
0.806324110671937	4.50300000000004
0.507905138339921	5.18599999999992
0.25296442687747	14.3900000000001
0.632411067193676	12.1799999999999
0.391304347826087	16.53
0.389328063241107	12.1640000000001
1	0.492000000000019
0.99802371541502	4.709
0.99604743083004	3.00099999999998
0.490118577075099	15.305
0.00988142292490119	14.626
0.851778656126482	7.76499999999999
0.128458498023715	10.3819999999999
0.102766798418972	4.94799999999998
0.116600790513834	3.12400000000002
0.0454545454545455	18.6320000000001
0.00592885375494071	7.53899999999999
0.0237154150197628	8.90099999999995
0.264822134387352	6.57600000000002
0.272727272727273	1.42599999999993
0.00197628458498024	3.55100000000004
0.0652173913043478	15.66
0.0316205533596838	14.442
0.00395256916996047	16.2560000000001
0.571146245059289	10.2479999999999
0.91501976284585	4.08699999999999
0.571146245059289	3.51400000000001
0.849802371541502	7.93399999999997
0.847826086956522	5.27199999999993
0.507905138339921	2.41399999999999
0.343873517786561	13.574
0.349802371541502	5.76999999999998
0.112648221343874	4.11700000000008
0.274703557312253	9
0.00197628458498024	4.25999999999999
0.733201581027668	5.52999999999997
0.735177865612648	7.80899999999997
0.733201581027668	13.0600000000001
0.905138339920949	9.96600000000001
0.83201581027668	1.93509999999999
0.288537549407115	16.135
0.590909090909091	12.797
0.254940711462451	10.19
0.254940711462451	8.90799999999999
0.106719367588933	8.768
0.0810276679841897	3.80200000000002
0.446640316205534	19.198
0.529644268774704	16.104
0.928853754940711	1.50300000000004
0.296442687747036	5.30099999999999
0.377470355731225	6.74399999999997
0.00395256916996047	8.678
0.614624505928854	2.02800000000002
0.620553359683794	4.97500000000002
0.91304347826087	6.96399999999994
0.195652173913043	12.538
0.907114624505929	5.83299999999997
0.636363636363636	7.13099999999997
0.891304347826087	15.288
0.0177865612648221	4.7299999999999
0.217391304347826	16.231
0	0.00200000000006639
0.0454545454545455	11.372
0.041501976284585	2.85400000000004
0.517786561264822	5.43399999999997
0.83201581027668	19.5725
0.828063241106719	15.7795
0.298418972332016	15.539
0.590909090909091	2.446
0.58498023715415	3.88299999999998
0.280632411067194	12.313
0.284584980237154	19.098
0.349802371541502	10.618
0.341897233201581	4.29599999999999
0.0513833992094862	14.65
0.00395256916996047	2.55000000000001
0.928853754940711	12.891
0.537549407114625	2.51900000000001
0.614624505928854	7.053
0.620553359683794	13.015
0.899209486166008	16.981
0.820158102766798	15.489
0.225296442687747	14.177
0.824110671936759	9.79200000000003
0.0810276679841897	17.353
0.656126482213439	12.053
0.0237154150197628	8.18899999999996
0.183794466403162	0.00200000000006639
0.122529644268775	6.76400000000001
0.0909090909090909	11.1
0.0395256916996047	16.8639999999999
0.650197628458498	6.822
0.626482213438735	3.56500000000005
0.614624505928854	5.88099999999997
0.620553359683794	18.817
0.227272727272727	12.077
0.646245059288538	5.15999999999997
0.677865612648221	2.84100000000001
0.00790513833992095	8.42500000000007
0.482213438735178	4.05399999999997
0.488142292490119	1.125
0.482213438735178	3.06899999999996
0.241106719367589	15.365
0.268774703557312	0.0869999999999891
0.264822134387352	4.99600000000009
0.0948616600790514	10.218
0.310276679841897	16.754
0.454545454545455	3.62099999999998
0.436758893280632	16.414
0.00197628458498024	2.64999999999998
1	7.161
0.99802371541502	3.54499999999996
0.994071146245059	12.116
0.361660079051383	3.08399999999995
0.974308300395257	6.464
0.974308300395257	16.1950000000001
0.156126482213439	15.785
0.154150197628458	15.042
0.207509881422925	2.57499999999999
0.00197628458498024	3.87900000000002
0.00592885375494071	15.919
0.0434782608695652	13.3520000000001
0.00790513833992095	14.2719999999999
0.209486166007905	5.33699999999999
0.209486166007905	3.93700000000001
0.0928853754940712	15.354
0.0454545454545455	6.00699999999995
0.474308300395257	12.7670000000001
0.460474308300395	1.63099999999997
0.148221343873518	17.817
0.148221343873518	17.899
0.614624505928854	13.438
0.310276679841897	13.1800000000001
0.717391304347826	2.363
0.713438735177866	7.08199999999999
0.719367588932806	11.711
0.286561264822134	4.887
0.310276679841897	16.274
0.154150197628458	1.768
0.638339920948617	15.708
0.302371541501976	12.655
0.310276679841897	4.62700000000001
0.219367588932806	1.81
0.225296442687747	5.10500000000002
0.0909090909090909	11.662
0.0513833992094862	16.19
0.403162055335968	14.6510000000001
0.397233201581028	4.34999999999991
0.179841897233202	7.32400000000007
0.454545454545455	16.822
0.723320158102767	7.11299999999994
0.721343873517787	3.51700000000005
0.189723320158103	7.15200000000004
0.16600790513834	13.4269999999999
0.16600790513834	9.71400000000006
0.108695652173913	4.30399999999997
0.373517786561265	10.082
0.00197628458498024	1.60599999999999
0.132411067193676	17.8820000000001
0.0909090909090909	14.3499999999999
0.0869565217391304	2.43999999999994
0.0296442687747036	15.186
0.270750988142292	10.935
0.264822134387352	3.19500000000002
0.24703557312253	12.445
0.0573122529644269	13.941
0.636363636363636	3.09200000000004
0.877470355731225	3.101
0.632411067193676	1.65799999999996
0.260869565217391	13.916
0.320158102766798	8.53100000000001
0.312252964426877	2.39800000000002
0.454545454545455	17.695
0.110671936758893	18.97
0.0988142292490119	18.467
0.0928853754940712	8.72900000000004
0.0237154150197628	5.96799999999996
0.454545454545455	11.975
0.723320158102767	1.08399999999995
0.719367588932806	9.34300000000007
0.482213438735178	19.247
0.328063241106719	18.424
0.345849802371542	2.33800000000008
0.16798418972332	15.8059999999999
0.124505928853755	16.505
0.420948616600791	6.88700000000006
0.395256916996047	6.95899999999995
0.395256916996047	6.79000000000008
0.314229249011858	7.15099999999995
1	3.64100000000001
0.99802371541502	3.401
0.99604743083004	6.59799999999998
0.990118577075099	6.80199999999999
0.395256916996047	10.135
0.393280632411067	2.994
0.794466403162055	3.51800000000003
0.758893280632411	4.62899999999996
0.857707509881423	7.88100000000003
0.177865612648221	5.45400000000001
0.16600790513834	15.813
0.126482213438735	18.883
0.0592885375494071	9.43099999999998
0.818181818181818	2.84099999999989
0.816205533596838	14.0590000000001
0.345849802371542	2.89699999999993
0.33596837944664	5.65300000000002
0.452569169960474	3.72000000000003
0.446640316205534	7.23500000000001
0.442687747035573	14.582
0.130434782608696	18.1849999999999
0.124505928853755	2.9430000000001
0.0256916996047431	10.742
0.00790513833992095	5.37599999999998
0.0276679841897233	0.201000000000022
0.00988142292490119	17.896
0.365612648221344	3.15200000000004
0.365612648221344	0.876999999999953
0.928853754940711	2.37799999999999
0.926877470355731	5.46300000000002
0.162055335968379	13.189
0.160079051383399	4.92599999999999
0.802371541501976	9.149
0.033596837944664	11.497
0.0316205533596838	12.97
0.0197628458498024	12.708
0.5	9.77100000000002
0.808300395256917	3.73299999999995
0.816205533596838	6.39499999999998
0.383399209486166	11.066
0.387351778656126	4.10800000000006
0.383399209486166	9.375
0.452569169960474	9.92399999999998
0.448616600790514	0.378000000000043
0.00395256916996047	2.85500000000002
0.33399209486166	7.44099999999992
0.3300395256917	5.52300000000002
0.494071146245059	1.702
0.0691699604743083	13.888
0.0968379446640316	1.34299999999996
0.00790513833992095	5.99300000000005
0.00592885375494071	19.9689999999999
0.978260869565217	14.8749
0.974308300395257	6.965
0.312252964426877	17.015
0.561264822134387	3.44200000000001
0.5	8.59999999999999
0.262845849802372	8.20499999999998
0.201581027667984	16.676
0.162055335968379	12.07
0.0928853754940712	7.334
0.0632411067193676	10.467
0.124505928853755	11.248
0.778656126482213	19.416
0.729249011857708	9.43100000000004
0.707509881422925	10.024
0.341897233201581	19.146
0.0612648221343874	8.83100000000002
0.0612648221343874	14.593
0.00395256916996047	1.76499999999999
0.41699604743083	3.44600000000003
0.737154150197628	7.35199999999998
0.130434782608696	16.042
0.517786561264822	17.412
0.559288537549407	17.957
0.559288537549407	11.131
0.0849802371541502	5.47500000000002
0.0434782608695652	13.2819999999999
0.0355731225296443	13.9050000000001
0.980237154150198	18.4174
0.978260869565217	1.80130000000001
0.260869565217391	10.275
0.25098814229249	4.19300000000001
0.225296442687747	4.76399999999998
0.138339920948617	0.88300000000001
0.75296442687747	13.107
0.0711462450592885	6.786
0.673913043478261	19.073
0.776679841897233	19.232
0.565217391304348	18.075
0.727272727272727	1.57599999999996
0.711462450592885	3.58999999999992
0.0158102766798419	18.736
0.316205533596838	19.847
0.628458498023715	5.58799999999997
0.889328063241107	0.870000000000005
0.887351778656126	1.97299999999996
0.00988142292490119	5.56400000000008
0.288537549407115	0.433999999999969
0.745059288537549	8.98099999999999
0.561264822134387	17.351
0.553359683794466	6.23199999999997
0.33201581027668	13.961
0.181818181818182	15.676
0.741106719367589	14.163
0.739130434782609	2.37100000000001
0.735177865612648	17.28
0.531620553359684	8.41899999999998
0.525691699604743	7.98000000000002
0.480237154150198	9.30900000000003
0.306324110671937	12.696
0.126482213438735	18.947
0.128458498023715	12.995
0.545454545454545	5.05099999999999
0.486166007905138	12.609
0.521739130434783	18.397
0.207509881422925	13.5519999999999
0.225296442687747	16.6400000000001
0.0494071146245059	11.048
0.175889328063241	17.9559999999999
0.379446640316206	9.20699999999999
0.112648221343874	12.414
0.318181818181818	14.919
0.409090909090909	13.982
0.347826086956522	19.672
0.557312252964427	17.0309999999999
0.527667984189723	16.5790000000001
0.644268774703557	9.75799999999992
0.00395256916996047	1.09500000000003
0.739130434782609	4.01400000000001
0.735177865612648	5.61699999999999
0.525691699604743	10.47
0.278656126482213	8.28100000000001
0.294466403162055	7.02199999999999
0.146245059288538	19.421
0.136363636363636	13.427
0.0810276679841897	17.753
0.264822134387352	2.09800000000001
0.302371541501976	0.552999999999997
0.298418972332016	2.399
0.525691699604743	7.70100000000002
0.0810276679841897	9.37
0.306324110671937	18.023
0.456521739130435	8.32299999999998
0.387351778656126	16.02
0.104743083003953	9.43299999999999
0.381422924901186	13.278
0.359683794466403	16.645
0.225296442687747	19.9010000000001
0.24703557312253	5.05899999999997
0.25098814229249	15.082
0.116600790513834	19.114
0.00197628458498024	0.461000000000013
0.0158102766798419	9.67099999999994
0.99802371541502	2.393
0.994071146245059	9.63099999999999
0.990118577075099	8.60900000000001
0.0790513833992095	7.333
0.0237154150197628	7.25299999999999
0.0158102766798419	8.20600000000002
0.316205533596838	19.011
0.337944664031621	0.548000000000002
0.778656126482213	1.16000000000003
0.571146245059289	5.92700000000002
0.555335968379447	15.55
0.816205533596838	3.642
0.822134387351779	18.519
0.804347826086957	7.09999999999991
0.794466403162055	2.68100000000004
0.371541501976285	11.287
0.24703557312253	14.116
0.286561264822134	15.615
0.403162055335968	3.18700000000001
0.397233201581028	8.18600000000004
0.189723320158103	15.646
0.357707509881423	15.832
0.448616600790514	11.876
0.476284584980237	13.6260000000001
0.156126482213439	15.5309999999999
0.134387351778656	11.664
0.106719367588933	16.798
0.00395256916996047	7.26499999999999
1	15.5897
0.99802371541502	6.899
0.994071146245059	12.871
0.557312252964427	0.0800000000000125
0.0671936758893281	19.772
0.0138339920948617	16.154
0.486166007905138	11.871
0.146245059288538	6.536
0.144268774703557	3.84100000000001
0.0513833992094862	8.42200000000003
0.0316205533596838	16.631
0.0197628458498024	9.96199999999999
0.784584980237154	8.23599999999999
0.788537549407115	6.59000000000003
0.529644268774704	19.7479999999999
0.286561264822134	18.533
0.403162055335968	10.741
0.75296442687747	17.6740000000001
0.367588932806324	19.7429999999999
0.357707509881423	17.033
0.448616600790514	14.596
0.476284584980237	14.396
0.379446640316206	14.8240000000001
0.604743083003953	7.41899999999998
0.446640316205534	14.89
0.687747035573123	2.8168
0.685770750988142	3.306
0.681818181818182	10.597
0.280632411067194	15.163
0.505928853754941	6.417
0.507905138339921	18.793
0.213438735177866	11.397
0.266798418972332	19.548
0.229249011857708	15.89
0.156126482213439	14.33
0.286561264822134	8.84300000000002
0.286561264822134	5.92699999999996
0.547430830039526	0.299000000000035
0.547430830039526	7.33199999999999
0.0395256916996047	12.8810000000001
0.00197628458498024	1.53099999999995
0.0197628458498024	0.899000000000001
0.00395256916996047	19.4090000000001
0.00592885375494071	6.61399999999992
0.812252964426877	8.00999999999999
0.33399209486166	10.847
0.766798418972332	0.634000000000015
1	18.459
0.689723320158103	18.3388
0.685770750988142	14.0209
0.679841897233202	8.788
0.237154150197628	15.044
0.5	7.77500000000001
0.505928853754941	7.10599999999999
0.33596837944664	19.557
0.221343873517787	4.52600000000001
0.0375494071146245	17.016
0.0158102766798419	2.37599999999998
0.0138339920948617	4.65100000000001
0.00988142292490119	3.995
0.00592885375494071	6.99299999999999
0.00395256916996047	12.554
0.189723320158103	17.474
0.104743083003953	8.42399999999998
0.0968379446640316	17.0890000000001
0.0948616600790514	13.417
0.737154150197628	12.5119999999999
0.776679841897233	13.107
0.699604743083004	1.61700000000008
0.33399209486166	17.899
0.322134387351779	8.91099999999994
1	5.0552
0.99604743083004	7.5866
0.66600790513834	6.517
0.671936758893281	10.682
0.547430830039526	4.96800000000002
0.464426877470356	10.904
0.387351778656126	17.339
0.389328063241107	14.145
0.197628458498024	13.298
0.193675889328063	3.00099999999998
0.442687747035573	5.66900000000004
0.74901185770751	6.32499999999999
0.741106719367589	4.98399999999998
0.375494071146245	6.36099999999999
0.371541501976285	15.417
0.264822134387352	11.86
0.264822134387352	7.57799999999997
0.258893280632411	19.083
0.0889328063241107	7.90300000000002
0.640316205533597	12.622
0.300395256916996	0.145000000000095
0.466403162055336	3.33500000000004
0.138339920948617	4.99599999999998
0.448616600790514	17.5989999999999
0.0988142292490119	16.9580000000001
0.154150197628458	5.96299999999997
1	11.2383
0.99604743083004	8.59009999999999
0.673913043478261	9.529
0.966403162055336	11.322
0.152173913043478	19.625
0.148221343873518	6.96600000000001
0.0928853754940712	17.17
0.00395256916996047	17.8440000000001
0.74901185770751	16.705
0.395256916996047	14.759
0.525691699604743	0.322999999999979
0.239130434782609	9.59199999999998
0.0276679841897233	8.52599999999995
0.00988142292490119	11.351
0.756916996047431	6.33900000000006
0.448616600790514	3.52300000000002
0.1699604743083	5.72000000000003
0.395256916996047	3.55599999999993
0.241106719367589	18.165
0.106719367588933	7.9190000000001
0.531620553359684	9.32500000000002
0.547430830039526	2.68700000000001
0.549407114624506	6.47999999999996
0.260869565217391	7.029
0.699604743083004	11.688
0.460474308300395	17.6
0.488142292490119	12.031
0.347826086956522	13.562
0.324110671936759	13.7790000000001
0.160079051383399	14.7199999999999
0.136363636363636	10.922
0.0968379446640316	5.37
0.0948616600790514	14.061
0.33399209486166	2.221
0.144268774703557	17.875
0.0158102766798419	9.56899999999996
0.148221343873518	13.877
0.626482213438735	3.88499999999999
0.298418972332016	7.03300000000002
1	18.1405
0.99802371541502	3.996
0.99604743083004	2.113
0.994071146245059	7.60499999999999
0.126482213438735	15.725
0.128458498023715	1.45399999999998
0.0632411067193676	19.342
0.0513833992094862	12.065
0.705533596837945	17.316
0.701581027667984	1.43200000000002
0.705533596837945	6.06399999999996
0.00395256916996047	16.794
0.0632411067193676	9.20100000000002
0.0553359683794466	19.367
0.0158102766798419	19.078
0.320158102766798	15.874
0.553359683794466	12.773
0.636363636363636	1.32299999999998
0.656126482213439	4.30200000000002
0.642292490118577	18.588
0.33201581027668	14.401
0.25296442687747	3.79200000000003
0.130434782608696	13.0359999999999
0.515810276679842	17.664
0.628458498023715	2.61800000000005
0.626482213438735	11.698
0.0316205533596838	17.465
0.0217391304347826	15.0890000000001
1	7.97040000000001
0.99802371541502	10.3375
0.229249011857708	14.097
0.254940711462451	2.48999999999998
0.25098814229249	10.918
0.454545454545455	15.652
0.124505928853755	13.957
0.318181818181818	19.923
0.0849802371541502	9.77800000000002
0.646245059288538	17.412
0.851778656126482	0.00600000000002865
0.849802371541502	4.87599999999998
0.367588932806324	6.30500000000001
0.33596837944664	7.13400000000001
0.223320158102767	11.689
0.399209486166008	16.161
0.505928853754941	17.6800000000001
0.737154150197628	6.15199999999993
0.264822134387352	15.558
0.229249011857708	14.489
0.229249011857708	2.97799999999995
0.104743083003953	16.245
0.08300395256917	6.92200000000003
0.561264822134387	5.91899999999998
0.144268774703557	11.471
0.152173913043478	7.63699999999994
0.197628458498024	10.538
0.50395256916996	2.976
0.822134387351779	16.677
1	14.6933
0.994071146245059	2.84
0.992094861660079	5.081
0.351778656126482	2.81899999999999
0.454545454545455	2.637
0.262845849802372	16.29
0.138339920948617	0.668999999999983
0.0731225296442688	4.83600000000001
0.0474308300395257	5.84199999999998
0.0711462450592885	10.76
0.476284584980237	15.381
0.492094861660079	3.03100000000001
0.268774703557312	3.50600000000003
0.00197628458498024	0.000999999999976353
0.00988142292490119	14.475
0.505928853754941	5.82100000000003
0.16403162055336	13.274
0.0375494071146245	5.11299999999994
0.00395256916996047	1.56600000000003
0.245059288537549	16.314
0.241106719367589	2.85000000000002
0.239130434782609	1.06200000000001
0.632411067193676	14.75
0.440711462450593	5.94600000000003
0.444664031620553	4.16200000000003
0.729249011857708	17.8099999999999
0.622529644268775	3.96199999999999
1	2.00019999999999
0.624505928853755	19.233
0.628458498023715	1.38900000000001
0.640316205533597	4.988
0.438735177865613	4.154
0.383399209486166	16.264
0.646245059288538	7.14799999999997
0.812252964426877	12.783
0.401185770750988	17.89
0.0158102766798419	14.316
0.513833992094862	12.38
0.780632411067194	15.3879999999999
0.304347826086957	10.4749999999999
0.622529644268775	5.57299999999998
0.209486166007905	16.212
0.339920948616601	3.697
0.00592885375494071	15.221
0.304347826086957	9.88800000000003
0.308300395256917	12.697
0.243083003952569	13.104
0.122529644268775	18.139
0.0988142292490119	3.423
0.0375494071146245	14.753
1	10.515
0.994071146245059	8.2754
0.632411067193676	14.79
0.841897233201581	11.041
0.357707509881423	5.26900000000001
0.175889328063241	14.064
0.337944664031621	16.178
0.075098814229249	10.248
0.0573122529644269	12.076
0.0395256916996047	18.301
0.326086956521739	14.915
0.66600790513834	13.643
0.148221343873518	8.30900000000008
0.154150197628458	5.40699999999993
0.826086956521739	8.45800000000008
0.213438735177866	14.2679999999999
0.122529644268775	11.0490000000001
0.209486166007905	4.38
0.8300395256917	1.61199999999997
0.822134387351779	14.619
0.424901185770751	11.915
0.106719367588933	15.597
0.00790513833992095	4.46799999999996
0.0988142292490119	10.028
0.0988142292490119	3.85599999999999
0.960474308300395	2.0827
0.956521739130435	4.9096
0.588932806324111	2.59
0.590909090909091	11.641
0.150197628458498	2.96400000000003
0.0118577075098814	2.375
0.217391304347826	16.998
0.116600790513834	8.70499999999998
0.780632411067194	9.036
0.8300395256917	5.20999999999998
0.367588932806324	3.34400000000005
0.270750988142292	11.946
0.209486166007905	4.47500000000002
0.235177865612648	9.13900000000001
0.764822134387352	13.756
0.292490118577075	5.73800000000006
0.545454545454545	12.403
0.122529644268775	15.8869999999999
0.339920948616601	16.0740000000001
0.339920948616601	6.67499999999995
0.383399209486166	3.35400000000004
0.150197628458498	7.14099999999996
0.227272727272727	7.97900000000004
0.223320158102767	4.30499999999995
0.673913043478261	4.08900000000006
0.960474308300395	11.8316
0.956521739130435	15.5389
0.628458498023715	2.87900000000002
0.24703557312253	7.83200000000002
0.741106719367589	13.169
0.709486166007905	0.298000000000002
0.703557312252964	5.89699999999999
0.434782608695652	1.279
0.00592885375494071	8.928
0.173913043478261	5.62699999999995
0.0513833992094862	17.067
0.571146245059289	19.7090000000001
0.488142292490119	18.0219999999999
0.824110671936759	14.961
0.276679841897233	13.379
0.545454545454545	19.4110000000001
0.0869565217391304	14.611
0.0849802371541502	6.27099999999996
0.00790513833992095	4.005
0.300395256916996	16.213
0.650197628458498	2
0.377470355731225	18.506
0.869565217391304	0.421999999999997
0.867588932806324	13.086
0.231225296442688	14.85
0.209486166007905	6.30499999999998
0.0849802371541502	19.859
0.0612648221343874	17.627
0.679841897233202	19.215
0.235177865612648	11.725
0.227272727272727	5.32999999999998
0.116600790513834	1.58600000000001
0.114624505928854	6.57400000000001
0.41304347826087	7.56200000000001
0.505928853754941	6.85199999999998
0.0790513833992095	12.4720000000001
0.517786561264822	4.13199999999995
0.00592885375494071	10.582
0.142292490118577	18.499
0.628458498023715	12.7910000000001
0.543478260869565	7.029
0.25296442687747	6.74000000000001
0.160079051383399	6.40599999999995
0.152173913043478	16.044
0.280632411067194	9.03999999999996
0.268774703557312	17.181
1	16.1012
0.99802371541502	3.752
0.99604743083004	18.463
0.867588932806324	3.709
0.213438735177866	9.90799999999999
0.0770750988142292	0
0.440711462450593	16.871
0.620553359683794	0
0.620553359683794	5.601
0.411067193675889	3.08199999999999
0.254940711462451	8.75999999999999
0.0968379446640316	6.911
0.00197628458498024	5.99799999999999
0.0790513833992095	10.8789999999999
0.521739130434783	7.68299999999999
0.00988142292490119	10.4680000000001
0.0217391304347826	19.884
0.00395256916996047	16.968
0.0711462450592885	9.65499999999997
0.0513833992094862	17.1260000000001
0.268774703557312	3.64199999999994
0.266798418972332	2.46600000000001
0.278656126482213	6.81700000000001
0.258893280632411	17.335
0.195652173913043	18.077
0.185770750988142	11.766
0.102766798418972	9.58600000000001
0.903162055335968	4.8463
0.899209486166008	2.60730000000001
0.897233201581028	13.29
0.173913043478261	10.193
0.124505928853755	6.61799999999999
0.130434782608696	6.42099999999999
0.351778656126482	15.365
0.464426877470356	1.755
0.50395256916996	0.372000000000014
0.254940711462451	6.34499999999997
0.201581027667984	10.304
0.254940711462451	16.654
0.0968379446640316	13.698
0.136363636363636	7.99400000000003
0.102766798418972	14.059
0.262845849802372	1.87299999999999
0.00592885375494071	7.72199999999998
0.725296442687747	2.55399999999997
0.592885375494071	1.84900000000005
0.5	10.759
0.33596837944664	7.37
0.326086956521739	8.36599999999999
0.104743083003953	18.187
0.144268774703557	2.74300000000005
0.282608695652174	13.0749999999999
0.373517786561265	9.73400000000004
0.320158102766798	9.33799999999997
0.638339920948617	9.87600000000009
0.454545454545455	7.42499999999995
0.903162055335968	10.0951
0.897233201581028	9.884
0.351778656126482	5.66900000000001
0.468379446640316	4.089
0.158102766798419	7.78700000000001
0.0158102766798419	16.991
0.559288537549407	8.31299999999999
0.464426877470356	16.081
0.152173913043478	15.908
0.312252964426877	9.11899999999997
0.0988142292490119	10.062
0.575098814229249	8.209
0.041501976284585	7.24099999999999
0.0197628458498024	13.865
0.00988142292490119	14.926
0.215415019762846	4.54899999999998
0.217391304347826	19.429
0.818181818181818	15.832
0.0909090909090909	5.45500000000004
0.0849802371541502	18.596
0.0296442687747036	6.87199999999996
0.219367588932806	17.3680000000001
0.148221343873518	13.4059999999999
0.373517786561265	9.61500000000001
0.347826086956522	13.909
0.636363636363636	16.612
0.640316205533597	12.275
0.0197628458498024	8.3900000000001
0.91897233201581	18.3379
0.610671936758893	8.86799999999999
0.571146245059289	2.13999999999999
0.156126482213439	15.091
0.156126482213439	7.761
0.106719367588933	4.191
0	0.198000000000008
0.446640316205534	1.56200000000001
0.446640316205534	4.43400000000003
0.397233201581028	9.21299999999997
0.440711462450593	7.75200000000001
0.434782608695652	2.589
0.197628458498024	9.17999999999995
0.306324110671937	11.6950000000001
0.286561264822134	17.266
0.300395256916996	9.41600000000005
0.877470355731225	13.598
0.58300395256917	18.216
0.539525691699605	19.936
0.541501976284585	14.966
0.594861660079051	19.585
0.592885375494071	2.73500000000001
0.600790513833992	7.59400000000005
0.91897233201581	17.9885
0.91501976284585	0.891500000000008
0.91304347826087	3.333
0.276679841897233	19.367
0.409090909090909	7.244
0.403162055335968	9.482
0.239130434782609	9.16999999999999
0.075098814229249	3.83500000000001
0.0276679841897233	19.383
0.0454545454545455	19.292
0.114624505928854	19.387
0.100790513833992	10.116
0.476284584980237	1.36599999999999
0.442687747035573	7.85500000000002
0.183794466403162	15.847
0.191699604743083	15.655
0.296442687747036	7.56200000000001
0.282608695652174	18.721
0.760869565217391	19.84
0.58695652173913	9.63699999999994
0.537549407114625	14.075
0.74703557312253	6.09800000000007
0.543478260869565	4.02999999999997
0.0909090909090909	17.889
0.0494071146245059	11.0609999999999
1	15.936
0.592885375494071	18.547
0.509881422924901	18.001
0.50197628458498	17.02
0.561264822134387	15.61
0.741106719367589	1.93899999999996
0.867588932806324	7.803
0.126482213438735	7.62100000000004
0.221343873517787	17.248
0.0889328063241107	12.58
0.0256916996047431	10.04
0.387351778656126	14.623
0.191699604743083	1.89499999999998
0.191699604743083	13.124
0.462450592885375	7.77200000000005
0.310276679841897	2.06699999999989
0.762845849802372	4.48200000000008
0.760869565217391	4.79099999999994
0.110671936758893	11.83
0.229249011857708	10.3199999999999
0.0395256916996047	19.625
0.134387351778656	15.481
0.0948616600790514	2.15599999999995
0.0849802371541502	18.09
0.590909090909091	6.78099999999998
0.511857707509881	10.295
0.49802371541502	17.748
0.375494071146245	5.79899999999998
0.739130434782609	9.58200000000005
0.227272727272727	12.553
0.211462450592885	17.092
0.385375494071146	9.36199999999997
0.460474308300395	9.44500000000005
0.458498023715415	5.84400000000005
0.288537549407115	15.131
0.0652173913043478	13.522
0.00592885375494071	16.1529999999999
0.0731225296442688	5.1400000000001
0.00197628458498024	12.631
1	16.0073
0.219367588932806	4.70499999999998
0.221343873517787	0.00300000000001432
0.0968379446640316	8.607
0.0889328063241107	10.377
0.0612648221343874	14.539
0.3300395256917	17.885
0.571146245059289	12.206
0.217391304347826	12.625
0.235177865612648	2.56099999999998
0.0889328063241107	0.0710000000000264
0.00197628458498024	0.575999999999908
0.235177865612648	5.53899999999999
0.211462450592885	3.63099999999997
0.160079051383399	13.485
0.205533596837945	1.02800000000002
0.116600790513834	11.477
0.00592885375494071	10.1420000000001
0.0494071146245059	17.391
0.0355731225296443	14.1420000000001
0.272727272727273	14.5219999999999
0.768774703557312	5.10899999999999
0.766798418972332	3.518
0.764822134387352	5.84900000000002
0.351778656126482	17.413
0.430830039525692	1.93900000000002
0.430830039525692	15.164
0.183794466403162	18.901
0.3300395256917	14.666
0.181818181818182	19.53
0.223320158102767	7.82400000000001
0.610671936758893	17.842
0.600790513833992	10.9970000000001
0.456521739130435	13.2719999999999
0.460474308300395	17.384
0.120553359683794	3.57600000000002
0.132411067193676	13.96
0.0711462450592885	16.684
0.0671936758893281	13.028
0.00790513833992095	5.04399999999998
0.033596837944664	13.7230000000001
0.426877470355731	8.11900000000003
0.488142292490119	0.386999999999944
0.571146245059289	19.369
0.49802371541502	2.10300000000007
0.620553359683794	2.19899999999996
0.626482213438735	10.6808
0.620553359683794	0.0978999999999957
0.618577075098814	1.33799999999999
0.320158102766798	3.946
0.543478260869565	0.581999999999994
0.395256916996047	0.711000000000013
0.124505928853755	6.51300000000001
0.100790513833992	10.96
0.511857707509881	6.62
0.0731225296442688	8.98199999999997
0.0237154150197628	13.651
0.0197628458498024	6.61900000000003
0.0770750988142292	0.000999999999976353
0.146245059288538	19.376
0.138339920948617	5.80600000000004
0.140316205533597	8.85500000000002
0.719367588932806	9.43599999999992
0.282608695652174	13.154
0.154150197628458	8.55200000000002
0.185770750988142	2.97000000000003
0.233201581027668	4.673
0.00395256916996047	6.61400000000003
0.337944664031621	12.978
0.213438735177866	7.73300000000006
0.215415019762846	8.66899999999998
0.0138339920948617	12.8199999999999
0.758893280632411	14.2130000000001
0.626482213438735	7.4542
0.622529644268775	0.634299999999996
0.618577075098814	5.339
0.288537549407115	15.035
0.245059288537549	14.834
0.543478260869565	7.48399999999998
0.387351778656126	0.354999999999961
0.420948616600791	6.00700000000001
0.377470355731225	4.79900000000004
0.326086956521739	16.207
0.00197628458498024	3.51299999999998
0.0316205533596838	12.467
0.0158102766798419	8.42600000000004
0.0158102766798419	14.389
0.00790513833992095	14.438
0.0118577075098814	13.6729999999999
0.468379446640316	5.54999999999995
0.466403162055336	15.177
0.719367588932806	0
0.711462450592885	3.62599999999998
0.130434782608696	6.47299999999996
0.41699604743083	13.0260000000001
0.33201581027668	2.20699999999999
0.0118577075098814	17.3340000000001
0.075098814229249	12.117
0.470355731225296	13.095
0.468379446640316	8.25900000000001
0.594861660079051	5.72199999999998
0.58695652173913	2.28999999999996
0.284584980237154	4.97900000000004
0.806324110671937	4.19120000000001
0.802371541501976	13.6047
0.796442687747036	11.918
0.00395256916996047	14.845
0.264822134387352	6.88399999999996
0.282608695652174	8.27800000000002
0.132411067193676	10.806
0.114624505928854	18.247
0.112648221343874	9.35199999999998
0.114624505928854	18.983
0.00592885375494071	14.491
0.0474308300395257	13.977
0.0592885375494071	7.81000000000006
0.0553359683794466	10.467
0.00790513833992095	11.997
0.0138339920948617	14.5559999999999
0.235177865612648	19.1700000000001
0.227272727272727	3.65199999999993
0.482213438735178	7.69000000000005
0.58498023715415	2.75900000000001
0.58498023715415	9.81399999999996
0.227272727272727	8.69400000000007
1	11.3938
0.806324110671937	19.8085
0.802371541501976	9.294
0.798418972332016	19.643
0.197628458498024	16.491
0.468379446640316	17.98
0.541501976284585	14.466
0.144268774703557	4.334
0.0988142292490119	3.39699999999999
0.201581027667984	8.83100000000002
0.0731225296442688	9.48099999999999
0.0474308300395257	10.268
0.0177865612648221	13.966
0.00395256916996047	9.31900000000007
0.0158102766798419	12.896
0.867588932806324	2.15300000000002
0.877470355731225	12.971
0.654150197628458	11.033
0.654150197628458	3.226
0.324110671936759	6.90200000000004
0.294466403162055	19.525
0.201581027667984	8.30799999999999
0.58498023715415	9.16300000000001
0.743083003952569	2.6995
0.739130434782609	7.93539999999999
0.270750988142292	5.04499999999999
0.304347826086957	12.581
0.486166007905138	4.53199999999998
0.197628458498024	15.6609999999999
0.33399209486166	2.72700000000003
0.33596837944664	0.588999999999999
0.33596837944664	8.024
0.446640316205534	13.419
0.189723320158103	19.051
0.353754940711462	2.2059999999999
0.126482213438735	13.3499999999999
0.0770750988142292	4.86700000000008
0.00197628458498024	3.35699999999997
0.541501976284585	3.43299999999999
0.741106719367589	12.063
0.322134387351779	15.197
0.322134387351779	3.15600000000006
0.488142292490119	0.779999999999973
0.482213438735178	1.70000000000005
0.00395256916996047	13.2089999999999
0.529644268774704	4.274
0.527667984189723	16.631
0.407114624505929	5.19000000000005
0.144268774703557	18.3149999999999
0.743083003952569	7.128
0.739130434782609	10.7852
0.444664031620553	10.987
0.223320158102767	14.008
0.201581027667984	15.936
0.262845849802372	11.147
0.191699604743083	7.834
0.0928853754940712	9.38599999999997
0.08300395256917	17.004
0.0217391304347826	10.721
0.401185770750988	10.9
0.308300395256917	2.45900000000006
0.375494071146245	4.65899999999999
0.00790513833992095	2.49300000000005
0.00395256916996047	13.3109999999999
0.304347826086957	13.7910000000001
0.304347826086957	8.83199999999999
0.199604743083004	11.4829999999999
0.626482213438735	11.926
0.0968379446640316	2.89800000000002
1	16.9436
0.99802371541502	0
0.99604743083004	2.02500000000001
0.994071146245059	4.35199999999999
0.490118577075099	10.817
0.972332015810277	10.605
0.628458498023715	0.164999999999964
0.626482213438735	12.735
0.207509881422925	16.3459999999999
0.195652173913043	18.942
0.867588932806324	10.66
0.175889328063241	14.501
0.175889328063241	9.565
0.171936758893281	10.684
0.112648221343874	12.73
0.0553359683794466	7.36700000000002
0.0138339920948617	10.756
0.156126482213439	9.80600000000004
0.0474308300395257	5.72399999999993
0.648221343873518	18.6550000000001
0.681818181818182	5.95399999999995
0.681818181818182	6.84800000000007
0.262845849802372	13.7529999999999
0.00592885375494071	13.8810000000001
0.00197628458498024	13.391
0.58102766798419	6.62400000000002
0.488142292490119	2.71199999999999
0.00197628458498024	3.19899999999996
0.964426877470356	17.415
0.347826086956522	12.237
0.972332015810277	8.94399999999999
0.33596837944664	6.77099999999996
0.588932806324111	16.205
0.00197628458498024	6.29399999999998
0.154150197628458	19.734
0.555335968379447	5.12900000000002
0.187747035573123	12.489
0.229249011857708	9.73200000000003
0.171936758893281	16.764
0.156126482213439	3.26100000000008
0.150197628458498	8.74799999999993
0.656126482213439	14.283
0.656126482213439	7.94500000000005
0.00197628458498024	15.694
0.25296442687747	15.763
0.446640316205534	7.54700000000003
0.266798418972332	18.0939999999999
0.634387351778656	9.58600000000001
0.934782608695652	8.81360000000001
0.618577075098814	8.24900000000002
0.5	3.15199999999999
0.106719367588933	8.49000000000001
0.0217391304347826	7.58599999999998
0.0158102766798419	12.197
0.424901185770751	8.54899999999998
0.432806324110672	8.86200000000002
0.432806324110672	12.809
0.122529644268775	3.57499999999999
0.0158102766798419	16.263
0.16600790513834	11.002
0.181818181818182	18.47
0.438735177865613	5.75400000000002
0.075098814229249	18.54
0.118577075098814	7.03599999999994
0.120553359683794	7.78999999999996
0.112648221343874	6.76999999999998
0.0256916996047431	3.29499999999996
0.00197628458498024	1.88499999999999
0.00395256916996047	15.3240000000001
0.120553359683794	17.059
0.114624505928854	9.553
0.162055335968379	14.462
0.735177865612648	0.710000000000036
0.754940711462451	12.879
0.0691699604743083	11.346
0.211462450592885	14.218
0.00395256916996047	0.885999999999967
0.934782608695652	6.2086
0.930830039525692	4.09309999999999
0.608695652173913	16.494
0.24901185770751	19.315
0.557312252964427	14.262
0.0691699604743083	18.278
0.0533596837944664	2.24900000000002
0.0158102766798419	19.404
0.213438735177866	5.642
0.207509881422925	18.694
0.00988142292490119	10.923
0.422924901185771	14.99
0.590909090909091	7.97399999999999
0.440711462450593	4.11099999999999
0.300395256916996	2.72899999999993
0.298418972332016	4.80600000000004
0.339920948616601	6.96299999999997
0.24901185770751	19.481
0.211462450592885	15.1370000000001
0.225296442687747	11.794
0.519762845849802	2.49900000000002
0.701581027667984	15.2769999999999
0.75098814229249	12.2850000000001
0.351778656126482	11.611
0.132411067193676	19.2809999999999
0.171936758893281	18.5
0.895256916996047	19.7806
0.891304347826087	8.883
0.887351778656126	7.37100000000001
0.25098814229249	2.94399999999999
0.624505928853755	4.11200000000002
0.124505928853755	12.928
0.531620553359684	19.016
0.24703557312253	4.37
0.288537549407115	11.576
0.0869565217391304	6.50099999999998
0.08300395256917	7.96600000000001
0.0474308300395257	6.37900000000002
0.260869565217391	14.793
0.207509881422925	6.35399999999998
0.156126482213439	16.124
0.620553359683794	15.346
0.679841897233202	7.71400000000006
0.527667984189723	11.408
0.543478260869565	7.12599999999998
0.387351778656126	9.01999999999998
0.0909090909090909	11.684
0.171936758893281	8.7700000000001
0.00395256916996047	5.97899999999993
0.00197628458498024	0.384000000000015
0.00592885375494071	12.885
0.895256916996047	8.33799999999999
0.891304347826087	7.49039999999999
0.887351778656126	5.407
0.624505928853755	7.97900000000001
0.58300395256917	8.053
0.571146245059289	10.373
0.511857707509881	15.818
0.521739130434783	2.125
0.00790513833992095	3.41000000000003
0.381422924901186	15.584
0.144268774703557	11.408
0.138339920948617	6.05899999999997
0.559288537549407	3.56700000000001
0.132411067193676	1.12100000000009
0.233201581027668	16.982
0.041501976284585	18.481
0.490118577075099	10.888
0.537549407114625	12.936
0.387351778656126	9.09699999999998
0.405138339920949	14.636
0.120553359683794	15.129
0.116600790513834	10.72
0.171936758893281	4.09799999999996
0.0770750988142292	5.28600000000006
0.0652173913043478	18.299
0.00790513833992095	5.73300000000006
0.901185770750988	13.957
0.897233201581028	3.91800000000001
0.308300395256917	10.512
0.306324110671937	6.91499999999999
0.942687747035573	6.98599999999999
0.638339920948617	0.201999999999998
0.638339920948617	2.07900000000001
0.229249011857708	18.702
0.268774703557312	5.666
0.171936758893281	4.05799999999999
0.171936758893281	5.01900000000001
0.0612648221343874	14.618
0.146245059288538	12.631
0.0770750988142292	2.26999999999998
0.0770750988142292	15.922
0.411067193675889	16.7189999999999
0.405138339920949	2.62800000000004
0.472332015810277	6.87599999999998
0.472332015810277	11.97
0.205533596837945	17.474
0.373517786561265	3.89999999999998
0.292490118577075	12.446
0.148221343873518	17.3439999999999
0.470355731225296	4.572
0.460474308300395	5.29200000000003
0.0573122529644269	10.092
0.0434782608695652	19.035
0.0177865612648221	6.92100000000005
1	6.9945
0.897233201581028	3.77699999999999
0.486166007905138	6.792
0.308300395256917	2.46199999999999
0.792490118577075	4.37100000000001
0.207509881422925	0.744000000000028
0.201581027667984	7.05700000000002
0.0928853754940712	5.91300000000001
0.0573122529644269	6.01600000000002
0.0355731225296443	14.42
0.0177865612648221	19.616
0.533596837944664	12.057
0.385375494071146	7.57599999999991
0.245059288537549	7.28000000000009
0.300395256916996	9.92399999999998
0.146245059288538	11.126
0.0988142292490119	7.73099999999999
0.470355731225296	8.721
0.373517786561265	0.254000000000019
0.375494071146245	12.538
0.476284584980237	18.322
0.241106719367589	1.52999999999997
0.274703557312253	4.55600000000004
0.99604743083004	2.93849999999999
0.624505928853755	16.581
0.630434782608696	7.55799999999999
0.353754940711462	15.072
0.357707509881423	13.701
0.389328063241107	12.485
0.0197628458498024	5.18000000000001
0.00790513833992095	5.78900000000004
0.458498023715415	16.9770000000001
0.0810276679841897	11.728
0.225296442687747	18.0700000000001
0.314229249011858	14.117
0.523715415019763	11.318
0.756916996047431	3.53399999999999
0.24901185770751	5.20300000000009
0.409090909090909	9.58100000000002
0.0909090909090909	18.7449999999999
0.99604743083004	14.9029
0.638339920948617	4.26000000000005
0.632411067193676	0.651999999999987
0.468379446640316	17.609
0.452569169960474	10.889
0.644268774703557	4.22300000000001
0.638339920948617	6.202
0.310276679841897	18.484
0.395256916996047	4.26400000000001
0.345849802371542	16.297
0.0474308300395257	14.968
0.0276679841897233	19.3860000000001
0.235177865612648	17.204
0.792490118577075	1.77099999999996
0.764822134387352	16.6990000000001
0.0988142292490119	16.3829999999999
0.0474308300395257	14.9580000000001
0.175889328063241	5.78999999999996
0.00395256916996047	13.804
0.0889328063241107	10.232
0.972332015810277	7.37900000000002
0.972332015810277	8.40999999999997
0.956521739130435	9.27300000000002
0.950592885375494	5.512
0.930830039525692	5.13400000000001
0.387351778656126	8.80399999999997
0.134387351778656	0.00999999999999091
0.128458498023715	15.524
0.0968379446640316	15.872
0.549407114624506	9.10699999999997
0.353754940711462	12.313
0.357707509881423	18.442
0.379446640316206	2.50700000000006
0.389328063241107	17.904
0.126482213438735	7.08399999999995
0.225296442687747	15.41
0.262845849802372	9.00900000000001
1	16.238
0.99802371541502	4.15100000000001
0.99604743083004	5.87400000000002
0.980237154150198	13.66
0.980237154150198	10.981
0.800395256916996	15.205
0.968379446640316	7.08300000000003
0.952569169960474	1.93599999999998
0.956521739130435	4.95600000000002
0.286561264822134	1.14699999999993
0.288537549407115	5.096
0.41699604743083	19.0360000000001
0.458498023715415	10.735
0.482213438735178	16.371
0.16403162055336	15.766
0.150197628458498	17.939
0.124505928853755	15.4690000000001
0.426877470355731	0
0.108695652173913	6.09000000000003
0.00395256916996047	9.27800000000002
0.24901185770751	5.47399999999993
0.209486166007905	19.179
0.152173913043478	7.03399999999999
0.322134387351779	10.379
0.322134387351779	5.23899999999998
0.322134387351779	7.066
0.280632411067194	13.687
0.721343873517787	15.644
0.328063241106719	13.381
0.326086956521739	0.826999999999998
0.187747035573123	4.24799999999999
0.602766798418972	16.571
0.442687747035573	9.779
0.543478260869565	1.90499999999997
0.490118577075099	0.846000000000004
0.00988142292490119	7.10900000000004
0.132411067193676	17.55
0.130434782608696	4.25599999999997
0.0671936758893281	2.572
0.318181818181818	9.4430000000001
0.320158102766798	7.14999999999998
0.395256916996047	6.03300000000002
0.278656126482213	19.654
0.16403162055336	7.76499999999999
0.16403162055336	16.779
0.00395256916996047	1.25799999999992
0.114624505928854	16.513
1	19.979
0.91501976284585	6.161
0.988142292490119	4.386
0.652173913043478	12.165
0.717391304347826	7.42500000000001
0.66798418972332	12.897
0.517786561264822	13.625
0.3300395256917	13.639
0.183794466403162	5.53300000000002
0.112648221343874	7.88299999999998
0.114624505928854	14.655
0.705533596837945	18.882
0.118577075098814	6.29200000000003
0.379446640316206	6.27999999999997
0.551383399209486	14.712
0.191699604743083	18.471
0.320158102766798	3.529
0.395256916996047	15.831
0.112648221343874	16.5550000000001
0.175889328063241	0.160999999999945
0.130434782608696	4.923
0.369565217391304	7.27300000000002
0.369565217391304	3.69200000000001
0.213438735177866	3.72800000000007
0.150197628458498	17.485
0.146245059288538	9.721
0.25098814229249	3.803
0.0118577075098814	12.458
0.00197628458498024	0.670999999999992
0.00197628458498024	14.716
0.312252964426877	11.98
0.826086956521739	16.75
0.377470355731225	13.104
0.462450592885375	18.684
0.349802371541502	11.358
0.361660079051383	11.816
0.407114624505929	3.66799999999989
0.369565217391304	8.00600000000009
0.00197628458498024	0.640999999999963
0.359683794466403	3.22000000000003
0.41897233201581	3.12099999999998
0.505928853754941	4.57500000000005
0.505928853754941	11.049
0.162055335968379	19.8049999999999
0.00790513833992095	9.91200000000003
0.00790513833992095	3.14300000000003
0.00395256916996047	12.42
0.490118577075099	17.957
1	17.8209
0.822134387351779	18.11
0.845849802371542	5.88999999999999
0.857707509881423	3.001
0.861660079051383	11.551
0.215415019762846	14.747
0.00197628458498024	3.61500000000001
0.207509881422925	4.72500000000002
0.205533596837945	7.69999999999999
0.50197628458498	1.83100000000002
0.5	14.759
0.928853754940711	0.978000000000009
0.377470355731225	14.517
0.83596837944664	8.87200000000001
0.49802371541502	13.203
0.225296442687747	17.963
0.343873517786561	16.5770000000001
0.341897233201581	6.29599999999994
0.227272727272727	14.731
0.205533596837945	8.60699999999997
0.0118577075098814	15.3050000000001
0.486166007905138	19.216
0.482213438735178	4.21699999999998
0.511857707509881	16.367
0.298418972332016	9.86200000000008
0.270750988142292	0.945999999999913
0.173913043478261	0.00200000000006639
1	5.06190000000001
0.980237154150198	9.83500000000001
0.735177865612648	18.035
0.634387351778656	6.05199999999999
0.571146245059289	17.774
0.456521739130435	8.06599999999997
0.725296442687747	3.38600000000002
0.725296442687747	18.654
0.154150197628458	10.283
0.142292490118577	18.101
0.778656126482213	8.036
0.707509881422925	5.084
0.626482213438735	11.6669999999999
0.403162055335968	7.36900000000003
0.223320158102767	16.254
0.0988142292490119	11.794
0.567193675889328	10.078
0.241106719367589	18.5600000000001
0.274703557312253	11.121
0.00395256916996047	1.24800000000005
0.0691699604743083	15.7569999999999
0.211462450592885	18.366
0.130434782608696	16.859
0.201581027667984	18.941
0.00592885375494071	8.39499999999998
1	13.247
0.99604743083004	16.66
0.980237154150198	16.538
0.355731225296443	7.523
0.262845849802372	14.343
0.790513833992095	10.266
0.776679841897233	6.14500000000004
0.452569169960474	11.375
0.468379446640316	17.737
0.770750988142292	10.257
0.741106719367589	1.85399999999998
0.130434782608696	13.196
0.472332015810277	12.0060000000001
0.294466403162055	12.92
0.25296442687747	8.85599999999999
0.154150197628458	6.94100000000003
0.156126482213439	6.90899999999999
0.565217391304348	10.659
0.227272727272727	18.4540000000001
0.280632411067194	19.567
0.00395256916996047	10.9259999999999
0.201581027667984	10.909
0.162055335968379	14.734
0.982213438735178	12.5803
0.976284584980237	11.5454
0.239130434782609	0.174000000000007
0.243083003952569	0.206999999999994
0.446640316205534	8.19999999999999
0.3300395256917	4.316
0.622529644268775	14.255
0.58300395256917	12.178
0.349802371541502	9.75399999999996
0.112648221343874	18.902
0.472332015810277	3.06999999999999
0.00790513833992095	12.217
0.482213438735178	19.085
0.337944664031621	6.88999999999999
0.16798418972332	12.0690000000001
0.154150197628458	14.009
0.106719367588933	19.086
0.104743083003953	12.687
0.0671936758893281	8.36899999999991
0.00395256916996047	13.769
0	0.00200000000006639
0.743083003952569	6.43799999999999
0.312252964426877	5.39499999999998
0.306324110671937	12.345
0.691699604743083	12.923
0.288537549407115	12.491
0.241106719367589	13.34
0.982213438735178	5.47109999999999
0.978260869565217	3.41500000000001
0.729249011857708	10.231
0.365612648221344	15.292
0.470355731225296	1.44199999999998
0.490118577075099	1.55700000000002
0.314229249011858	13.844
0.626482213438735	17.964
0.181818181818182	17.026
0.177865612648221	19.881
0.343873517786561	12.142
0.1699604743083	18.008
0.480237154150198	18.363
0.310276679841897	15.734
0.367588932806324	1.053
0.733201581027668	10.319
0.00395256916996047	19.556
0.349802371541502	15.665
0.100790513833992	5.94899999999996
0.110671936758893	5.09700000000009
0.0434782608695652	13.204
0.0355731225296443	19.26
0.223320158102767	0.567000000000007
0.745059288537549	1.24300000000005
0.114624505928854	14.7339999999999
0.432806324110672	9.45600000000002
0.865612648221344	3.78800000000001
0.689723320158103	12.816
0.185770750988142	18.463
0.654150197628458	1.1202
0.650197628458498	4.0942
0.231225296442688	18.043
0.225296442687747	2.227
0.197628458498024	2.80600000000001
0.134387351778656	8.99099999999999
0.108695652173913	19.204
0.264822134387352	18.379
0.286561264822134	5.54599999999999
0.156126482213439	4.209
0.0256916996047431	13.511
0.790513833992095	19.153
0.798418972332016	0.586000000000013
0.513833992094862	1.572
0.357707509881423	1.37
0.282608695652174	11.169
0.286561264822134	16.018
0.549407114624506	4.40099999999995
0.721343873517787	0.0620000000000118
0.731225296442688	1.851
0.675889328063241	5.59300000000007
0.50395256916996	19.846
0.0711462450592885	0.336999999999989
0.0177865612648221	0.975999999999999
0.00395256916996047	11.001
0.0118577075098814	17.683
0.494071146245059	19.3680000000001
0.58498023715415	18.703
0.58498023715415	0.105000000000018
0.656126482213439	16.9328
0.654150197628458	7.64030000000001
0.648221343873518	3.929
0.337944664031621	19.735
0.314229249011858	6.70500000000001
0.745059288537549	3.822
0.729249011857708	19.058
0.116600790513834	11.133
0.110671936758893	4.46299999999999
0.0731225296442688	16.297
0.104743083003953	10.092
0.0652173913043478	5.61099999999999
0.0790513833992095	15.462
0.353754940711462	13.865
0.288537549407115	12.83
0.0573122529644269	8.98000000000002
0.0197628458498024	6.43100000000004
0.41501976284585	3.1819999999999
0.175889328063241	11.0859999999999
0.284584980237154	3.154
0.211462450592885	8.34800000000007
0.58498023715415	14.861
0.58498023715415	19.641
0.00790513833992095	14.11
0.00197628458498024	1.595
0.00592885375494071	9.78899999999999
0.907114624505929	10.31
0.905138339920949	2.15500000000003
0.00790513833992095	7.93499999999995
0.00790513833992095	8.38299999999998
0.721343873517787	19.301
0.687747035573123	1.56100000000004
0.794466403162055	3.572
0.387351778656126	6.49199999999996
0.424901185770751	2.88999999999999
0.223320158102767	10.8630000000001
0.201581027667984	19.385
0.116600790513834	15.414
0.462450592885375	14.553
0.782608695652174	13.551
0.347826086956522	19.033
1	16.3708
0.99802371541502	1.464
0.99604743083004	0.970999999999989
0.446640316205534	14.741
0.422924901185771	6.49199999999999
0.422924901185771	1.98500000000001
0.422924901185771	9.55499999999998
0.715415019762846	11.545
0.788537549407115	12.608
0.788537549407115	19.12
0.365612648221344	13.962
0.365612648221344	16.703
0.365612648221344	4.28500000000003
0.733201581027668	6.07900000000001
0.114624505928854	0.139999999999986
0.0573122529644269	12.925
0.0118577075098814	10.5390000000001
0.525691699604743	8.86599999999999
0.49604743083004	2.30600000000004
0.365612648221344	14.481
0.385375494071146	9.601
0.407114624505929	11.6629999999999
0.456521739130435	19.2850000000001
0.322134387351779	9.62900000000002
0.140316205533597	16.429
0.233201581027668	11.409
0.0652173913043478	9.851
0.0731225296442688	16.573
1	4.53829999999999
0.99604743083004	4.8807
0.33596837944664	9.39000000000001
0.33201581027668	15.375
0.347826086956522	6.09999999999999
0.345849802371542	7.21199999999999
0.430830039525692	3.62900000000002
0.428853754940711	19.842
0.426877470355731	6.13800000000003
0.442687747035573	7.25599999999997
0.432806324110672	8.25900000000001
0.474308300395257	1.42699999999996
0.478260869565217	5.31200000000001
0.604743083003953	0.322000000000003
0.432806324110672	16.1940000000001
0.407114624505929	15.524
0.411067193675889	17.803
0.33399209486166	13.9399999999999
0.304347826086957	15.2520000000001
0.324110671936759	19.7430000000001
0.322134387351779	1.63799999999992
0.422924901185771	4.75800000000004
0.00790513833992095	8.87400000000002
0.387351778656126	12.16
0.509881422924901	6.24199999999996
0.136363636363636	3.53200000000004
0.0256916996047431	17.264
1	6.96640000000001
0.693675889328063	16.7907
0.33399209486166	16.336
0.33201581027668	14.962
0.00197628458498024	1.583
0.134387351778656	7.00700000000001
0.440711462450593	0.952999999999975
0.0652173913043478	6.40300000000002
0.0573122529644269	13.859
0.0217391304347826	19.732
0.148221343873518	18.829
0.468379446640316	3.86900000000003
0.539525691699605	16.919
0.490118577075099	4.10599999999999
0.00988142292490119	8.87899999999996
0.16798418972332	15.143
0.154150197628458	4.68299999999999
0.367588932806324	7.17200000000003
0.711462450592885	7.20699999999999
0.369565217391304	9.33299999999997
0.306324110671937	13.545
0.278656126482213	16.482
0.0177865612648221	8.67200000000003
0.00592885375494071	18.824
0.505928853754941	18.763
0.50395256916996	16.268
0.136363636363636	14.7329999999999
0.345849802371542	19.679
0.735177865612648	0.605000000000018
1	18.6254
0.393280632411067	6.33109999999999
0.395256916996047	2.66840000000001
0.393280632411067	5.95299999999999
0.233201581027668	8.958
0.219367588932806	11.98
0.41304347826087	12.629
0.0928853754940712	16.781
0.0533596837944664	12.005
0.717391304347826	5.13200000000001
0.50395256916996	5.649
0.160079051383399	18.21
0.160079051383399	1.798
0.274703557312253	6.44399999999996
0.189723320158103	18.976
0.189723320158103	11.116
0.136363636363636	6.67499999999995
0.480237154150198	10.2950000000001
0.353754940711462	10.251
0.893280632411067	4.37299999999993
0.557312252964427	8.18400000000008
0.0928853754940712	18.5599999999999
0.235177865612648	12.792
0.00592885375494071	13.808
0.00197628458498024	3.20299999999997
0.116600790513834	17.727
0.385375494071146	17.6809999999999
0.175889328063241	9.10800000000006
0.0454545454545455	12.1039999999999
0.58695652173913	0.00870000000000459
0.588932806324111	0.1511
0.58695652173913	2.84
0.58498023715415	7.774
0.217391304347826	19.604
0.424901185770751	8.86500000000001
0.424901185770751	14.391
0.713438735177866	8.56999999999999
0.754940711462451	11.939
0.16403162055336	14.703
0.160079051383399	17.727
0.0632411067193676	19.588
0.0494071146245059	18.349
0.16600790513834	19.2629999999999
0.00395256916996047	16.072
0.41501976284585	14.067
0.893280632411067	3.86000000000001
0.16403162055336	13.138
0.177865612648221	17.744
0.177865612648221	10.2379999999999
0.124505928853755	18.346
0.324110671936759	17.373
0.387351778656126	8.14700000000005
0.847826086956522	0.302999999999997
0.221343873517787	16.423
1	14.334
0.511857707509881	19.676
0.50395256916996	14.888
0.448616600790514	3.15900000000002
0.920948616600791	6.52099999999999
0.658102766798419	2.32400000000001
0.00197628458498024	5.148
0.786561264822134	7.75900000000001
0.782608695652174	3.68700000000001
0.369565217391304	16.594
0.381422924901186	2.88799999999998
0.397233201581028	13.466
0.701581027667984	15.015
0.272727272727273	15.328
0.476284584980237	17.549
0.474308300395257	7.58300000000008
0.391304347826087	0.000999999999976353
0.780632411067194	5.85799999999995
0.328063241106719	10.3359999999999
0.509881422924901	11.081
0.509881422924901	5.48400000000004
0.268774703557312	18.2569999999999
0.58102766798419	0
0.567193675889328	0
0.328063241106719	18.2190000000001
0.318181818181818	12.634
0.205533596837945	3.75999999999999
0.116600790513834	19.717
0.507905138339921	17.459
0.920948616600791	15.319
0.201581027667984	18.21
0.839920948616601	2.69400000000002
0.824110671936759	10.475
0.699604743083004	12.337
0.509881422924901	12.715
0.883399209486166	0.963999999999999
0.938735177865613	2.06400000000008
0.679841897233202	12.9639999999999
0.658102766798419	14.939
0.383399209486166	14.3580000000001
0.389328063241107	8.298
0.780632411067194	9.99400000000003
0.154150197628458	16.288
0.401185770750988	6.75599999999997
0.312252964426877	0.734000000000037
0.579051383399209	1.44499999999994
0.00592885375494071	0.411000000000058
0.0138339920948617	19.428
0.505928853754941	3.36699999999996
1	12.52
0.513833992094862	0.371999999999986
0.511857707509881	3.43800000000002
0.509881422924901	0.375
0.270750988142292	3.62899999999999
0.290513833992095	2.75799999999998
0.288537549407115	5.77100000000002
0.646245059288538	14.159
0.0395256916996047	6.58500000000004
0.199604743083004	19.088
0.120553359683794	5.31299999999999
0.0592885375494071	19.842
0.041501976284585	17.8
0.790513833992095	15.148
0.75296442687747	5.46800000000007
0.703557312252964	17.886
0.276679841897233	19.841
0.731225296442688	7.87
0.778656126482213	12.451
0.782608695652174	15.752
0.108695652173913	14.678
0.409090909090909	12.755
0.466403162055336	16.552
0.00988142292490119	10.907
0.00592885375494071	12.8309999999999
1	17.85
0.474308300395257	18.687
0.474308300395257	2.084
0.709486166007905	14.115
0.235177865612648	11.248
0.492094861660079	19.276
0.288537549407115	5.90800000000002
0.219367588932806	10.786
0.0454545454545455	14.938
0.0296442687747036	16.429
0.0296442687747036	8.28300000000002
0.00395256916996047	15.729
0.00395256916996047	4.29999999999995
0.00197628458498024	9.29100000000005
0.00988142292490119	13.37
0.703557312252964	0.0529999999999973
0.709486166007905	7.58999999999992
0.282608695652174	16.043
0.0494071146245059	0.93100000000004
0.00592885375494071	3.62099999999998
0.849802371541502	17.6130000000001
0.41699604743083	18.121
0.533596837944664	8.46899999999994
0.517786561264822	6.18500000000006
0.235177865612648	4.60000000000002
0.99802371541502	4.06989999999999
0.99604743083004	0.369
0.681818181818182	9.46599999999999
0.245059288537549	6.80500000000001
0.0968379446640316	9.07999999999998
0.075098814229249	6.69800000000004
0.790513833992095	3.5
0.804347826086957	16.774
0.134387351778656	12.376
0.140316205533597	19.83
0.0494071146245059	1.82400000000001
0.00395256916996047	12.696
0.00197628458498024	18.456
0	0
0.8300395256917	9.86700000000008
0.873517786561265	14.5169999999999
0.889328063241107	11.2040000000001
0.00197628458498024	3.3549999999999
0.881422924901186	13.6850000000001
0.191699604743083	18.413
0.197628458498024	3.67499999999995
0.241106719367589	10.8050000000001
0.120553359683794	13.098
0.0948616600790514	15.283
0.0731225296442688	9.36699999999996
0.1699604743083	9.14199999999994
0.99802371541502	17.3331
0.24703557312253	5.47
0.245059288537549	2.88
0.241106719367589	4.68200000000002
0.120553359683794	17.468
0.116600790513834	11.264
0.0988142292490119	19.722
0.148221343873518	14.84
0.00790513833992095	12.078
0.00395256916996047	12.299
0.691699604743083	7.98599999999999
0.0790513833992095	18.572
0.0513833992094862	18.501
0.0375494071146245	11.47
0.0237154150197628	13.635
0.0553359683794466	19.713
0.588932806324111	10.355
0.851778656126482	11.598
0.24703557312253	10.1600000000001
0.282608695652174	0.956999999999994
0.654150197628458	5.42100000000005
0.00395256916996047	2.22199999999998
0.0612648221343874	16.684
1	7.473
0.99802371541502	0.664000000000001
0.99604743083004	7.917
0.41501976284585	15.573
0.355731225296443	3.58499999999998
0.349802371541502	1.87900000000002
0.347826086956522	7.07499999999999
0.519762845849802	2.47000000000003
0.507905138339921	13.363
0.296442687747036	7.78100000000001
0.189723320158103	3.404
0.644268774703557	1.20100000000002
0.0968379446640316	17.007
0.237154150197628	17.066
0.357707509881423	6.33300000000003
0.00988142292490119	18.467
0.075098814229249	3.24599999999998
0.0731225296442688	19.87
0.0316205533596838	14.112
0.634387351778656	18.1540000000001
0.853754940711462	8.601
0.841897233201581	12.813
0.66403162055336	0.985000000000014
0.650197628458498	1.71500000000003
0.50197628458498	19.622
0.507905138339921	0.67999999999995
0.575098814229249	3.64099999999999
0.588932806324111	3.072
0.604743083003953	3.239
0.373517786561265	5.00799999999998
0.509881422924901	14.945
0.715415019762846	3.16000000000003
0.555335968379447	6.62299999999999
0.553359683794466	3.53100000000001
0.545454545454545	8.99799999999999
0.0988142292490119	10.836
0.0968379446640316	18.573
0.146245059288538	12.947
0.0217391304347826	12.7660000000001
0.00592885375494071	4.48299999999995
0.00197628458498024	1.94200000000001
0	0.130999999999972
0.258893280632411	9.65300000000002
0.258893280632411	4.245
0.108695652173913	14.438
0.697628458498024	1.73099999999999
0.652173913043478	7.51300000000003
0.00197628458498024	4.30799999999999
0.0118577075098814	9.81500000000005
0.191699604743083	5.56599999999992
0.930830039525692	18.007
0.928853754940711	9.90000000000001
0.260869565217391	3.63400000000001
0.339920948616601	3.012
0.278656126482213	0.24199999999999
0.00790513833992095	18.674
0.304347826086957	9.39100000000002
0.294466403162055	7.875
0.290513833992095	13.777
0.703557312252964	14.629
0.519762845849802	6.04599999999999
0.612648221343874	6.67400000000004
0.466403162055336	19.311
0.308300395256917	8.15300000000002
0.00592885375494071	9.726
0.523715415019763	13.49
0.373517786561265	16.799
0.306324110671937	2.02700000000004
0.468379446640316	1.43999999999994
0.397233201581028	11.21
0.513833992094862	10.881
0.233201581027668	6.70000000000005
0.209486166007905	14.473
0.201581027667984	0.304000000000087
0.644268774703557	2.27099999999996
0.08300395256917	17.718
0.0652173913043478	9.36300000000006
0.00395256916996047	10.0369999999999
0.928853754940711	5.2373
0.924901185770751	10.3082
0.569169960474308	7.75200000000001
0.266798418972332	5.65199999999999
0.0592885375494071	17.646
0.604743083003953	18.968
0.628458498023715	16.219
0.448616600790514	9.53300000000002
0.600790513833992	6.94499999999999
0.0138339920948617	6.17900000000003
0.154150197628458	18.219
0.312252964426877	14.056
0.466403162055336	7.34199999999998
0.616600790513834	7.67200000000003
0.308300395256917	12.144
0.256916996047431	17.124
0.193675889328063	16.3100000000001
0.201581027667984	3.7059999999999
0.395256916996047	18.6189999999999
0.41304347826087	15.216
0.0731225296442688	11.927
0.0731225296442688	15.046
0.134387351778656	18.627
0.00592885375494071	5.28600000000006
0.160079051383399	7.10399999999993
1	18.589
0.658102766798419	16.994
0.379446640316206	7.98900000000003
0.472332015810277	12.675
0.523715415019763	14.662
0.675889328063241	3.274
0.673913043478261	14.221
0.41304347826087	18.42
0.100790513833992	18.144
0.203557312252964	15.995
0.201581027667984	15.663
0.199604743083004	0
0.555335968379447	10.6429999999999
0.428853754940711	15.822
0.553359683794466	0.775000000000091
0.559288537549407	1.43700000000001
0.0296442687747036	8.44099999999992
0.154150197628458	7.69399999999996
0.0770750988142292	14.5170000000001
0.0731225296442688	10.52
0.0671936758893281	5.64300000000003
0.0434782608695652	15.914
0.0395256916996047	18.99
1	7.76700000000001
0.99802371541502	13.389
0.318181818181818	8.065
0.847826086956522	14.796
0.549407114624506	5.87400000000002
0.531620553359684	12.464
0.00988142292490119	6.77299999999997
0.00790513833992095	17.875
0.274703557312253	9.93799999999999
0.148221343873518	19.433
0.102766798418972	16.795
0.0454545454545455	7.38999999999999
0.448616600790514	7.51499999999999
0.438735177865613	9.45299999999997
0.357707509881423	4.92000000000007
0.535573122529644	2.76400000000001
0.426877470355731	2.24000000000001
0.509881422924901	6.62599999999998
0.00790513833992095	9.995
0.0138339920948617	13.431
0.0276679841897233	16.165
0.00197628458498024	8.50400000000002
0.0988142292490119	5.32899999999995
0.0355731225296443	15.1840000000001
0.0276679841897233	14.5
0.58695652173913	19.4559999999999
0.596837944664032	6.16699999999992
0.804347826086957	5.47199999999998
1	7.75479999999999
0.99604743083004	10.7
0.596837944664032	2.92899999999999
0.367588932806324	2.52100000000002
0.369565217391304	15.966
0.369565217391304	14.362
0.292490118577075	17.735
0.322134387351779	4.28300000000002
0.0928853754940712	13.786
0.00592885375494071	6.99799999999999
0.124505928853755	15.276
0.0375494071146245	6.42599999999999
0.0770750988142292	14.895
0.136363636363636	6.88299999999998
0.533596837944664	10.645
0.529644268774704	4.16899999999998
0.525691699604743	7.07800000000009
0.456521739130435	11.0599999999999
0.634387351778656	9.53800000000001
0.541501976284585	13.4059999999999
0.610671936758893	2.23500000000001
0.175889328063241	18.067
0.322134387351779	12.4150000000001
0.183794466403162	16.122
0.128458498023715	16.578
0.424901185770751	2.86000000000001
1	5.0373
0.99604743083004	13.3764
0.992094861660079	4.05200000000001
0.193675889328063	15.809
0.197628458498024	1.35300000000001
0.189723320158103	9.98500000000001
0.444664031620553	13.275
0.3300395256917	1.43299999999999
0.322134387351779	6.81599999999997
0.320158102766798	6.32499999999999
0.381422924901186	10.187
0.225296442687747	18.658
0.136363636363636	0.197000000000003
0.134387351778656	0.322999999999979
0.140316205533597	4.64800000000002
0.505928853754941	19.925
0.541501976284585	15.032
0.160079051383399	16.1419999999999
0.175889328063241	13.897
0.563241106719368	8.21399999999994
0.191699604743083	4.46900000000005
0.193675889328063	17.5889999999999
0.243083003952569	19.071
0.509881422924901	9.32800000000009
0.507905138339921	6.10599999999999
1	3.628
0.99802371541502	1.23899999999999
0.99604743083004	7.06600000000002
0.478260869565217	9.93599999999998
0.0948616600790514	11.509
0.0810276679841897	8.05000000000001
0.575098814229249	4.94899999999996
0.50395256916996	18.617
0.531620553359684	4.15400000000005
0.519762845849802	8.952
0.215415019762846	6.24799999999999
0.422924901185771	9.625
0.110671936758893	0.600999999999999
0.308300395256917	9.95699999999999
0.294466403162055	11.3729999999999
0.519762845849802	19.4010000000001
0.632411067193676	13.6229999999999
0.909090909090909	8.86700000000008
0.116600790513834	4.32299999999998
0.114624505928854	6.50799999999992
0.00395256916996047	0.51400000000001
0.0849802371541502	17.2869999999999
0.195652173913043	14.1890000000001
0.104743083003953	8.61099999999999
0.656126482213439	7.28399999999999
0.450592885375494	15.294
0.446640316205534	4.08600000000001
0.0810276679841897	15.253
0.527667984189723	9.41899999999998
0.130434782608696	6.16200000000003
0.207509881422925	7.22699999999998
0.229249011857708	6.19499999999999
0.41501976284585	9.19400000000002
0.531620553359684	8.76699999999994
0.683794466403162	13.682
0.911067193675889	12.1980000000001
0.142292490118577	12.848
0.00197628458498024	7.47399999999993
0.211462450592885	19.7030000000001
0.195652173913043	9.17899999999997
0.24703557312253	12.675
0.213438735177866	15.304
0.215415019762846	3.59399999999994
0.25296442687747	5.62700000000007
0.656126482213439	11.1609999999999
0.685770750988142	16.662
0.681818181818182	3.9312
0.677865612648221	6.54049999999999
0.369565217391304	11.557
0.260869565217391	13.015
0.529644268774704	7.38300000000001
0.318181818181818	6.68900000000002
0.389328063241107	14.68
0.438735177865613	16.702
0.66798418972332	18.256
0.407114624505929	4.80799999999999
0.561264822134387	12.022
0.531620553359684	8.90999999999997
0.519762845849802	0.296000000000049
0.608695652173913	1.52499999999998
0.577075098814229	19.894
0.806324110671937	2.63
0.120553359683794	16.1560000000001
0.0968379446640316	6.20399999999995
0.0395256916996047	17.476
0.0276679841897233	10.571
0.00197628458498024	6.83600000000001
0.565217391304348	15.731
0.33596837944664	18.23
0.488142292490119	13.5359999999999
0.146245059288538	15.237
0.729249011857708	7.38700000000006
0.681818181818182	0.160699999999991
0.679841897233202	2.01090000000001
0.679841897233202	11.437
0.533596837944664	2.23700000000002
0.837944664031621	4.61799999999999
0.312252964426877	14.478
0.318181818181818	9.10599999999999
0.156126482213439	15.808
0.369565217391304	11.415
0.671936758893281	13.436
0.561264822134387	2.49700000000001
0.531620553359684	2.22899999999998
0.00197628458498024	4.85699999999997
0.563241106719368	8.72800000000007
0.577075098814229	10.885
0.130434782608696	19.179
0.120553359683794	16.9250000000001
0.58102766798419	5.06600000000003
0.577075098814229	4.65999999999997
0.707509881422925	0.170999999999935
0.885375494071146	0.567000000000007
0.389328063241107	12.5050000000001
0.308300395256917	13.159
0.725296442687747	12.6709999999999
1	0.421999999999997
0.99802371541502	5.241
0.484189723320158	16.769
0.339920948616601	15.329
0.822134387351779	10.117
0.256916996047431	16.848
0.243083003952569	4.798
0.132411067193676	9.815
0.782608695652174	19.204
0.774703557312253	1.68000000000001
0.50395256916996	16.573
0.66403162055336	18.802
0.322134387351779	4.12099999999998
0.324110671936759	8.42399999999998
0.183794466403162	14.4349999999999
0.16798418972332	6.49300000000005
0.00592885375494071	4.80100000000004
0.687747035573123	18.386
0.492094861660079	10.8919999999999
0.486166007905138	18.322
0.683794466403162	10.318
0.689723320158103	15.8829999999999
0.033596837944664	0.615000000000009
0.286561264822134	2.81799999999998
0.385375494071146	18.8000000000001
0.509881422924901	7.024
0.507905138339921	4.45599999999999
0.810276679841897	6.33699999999999
0.254940711462451	1.42599999999999
0.243083003952569	2.63100000000003
0.239130434782609	1.14400000000001
0.104743083003953	15.57
0.549407114624506	16.517
0.602766798418972	17.354
0.290513833992095	16.622
0.144268774703557	9.82499999999999
0.719367588932806	0.219999999999914
0.219367588932806	9.94400000000007
0.207509881422925	19.4399999999999
0.324110671936759	5.47000000000003
0.33399209486166	9.44500000000005
0.278656126482213	7.01900000000001
0.270750988142292	11.486
0.310276679841897	15.62
0.691699604743083	1.005
0.687747035573123	8.94600000000003
0.00395256916996047	0.247999999999934
0.683794466403162	5.29599999999994
0.691699604743083	4.06899999999996
0.00395256916996047	1.846
0.490118577075099	10.067
0.33201581027668	9.00400000000002
0.343873517786561	18.96
