0.6699604743083
0.66600790513834
0.662055335968379
0.389328063241107
0.290513833992095
0.879446640316206
0.616600790513834
0.620553359683794
0.316205533596838
0.523715415019763
0.191699604743083
0.361660079051383
0.359683794466403
0.171936758893281
0.430830039525692
0.715415019762846
0.262845849802372
0.58695652173913
0.367588932806324
0.466403162055336
0.16403162055336
0.146245059288538
0.66798418972332
0.66403162055336
0.662055335968379
0.270750988142292
0.237154150197628
0.25296442687747
0.879446640316206
0.128458498023715
0.116600790513834
0.741106719367589
0.0513833992094862
0.488142292490119
0.525691699604743
0.0217391304347826
0.725296442687747
0.701581027667984
0.274703557312253
0.612648221343874
0.602766798418972
0.486166007905138
0.24703557312253
0.148221343873518
0.0731225296442688
0.0197628458498024
0.482213438735178
0.602766798418972
0.602766798418972
0.632411067193676
0.598814229249012
0.175889328063241
0.442687747035573
0.66403162055336
0.658102766798419
0.677865612648221
0.715415019762846
0.705533596837945
0.33201581027668
0.565217391304348
0.0711462450592885
0.606719367588933
0.721343873517787
0.719367588932806
0.602766798418972
0.598814229249012
0.685770750988142
0.671936758893281
0.442687747035573
0.171936758893281
0.683794466403162
0.679841897233202
0.363636363636364
0.66600790513834
0.118577075098814
0.102766798418972
0.458498023715415
0.565217391304348
0.1699604743083
0.1699604743083
0.156126482213439
0.00592885375494071
0.00197628458498024
0.00592885375494071
0.00592885375494071
0.363636363636364
0.83399209486166
0.124505928853755
0.197628458498024
0.0889328063241107
0.148221343873518
0.00197628458498024
0.0296442687747036
0.00395256916996047
0.0197628458498024
0.436758893280632
0.922924901185771
0.920948616600791
0.274703557312253
0.288537549407115
0.717391304347826
0.138339920948617
0.00592885375494071
0.00395256916996047
0.270750988142292
0.268774703557312
0.00592885375494071
0.225296442687747
0.0928853754940712
0.0810276679841897
0.0731225296442688
0.0474308300395257
1
0.630434782608696
0.628458498023715
0.148221343873518
0.0909090909090909
0.114624505928854
0.106719367588933
0.0928853754940712
0.719367588932806
0.794466403162055
0.905138339920949
0.922924901185771
0.901185770750988
0.768774703557312
0.262845849802372
0.270750988142292
0.270750988142292
0.399209486166008
0.515810276679842
0.780632411067194
0.00592885375494071
0.177865612648221
0.215415019762846
0.00395256916996047
0.00395256916996047
0.792490118577075
0.788537549407115
0.784584980237154
0.152173913043478
0.337944664031621
0.551383399209486
0.403162055335968
0.383399209486166
0.74901185770751
0.369565217391304
0.371541501976285
0.74901185770751
0.857707509881423
0.677865612648221
0.460474308300395
0.454545454545455
0.596837944664032
0.241106719367589
0.150197628458498
0.681818181818182
0.808300395256917
0.296442687747036
0.318181818181818
0.634387351778656
0.397233201581028
0.389328063241107
0.790513833992095
0.788537549407115
0.272727272727273
0.278656126482213
0.122529644268775
0.187747035573123
0.175889328063241
0.00988142292490119
0.373517786561265
0.197628458498024
0.75296442687747
0.857707509881423
0.6699604743083
0.25098814229249
0.24901185770751
0.227272727272727
0.239130434782609
0.806324110671937
0.507905138339921
0.25296442687747
0.632411067193676
0.391304347826087
0.389328063241107
1
0.99802371541502
0.99604743083004
0.490118577075099
0.00988142292490119
0.851778656126482
0.128458498023715
0.102766798418972
0.116600790513834
0.0454545454545455
0.00592885375494071
0.0237154150197628
0.264822134387352
0.272727272727273
0.00197628458498024
0.0652173913043478
0.0316205533596838
0.00395256916996047
0.571146245059289
0.91501976284585
0.571146245059289
0.849802371541502
0.847826086956522
0.507905138339921
0.343873517786561
0.349802371541502
0.112648221343874
0.274703557312253
0.00197628458498024
0.733201581027668
0.735177865612648
0.733201581027668
0.905138339920949
0.83201581027668
0.288537549407115
0.590909090909091
0.254940711462451
0.254940711462451
0.106719367588933
0.0810276679841897
0.446640316205534
0.529644268774704
0.928853754940711
0.296442687747036
0.377470355731225
0.00395256916996047
0.614624505928854
0.620553359683794
0.91304347826087
0.195652173913043
0.907114624505929
0.636363636363636
0.891304347826087
0.0177865612648221
0.217391304347826
0
0.0454545454545455
0.041501976284585
0.517786561264822
0.83201581027668
0.828063241106719
0.298418972332016
0.590909090909091
0.58498023715415
0.280632411067194
0.284584980237154
0.349802371541502
0.341897233201581
0.0513833992094862
0.00395256916996047
0.928853754940711
0.537549407114625
0.614624505928854
0.620553359683794
0.899209486166008
0.820158102766798
0.225296442687747
0.824110671936759
0.0810276679841897
0.656126482213439
0.0237154150197628
0.183794466403162
0.122529644268775
0.0909090909090909
0.0395256916996047
0.650197628458498
0.626482213438735
0.614624505928854
0.620553359683794
0.227272727272727
0.646245059288538
0.677865612648221
0.00790513833992095
0.482213438735178
0.488142292490119
0.482213438735178
0.241106719367589
0.268774703557312
0.264822134387352
0.0948616600790514
0.310276679841897
0.454545454545455
0.436758893280632
0.00197628458498024
1
0.99802371541502
0.994071146245059
0.361660079051383
0.974308300395257
0.974308300395257
0.156126482213439
0.154150197628458
0.207509881422925
0.00197628458498024
0.00592885375494071
0.0434782608695652
0.00790513833992095
0.209486166007905
0.209486166007905
0.0928853754940712
0.0454545454545455
0.474308300395257
0.460474308300395
0.148221343873518
0.148221343873518
0.614624505928854
0.310276679841897
0.717391304347826
0.713438735177866
0.719367588932806
0.286561264822134
0.310276679841897
0.154150197628458
0.638339920948617
0.302371541501976
0.310276679841897
0.219367588932806
0.225296442687747
0.0909090909090909
0.0513833992094862
0.403162055335968
0.397233201581028
0.179841897233202
0.454545454545455
0.723320158102767
0.721343873517787
0.189723320158103
0.16600790513834
0.16600790513834
0.108695652173913
0.373517786561265
0.00197628458498024
0.132411067193676
0.0909090909090909
0.0869565217391304
0.0296442687747036
0.270750988142292
0.264822134387352
0.24703557312253
0.0573122529644269
0.636363636363636
0.877470355731225
0.632411067193676
0.260869565217391
0.320158102766798
0.312252964426877
0.454545454545455
0.110671936758893
0.0988142292490119
0.0928853754940712
0.0237154150197628
0.454545454545455
0.723320158102767
0.719367588932806
0.482213438735178
0.328063241106719
0.345849802371542
0.16798418972332
0.124505928853755
0.420948616600791
0.395256916996047
0.395256916996047
0.314229249011858
1
0.99802371541502
0.99604743083004
0.990118577075099
0.395256916996047
0.393280632411067
0.794466403162055
0.758893280632411
0.857707509881423
0.177865612648221
0.16600790513834
0.126482213438735
0.0592885375494071
0.818181818181818
0.816205533596838
0.345849802371542
0.33596837944664
0.452569169960474
0.446640316205534
0.442687747035573
0.130434782608696
0.124505928853755
0.0256916996047431
0.00790513833992095
0.0276679841897233
0.00988142292490119
0.365612648221344
0.365612648221344
0.928853754940711
0.926877470355731
0.162055335968379
0.160079051383399
0.802371541501976
0.033596837944664
0.0316205533596838
0.0197628458498024
0.5
0.808300395256917
0.816205533596838
0.383399209486166
0.387351778656126
0.383399209486166
0.452569169960474
0.448616600790514
0.00395256916996047
0.33399209486166
0.3300395256917
0.494071146245059
0.0691699604743083
0.0968379446640316
0.00790513833992095
0.00592885375494071
0.978260869565217
0.974308300395257
0.312252964426877
0.561264822134387
0.5
0.262845849802372
0.201581027667984
0.162055335968379
0.0928853754940712
0.0632411067193676
0.124505928853755
0.778656126482213
0.729249011857708
0.707509881422925
0.341897233201581
0.0612648221343874
0.0612648221343874
0.00395256916996047
0.41699604743083
0.737154150197628
0.130434782608696
0.517786561264822
0.559288537549407
0.559288537549407
0.0849802371541502
0.0434782608695652
0.0355731225296443
0.980237154150198
0.978260869565217
0.260869565217391
0.25098814229249
0.225296442687747
0.138339920948617
0.75296442687747
0.0711462450592885
0.673913043478261
0.776679841897233
0.565217391304348
0.727272727272727
0.711462450592885
0.0158102766798419
0.316205533596838
0.628458498023715
0.889328063241107
0.887351778656126
0.00988142292490119
0.288537549407115
0.745059288537549
0.561264822134387
0.553359683794466
0.33201581027668
0.181818181818182
0.741106719367589
0.739130434782609
0.735177865612648
0.531620553359684
0.525691699604743
0.480237154150198
0.306324110671937
0.126482213438735
0.128458498023715
0.545454545454545
0.486166007905138
0.521739130434783
0.207509881422925
0.225296442687747
0.0494071146245059
0.175889328063241
0.379446640316206
0.112648221343874
0.318181818181818
0.409090909090909
0.347826086956522
0.557312252964427
0.527667984189723
0.644268774703557
0.00395256916996047
0.739130434782609
0.735177865612648
0.525691699604743
0.278656126482213
0.294466403162055
0.146245059288538
0.136363636363636
0.0810276679841897
0.264822134387352
0.302371541501976
0.298418972332016
0.525691699604743
0.0810276679841897
0.306324110671937
0.456521739130435
0.387351778656126
0.104743083003953
0.381422924901186
0.359683794466403
0.225296442687747
0.24703557312253
0.25098814229249
0.116600790513834
0.00197628458498024
0.0158102766798419
0.99802371541502
0.994071146245059
0.990118577075099
0.0790513833992095
0.0237154150197628
0.0158102766798419
0.316205533596838
0.337944664031621
0.778656126482213
0.571146245059289
0.555335968379447
0.816205533596838
0.822134387351779
0.804347826086957
0.794466403162055
0.371541501976285
0.24703557312253
0.286561264822134
0.403162055335968
0.397233201581028
0.189723320158103
0.357707509881423
0.448616600790514
0.476284584980237
0.156126482213439
0.134387351778656
0.106719367588933
0.00395256916996047
1
0.99802371541502
0.994071146245059
0.557312252964427
0.0671936758893281
0.0138339920948617
0.486166007905138
0.146245059288538
0.144268774703557
0.0513833992094862
0.0316205533596838
0.0197628458498024
0.784584980237154
0.788537549407115
0.529644268774704
0.286561264822134
0.403162055335968
0.75296442687747
0.367588932806324
0.357707509881423
0.448616600790514
0.476284584980237
0.379446640316206
0.604743083003953
0.446640316205534
0.687747035573123
0.685770750988142
0.681818181818182
0.280632411067194
0.505928853754941
0.507905138339921
0.213438735177866
0.266798418972332
0.229249011857708
0.156126482213439
0.286561264822134
0.286561264822134
0.547430830039526
0.547430830039526
0.0395256916996047
0.00197628458498024
0.0197628458498024
0.00395256916996047
0.00592885375494071
0.812252964426877
0.33399209486166
0.766798418972332
1
0.689723320158103
0.685770750988142
0.679841897233202
0.237154150197628
0.5
0.505928853754941
0.33596837944664
0.221343873517787
0.0375494071146245
0.0158102766798419
0.0138339920948617
0.00988142292490119
0.00592885375494071
0.00395256916996047
0.189723320158103
0.104743083003953
0.0968379446640316
0.0948616600790514
0.737154150197628
0.776679841897233
0.699604743083004
0.33399209486166
0.322134387351779
1
0.99604743083004
0.66600790513834
0.671936758893281
0.547430830039526
0.464426877470356
0.387351778656126
0.389328063241107
0.197628458498024
0.193675889328063
0.442687747035573
0.74901185770751
0.741106719367589
0.375494071146245
0.371541501976285
0.264822134387352
0.264822134387352
0.258893280632411
0.0889328063241107
0.640316205533597
0.300395256916996
0.466403162055336
0.138339920948617
0.448616600790514
0.0988142292490119
0.154150197628458
1
0.99604743083004
0.673913043478261
0.966403162055336
0.152173913043478
0.148221343873518
0.0928853754940712
0.00395256916996047
0.74901185770751
0.395256916996047
0.525691699604743
0.239130434782609
0.0276679841897233
0.00988142292490119
0.756916996047431
0.448616600790514
0.1699604743083
0.395256916996047
0.241106719367589
0.106719367588933
0.531620553359684
0.547430830039526
0.549407114624506
0.260869565217391
0.699604743083004
0.460474308300395
0.488142292490119
0.347826086956522
0.324110671936759
0.160079051383399
0.136363636363636
0.0968379446640316
0.0948616600790514
0.33399209486166
0.144268774703557
0.0158102766798419
0.148221343873518
0.626482213438735
0.298418972332016
1
0.99802371541502
0.99604743083004
0.994071146245059
0.126482213438735
0.128458498023715
0.0632411067193676
0.0513833992094862
0.705533596837945
0.701581027667984
0.705533596837945
0.00395256916996047
0.0632411067193676
0.0553359683794466
0.0158102766798419
0.320158102766798
0.553359683794466
0.636363636363636
0.656126482213439
0.642292490118577
0.33201581027668
0.25296442687747
0.130434782608696
0.515810276679842
0.628458498023715
0.626482213438735
0.0316205533596838
0.0217391304347826
1
0.99802371541502
0.229249011857708
0.254940711462451
0.25098814229249
0.454545454545455
0.124505928853755
0.318181818181818
0.0849802371541502
0.646245059288538
0.851778656126482
0.849802371541502
0.367588932806324
0.33596837944664
0.223320158102767
0.399209486166008
0.505928853754941
0.737154150197628
0.264822134387352
0.229249011857708
0.229249011857708
0.104743083003953
0.08300395256917
0.561264822134387
0.144268774703557
0.152173913043478
0.197628458498024
0.50395256916996
0.822134387351779
1
0.994071146245059
0.992094861660079
0.351778656126482
0.454545454545455
0.262845849802372
0.138339920948617
0.0731225296442688
0.0474308300395257
0.0711462450592885
0.476284584980237
0.492094861660079
0.268774703557312
0.00197628458498024
0.00988142292490119
0.505928853754941
0.16403162055336
0.0375494071146245
0.00395256916996047
0.245059288537549
0.241106719367589
0.239130434782609
0.632411067193676
0.440711462450593
0.444664031620553
0.729249011857708
0.622529644268775
1
0.624505928853755
0.628458498023715
0.640316205533597
0.438735177865613
0.383399209486166
0.646245059288538
0.812252964426877
0.401185770750988
0.0158102766798419
0.513833992094862
0.780632411067194
0.304347826086957
0.622529644268775
0.209486166007905
0.339920948616601
0.00592885375494071
0.304347826086957
0.308300395256917
0.243083003952569
0.122529644268775
0.0988142292490119
0.0375494071146245
1
0.994071146245059
0.632411067193676
0.841897233201581
0.357707509881423
0.175889328063241
0.337944664031621
0.075098814229249
0.0573122529644269
0.0395256916996047
0.326086956521739
0.66600790513834
0.148221343873518
0.154150197628458
0.826086956521739
0.213438735177866
0.122529644268775
0.209486166007905
0.8300395256917
0.822134387351779
0.424901185770751
0.106719367588933
0.00790513833992095
0.0988142292490119
0.0988142292490119
0.960474308300395
0.956521739130435
0.588932806324111
0.590909090909091
0.150197628458498
0.0118577075098814
0.217391304347826
0.116600790513834
0.780632411067194
0.8300395256917
0.367588932806324
0.270750988142292
0.209486166007905
0.235177865612648
0.764822134387352
0.292490118577075
0.545454545454545
0.122529644268775
0.339920948616601
0.339920948616601
0.383399209486166
0.150197628458498
0.227272727272727
0.223320158102767
0.673913043478261
0.960474308300395
0.956521739130435
0.628458498023715
0.24703557312253
0.741106719367589
0.709486166007905
0.703557312252964
0.434782608695652
0.00592885375494071
0.173913043478261
0.0513833992094862
0.571146245059289
0.488142292490119
0.824110671936759
0.276679841897233
0.545454545454545
0.0869565217391304
0.0849802371541502
0.00790513833992095
0.300395256916996
0.650197628458498
0.377470355731225
0.869565217391304
0.867588932806324
0.231225296442688
0.209486166007905
0.0849802371541502
0.0612648221343874
0.679841897233202
0.235177865612648
0.227272727272727
0.116600790513834
0.114624505928854
0.41304347826087
0.505928853754941
0.0790513833992095
0.517786561264822
0.00592885375494071
0.142292490118577
0.628458498023715
0.543478260869565
0.25296442687747
0.160079051383399
0.152173913043478
0.280632411067194
0.268774703557312
1
0.99802371541502
0.99604743083004
0.867588932806324
0.213438735177866
0.0770750988142292
0.440711462450593
0.620553359683794
0.620553359683794
0.411067193675889
0.254940711462451
0.0968379446640316
0.00197628458498024
0.0790513833992095
0.521739130434783
0.00988142292490119
0.0217391304347826
0.00395256916996047
0.0711462450592885
0.0513833992094862
0.268774703557312
0.266798418972332
0.278656126482213
0.258893280632411
0.195652173913043
0.185770750988142
0.102766798418972
0.903162055335968
0.899209486166008
0.897233201581028
0.173913043478261
0.124505928853755
0.130434782608696
0.351778656126482
0.464426877470356
0.50395256916996
0.254940711462451
0.201581027667984
0.254940711462451
0.0968379446640316
0.136363636363636
0.102766798418972
0.262845849802372
0.00592885375494071
0.725296442687747
0.592885375494071
0.5
0.33596837944664
0.326086956521739
0.104743083003953
0.144268774703557
0.282608695652174
0.373517786561265
0.320158102766798
0.638339920948617
0.454545454545455
0.903162055335968
0.897233201581028
0.351778656126482
0.468379446640316
0.158102766798419
0.0158102766798419
0.559288537549407
0.464426877470356
0.152173913043478
0.312252964426877
0.0988142292490119
0.575098814229249
0.041501976284585
0.0197628458498024
0.00988142292490119
0.215415019762846
0.217391304347826
0.818181818181818
0.0909090909090909
0.0849802371541502
0.0296442687747036
0.219367588932806
0.148221343873518
0.373517786561265
0.347826086956522
0.636363636363636
0.640316205533597
0.0197628458498024
0.91897233201581
0.610671936758893
0.571146245059289
0.156126482213439
0.156126482213439
0.106719367588933
0
0.446640316205534
0.446640316205534
0.397233201581028
0.440711462450593
0.434782608695652
0.197628458498024
0.306324110671937
0.286561264822134
0.300395256916996
0.877470355731225
0.58300395256917
0.539525691699605
0.541501976284585
0.594861660079051
0.592885375494071
0.600790513833992
0.91897233201581
0.91501976284585
0.91304347826087
0.276679841897233
0.409090909090909
0.403162055335968
0.239130434782609
0.075098814229249
0.0276679841897233
0.0454545454545455
0.114624505928854
0.100790513833992
0.476284584980237
0.442687747035573
0.183794466403162
0.191699604743083
0.296442687747036
0.282608695652174
0.760869565217391
0.58695652173913
0.537549407114625
0.74703557312253
0.543478260869565
0.0909090909090909
0.0494071146245059
1
0.592885375494071
0.509881422924901
0.50197628458498
0.561264822134387
0.741106719367589
0.867588932806324
0.126482213438735
0.221343873517787
0.0889328063241107
0.0256916996047431
0.387351778656126
0.191699604743083
0.191699604743083
0.462450592885375
0.310276679841897
0.762845849802372
0.760869565217391
0.110671936758893
0.229249011857708
0.0395256916996047
0.134387351778656
0.0948616600790514
0.0849802371541502
0.590909090909091
0.511857707509881
0.49802371541502
0.375494071146245
0.739130434782609
0.227272727272727
0.211462450592885
0.385375494071146
0.460474308300395
0.458498023715415
0.288537549407115
0.0652173913043478
0.00592885375494071
0.0731225296442688
0.00197628458498024
1
0.219367588932806
0.221343873517787
0.0968379446640316
0.0889328063241107
0.0612648221343874
0.3300395256917
0.571146245059289
0.217391304347826
0.235177865612648
0.0889328063241107
0.00197628458498024
0.235177865612648
0.211462450592885
0.160079051383399
0.205533596837945
0.116600790513834
0.00592885375494071
0.0494071146245059
0.0355731225296443
0.272727272727273
0.768774703557312
0.766798418972332
0.764822134387352
0.351778656126482
0.430830039525692
0.430830039525692
0.183794466403162
0.3300395256917
0.181818181818182
0.223320158102767
0.610671936758893
0.600790513833992
0.456521739130435
0.460474308300395
0.120553359683794
0.132411067193676
0.0711462450592885
0.0671936758893281
0.00790513833992095
0.033596837944664
0.426877470355731
0.488142292490119
0.571146245059289
0.49802371541502
0.620553359683794
0.626482213438735
0.620553359683794
0.618577075098814
0.320158102766798
0.543478260869565
0.395256916996047
0.124505928853755
0.100790513833992
0.511857707509881
0.0731225296442688
0.0237154150197628
0.0197628458498024
0.0770750988142292
0.146245059288538
0.138339920948617
0.140316205533597
0.719367588932806
0.282608695652174
0.154150197628458
0.185770750988142
0.233201581027668
0.00395256916996047
0.337944664031621
0.213438735177866
0.215415019762846
0.0138339920948617
0.758893280632411
0.626482213438735
0.622529644268775
0.618577075098814
0.288537549407115
0.245059288537549
0.543478260869565
0.387351778656126
0.420948616600791
0.377470355731225
0.326086956521739
0.00197628458498024
0.0316205533596838
0.0158102766798419
0.0158102766798419
0.00790513833992095
0.0118577075098814
0.468379446640316
0.466403162055336
0.719367588932806
0.711462450592885
0.130434782608696
0.41699604743083
0.33201581027668
0.0118577075098814
0.075098814229249
0.470355731225296
0.468379446640316
0.594861660079051
0.58695652173913
0.284584980237154
0.806324110671937
0.802371541501976
0.796442687747036
0.00395256916996047
0.264822134387352
0.282608695652174
0.132411067193676
0.114624505928854
0.112648221343874
0.114624505928854
0.00592885375494071
0.0474308300395257
0.0592885375494071
0.0553359683794466
0.00790513833992095
0.0138339920948617
0.235177865612648
0.227272727272727
0.482213438735178
0.58498023715415
0.58498023715415
0.227272727272727
1
0.806324110671937
0.802371541501976
0.798418972332016
0.197628458498024
0.468379446640316
0.541501976284585
0.144268774703557
0.0988142292490119
0.201581027667984
0.0731225296442688
0.0474308300395257
0.0177865612648221
0.00395256916996047
0.0158102766798419
0.867588932806324
0.877470355731225
0.654150197628458
0.654150197628458
0.324110671936759
0.294466403162055
0.201581027667984
0.58498023715415
0.743083003952569
0.739130434782609
0.270750988142292
0.304347826086957
0.486166007905138
0.197628458498024
0.33399209486166
0.33596837944664
0.33596837944664
0.446640316205534
0.189723320158103
0.353754940711462
0.126482213438735
0.0770750988142292
0.00197628458498024
0.541501976284585
0.741106719367589
0.322134387351779
0.322134387351779
0.488142292490119
0.482213438735178
0.00395256916996047
0.529644268774704
0.527667984189723
0.407114624505929
0.144268774703557
0.743083003952569
0.739130434782609
0.444664031620553
0.223320158102767
0.201581027667984
0.262845849802372
0.191699604743083
0.0928853754940712
0.08300395256917
0.0217391304347826
0.401185770750988
0.308300395256917
0.375494071146245
0.00790513833992095
0.00395256916996047
0.304347826086957
0.304347826086957
0.199604743083004
0.626482213438735
0.0968379446640316
1
0.99802371541502
0.99604743083004
0.994071146245059
0.490118577075099
0.972332015810277
0.628458498023715
0.626482213438735
0.207509881422925
0.195652173913043
0.867588932806324
0.175889328063241
0.175889328063241
0.171936758893281
0.112648221343874
0.0553359683794466
0.0138339920948617
0.156126482213439
0.0474308300395257
0.648221343873518
0.681818181818182
0.681818181818182
0.262845849802372
0.00592885375494071
0.00197628458498024
0.58102766798419
0.488142292490119
0.00197628458498024
0.964426877470356
0.347826086956522
0.972332015810277
0.33596837944664
0.588932806324111
0.00197628458498024
0.154150197628458
0.555335968379447
0.187747035573123
0.229249011857708
0.171936758893281
0.156126482213439
0.150197628458498
0.656126482213439
0.656126482213439
0.00197628458498024
0.25296442687747
0.446640316205534
0.266798418972332
0.634387351778656
0.934782608695652
0.618577075098814
0.5
0.106719367588933
0.0217391304347826
0.0158102766798419
0.424901185770751
0.432806324110672
0.432806324110672
0.122529644268775
0.0158102766798419
0.16600790513834
0.181818181818182
0.438735177865613
0.075098814229249
0.118577075098814
0.120553359683794
0.112648221343874
0.0256916996047431
0.00197628458498024
0.00395256916996047
0.120553359683794
0.114624505928854
0.162055335968379
0.735177865612648
0.754940711462451
0.0691699604743083
0.211462450592885
0.00395256916996047
0.934782608695652
0.930830039525692
0.608695652173913
0.24901185770751
0.557312252964427
0.0691699604743083
0.0533596837944664
0.0158102766798419
0.213438735177866
0.207509881422925
0.00988142292490119
0.422924901185771
0.590909090909091
0.440711462450593
0.300395256916996
0.298418972332016
0.339920948616601
0.24901185770751
0.211462450592885
0.225296442687747
0.519762845849802
0.701581027667984
0.75098814229249
0.351778656126482
0.132411067193676
0.171936758893281
0.895256916996047
0.891304347826087
0.887351778656126
0.25098814229249
0.624505928853755
0.124505928853755
0.531620553359684
0.24703557312253
0.288537549407115
0.0869565217391304
0.08300395256917
0.0474308300395257
0.260869565217391
0.207509881422925
0.156126482213439
0.620553359683794
0.679841897233202
0.527667984189723
0.543478260869565
0.387351778656126
0.0909090909090909
0.171936758893281
0.00395256916996047
0.00197628458498024
0.00592885375494071
0.895256916996047
0.891304347826087
0.887351778656126
0.624505928853755
0.58300395256917
0.571146245059289
0.511857707509881
0.521739130434783
0.00790513833992095
0.381422924901186
0.144268774703557
0.138339920948617
0.559288537549407
0.132411067193676
0.233201581027668
0.041501976284585
0.490118577075099
0.537549407114625
0.387351778656126
0.405138339920949
0.120553359683794
0.116600790513834
0.171936758893281
0.0770750988142292
0.0652173913043478
0.00790513833992095
0.901185770750988
0.897233201581028
0.308300395256917
0.306324110671937
0.942687747035573
0.638339920948617
0.638339920948617
0.229249011857708
0.268774703557312
0.171936758893281
0.171936758893281
0.0612648221343874
0.146245059288538
0.0770750988142292
0.0770750988142292
0.411067193675889
0.405138339920949
0.472332015810277
0.472332015810277
0.205533596837945
0.373517786561265
0.292490118577075
0.148221343873518
0.470355731225296
0.460474308300395
0.0573122529644269
0.0434782608695652
0.0177865612648221
1
0.897233201581028
0.486166007905138
0.308300395256917
0.792490118577075
0.207509881422925
0.201581027667984
0.0928853754940712
0.0573122529644269
0.0355731225296443
0.0177865612648221
0.533596837944664
0.385375494071146
0.245059288537549
0.300395256916996
0.146245059288538
0.0988142292490119
0.470355731225296
0.373517786561265
0.375494071146245
0.476284584980237
0.241106719367589
0.274703557312253
0.99604743083004
0.624505928853755
0.630434782608696
0.353754940711462
0.357707509881423
0.389328063241107
0.0197628458498024
0.00790513833992095
0.458498023715415
0.0810276679841897
0.225296442687747
0.314229249011858
0.523715415019763
0.756916996047431
0.24901185770751
0.409090909090909
0.0909090909090909
0.99604743083004
0.638339920948617
0.632411067193676
0.468379446640316
0.452569169960474
0.644268774703557
0.638339920948617
0.310276679841897
0.395256916996047
0.345849802371542
0.0474308300395257
0.0276679841897233
0.235177865612648
0.792490118577075
0.764822134387352
0.0988142292490119
0.0474308300395257
0.175889328063241
0.00395256916996047
0.0889328063241107
0.972332015810277
0.972332015810277
0.956521739130435
0.950592885375494
0.930830039525692
0.387351778656126
0.134387351778656
0.128458498023715
0.0968379446640316
0.549407114624506
0.353754940711462
0.357707509881423
0.379446640316206
0.389328063241107
0.126482213438735
0.225296442687747
0.262845849802372
1
0.99802371541502
0.99604743083004
0.980237154150198
0.980237154150198
0.800395256916996
0.968379446640316
0.952569169960474
0.956521739130435
0.286561264822134
0.288537549407115
0.41699604743083
0.458498023715415
0.482213438735178
0.16403162055336
0.150197628458498
0.124505928853755
0.426877470355731
0.108695652173913
0.00395256916996047
0.24901185770751
0.209486166007905
0.152173913043478
0.322134387351779
0.322134387351779
0.322134387351779
0.280632411067194
0.721343873517787
0.328063241106719
0.326086956521739
0.187747035573123
0.602766798418972
0.442687747035573
0.543478260869565
0.490118577075099
0.00988142292490119
0.132411067193676
0.130434782608696
0.0671936758893281
0.318181818181818
0.320158102766798
0.395256916996047
0.278656126482213
0.16403162055336
0.16403162055336
0.00395256916996047
0.114624505928854
1
0.91501976284585
0.988142292490119
0.652173913043478
0.717391304347826
0.66798418972332
0.517786561264822
0.3300395256917
0.183794466403162
0.112648221343874
0.114624505928854
0.705533596837945
0.118577075098814
0.379446640316206
0.551383399209486
0.191699604743083
0.320158102766798
0.395256916996047
0.112648221343874
0.175889328063241
0.130434782608696
0.369565217391304
0.369565217391304
0.213438735177866
0.150197628458498
0.146245059288538
0.25098814229249
0.0118577075098814
0.00197628458498024
0.00197628458498024
0.312252964426877
0.826086956521739
0.377470355731225
0.462450592885375
0.349802371541502
0.361660079051383
0.407114624505929
0.369565217391304
0.00197628458498024
0.359683794466403
0.41897233201581
0.505928853754941
0.505928853754941
0.162055335968379
0.00790513833992095
0.00790513833992095
0.00395256916996047
0.490118577075099
1
0.822134387351779
0.845849802371542
0.857707509881423
0.861660079051383
0.215415019762846
0.00197628458498024
0.207509881422925
0.205533596837945
0.50197628458498
0.5
0.928853754940711
0.377470355731225
0.83596837944664
0.49802371541502
0.225296442687747
0.343873517786561
0.341897233201581
0.227272727272727
0.205533596837945
0.0118577075098814
0.486166007905138
0.482213438735178
0.511857707509881
0.298418972332016
0.270750988142292
0.173913043478261
1
0.980237154150198
0.735177865612648
0.634387351778656
0.571146245059289
0.456521739130435
0.725296442687747
0.725296442687747
0.154150197628458
0.142292490118577
0.778656126482213
0.707509881422925
0.626482213438735
0.403162055335968
0.223320158102767
0.0988142292490119
0.567193675889328
0.241106719367589
0.274703557312253
0.00395256916996047
0.0691699604743083
0.211462450592885
0.130434782608696
0.201581027667984
0.00592885375494071
1
0.99604743083004
0.980237154150198
0.355731225296443
0.262845849802372
0.790513833992095
0.776679841897233
0.452569169960474
0.468379446640316
0.770750988142292
0.741106719367589
0.130434782608696
0.472332015810277
0.294466403162055
0.25296442687747
0.154150197628458
0.156126482213439
0.565217391304348
0.227272727272727
0.280632411067194
0.00395256916996047
0.201581027667984
0.162055335968379
0.982213438735178
0.976284584980237
0.239130434782609
0.243083003952569
0.446640316205534
0.3300395256917
0.622529644268775
0.58300395256917
0.349802371541502
0.112648221343874
0.472332015810277
0.00790513833992095
0.482213438735178
0.337944664031621
0.16798418972332
0.154150197628458
0.106719367588933
0.104743083003953
0.0671936758893281
0.00395256916996047
0
0.743083003952569
0.312252964426877
0.306324110671937
0.691699604743083
0.288537549407115
0.241106719367589
0.982213438735178
0.978260869565217
0.729249011857708
0.365612648221344
0.470355731225296
0.490118577075099
0.314229249011858
0.626482213438735
0.181818181818182
0.177865612648221
0.343873517786561
0.1699604743083
0.480237154150198
0.310276679841897
0.367588932806324
0.733201581027668
0.00395256916996047
0.349802371541502
0.100790513833992
0.110671936758893
0.0434782608695652
0.0355731225296443
0.223320158102767
0.745059288537549
0.114624505928854
0.432806324110672
0.865612648221344
0.689723320158103
0.185770750988142
0.654150197628458
0.650197628458498
0.231225296442688
0.225296442687747
0.197628458498024
0.134387351778656
0.108695652173913
0.264822134387352
0.286561264822134
0.156126482213439
0.0256916996047431
0.790513833992095
0.798418972332016
0.513833992094862
0.357707509881423
0.282608695652174
0.286561264822134
0.549407114624506
0.721343873517787
0.731225296442688
0.675889328063241
0.50395256916996
0.0711462450592885
0.0177865612648221
0.00395256916996047
0.0118577075098814
0.494071146245059
0.58498023715415
0.58498023715415
0.656126482213439
0.654150197628458
0.648221343873518
0.337944664031621
0.314229249011858
0.745059288537549
0.729249011857708
0.116600790513834
0.110671936758893
0.0731225296442688
0.104743083003953
0.0652173913043478
0.0790513833992095
0.353754940711462
0.288537549407115
0.0573122529644269
0.0197628458498024
0.41501976284585
0.175889328063241
0.284584980237154
0.211462450592885
0.58498023715415
0.58498023715415
0.00790513833992095
0.00197628458498024
0.00592885375494071
0.907114624505929
0.905138339920949
0.00790513833992095
0.00790513833992095
0.721343873517787
0.687747035573123
0.794466403162055
0.387351778656126
0.424901185770751
0.223320158102767
0.201581027667984
0.116600790513834
0.462450592885375
0.782608695652174
0.347826086956522
1
0.99802371541502
0.99604743083004
0.446640316205534
0.422924901185771
0.422924901185771
0.422924901185771
0.715415019762846
0.788537549407115
0.788537549407115
0.365612648221344
0.365612648221344
0.365612648221344
0.733201581027668
0.114624505928854
0.0573122529644269
0.0118577075098814
0.525691699604743
0.49604743083004
0.365612648221344
0.385375494071146
0.407114624505929
0.456521739130435
0.322134387351779
0.140316205533597
0.233201581027668
0.0652173913043478
0.0731225296442688
1
0.99604743083004
0.33596837944664
0.33201581027668
0.347826086956522
0.345849802371542
0.430830039525692
0.428853754940711
0.426877470355731
0.442687747035573
0.432806324110672
0.474308300395257
0.478260869565217
0.604743083003953
0.432806324110672
0.407114624505929
0.411067193675889
0.33399209486166
0.304347826086957
0.324110671936759
0.322134387351779
0.422924901185771
0.00790513833992095
0.387351778656126
0.509881422924901
0.136363636363636
0.0256916996047431
1
0.693675889328063
0.33399209486166
0.33201581027668
0.00197628458498024
0.134387351778656
0.440711462450593
0.0652173913043478
0.0573122529644269
0.0217391304347826
0.148221343873518
0.468379446640316
0.539525691699605
0.490118577075099
0.00988142292490119
0.16798418972332
0.154150197628458
0.367588932806324
0.711462450592885
0.369565217391304
0.306324110671937
0.278656126482213
0.0177865612648221
0.00592885375494071
0.505928853754941
0.50395256916996
0.136363636363636
0.345849802371542
0.735177865612648
1
0.393280632411067
0.395256916996047
0.393280632411067
0.233201581027668
0.219367588932806
0.41304347826087
0.0928853754940712
0.0533596837944664
0.717391304347826
0.50395256916996
0.160079051383399
0.160079051383399
0.274703557312253
0.189723320158103
0.189723320158103
0.136363636363636
0.480237154150198
0.353754940711462
0.893280632411067
0.557312252964427
0.0928853754940712
0.235177865612648
0.00592885375494071
0.00197628458498024
0.116600790513834
0.385375494071146
0.175889328063241
0.0454545454545455
0.58695652173913
0.588932806324111
0.58695652173913
0.58498023715415
0.217391304347826
0.424901185770751
0.424901185770751
0.713438735177866
0.754940711462451
0.16403162055336
0.160079051383399
0.0632411067193676
0.0494071146245059
0.16600790513834
0.00395256916996047
0.41501976284585
0.893280632411067
0.16403162055336
0.177865612648221
0.177865612648221
0.124505928853755
0.324110671936759
0.387351778656126
0.847826086956522
0.221343873517787
1
0.511857707509881
0.50395256916996
0.448616600790514
0.920948616600791
0.658102766798419
0.00197628458498024
0.786561264822134
0.782608695652174
0.369565217391304
0.381422924901186
0.397233201581028
0.701581027667984
0.272727272727273
0.476284584980237
0.474308300395257
0.391304347826087
0.780632411067194
0.328063241106719
0.509881422924901
0.509881422924901
0.268774703557312
0.58102766798419
0.567193675889328
0.328063241106719
0.318181818181818
0.205533596837945
0.116600790513834
0.507905138339921
0.920948616600791
0.201581027667984
0.839920948616601
0.824110671936759
0.699604743083004
0.509881422924901
0.883399209486166
0.938735177865613
0.679841897233202
0.658102766798419
0.383399209486166
0.389328063241107
0.780632411067194
0.154150197628458
0.401185770750988
0.312252964426877
0.579051383399209
0.00592885375494071
0.0138339920948617
0.505928853754941
1
0.513833992094862
0.511857707509881
0.509881422924901
0.270750988142292
0.290513833992095
0.288537549407115
0.646245059288538
0.0395256916996047
0.199604743083004
0.120553359683794
0.0592885375494071
0.041501976284585
0.790513833992095
0.75296442687747
0.703557312252964
0.276679841897233
0.731225296442688
0.778656126482213
0.782608695652174
0.108695652173913
0.409090909090909
0.466403162055336
0.00988142292490119
0.00592885375494071
1
0.474308300395257
0.474308300395257
0.709486166007905
0.235177865612648
0.492094861660079
0.288537549407115
0.219367588932806
0.0454545454545455
0.0296442687747036
0.0296442687747036
0.00395256916996047
0.00395256916996047
0.00197628458498024
0.00988142292490119
0.703557312252964
0.709486166007905
0.282608695652174
0.0494071146245059
0.00592885375494071
0.849802371541502
0.41699604743083
0.533596837944664
0.517786561264822
0.235177865612648
0.99802371541502
0.99604743083004
0.681818181818182
0.245059288537549
0.0968379446640316
0.075098814229249
0.790513833992095
0.804347826086957
0.134387351778656
0.140316205533597
0.0494071146245059
0.00395256916996047
0.00197628458498024
0
0.8300395256917
0.873517786561265
0.889328063241107
0.00197628458498024
0.881422924901186
0.191699604743083
0.197628458498024
0.241106719367589
0.120553359683794
0.0948616600790514
0.0731225296442688
0.1699604743083
0.99802371541502
0.24703557312253
0.245059288537549
0.241106719367589
0.120553359683794
0.116600790513834
0.0988142292490119
0.148221343873518
0.00790513833992095
0.00395256916996047
0.691699604743083
0.0790513833992095
0.0513833992094862
0.0375494071146245
0.0237154150197628
0.0553359683794466
0.588932806324111
0.851778656126482
0.24703557312253
0.282608695652174
0.654150197628458
0.00395256916996047
0.0612648221343874
1
0.99802371541502
0.99604743083004
0.41501976284585
0.355731225296443
0.349802371541502
0.347826086956522
0.519762845849802
0.507905138339921
0.296442687747036
0.189723320158103
0.644268774703557
0.0968379446640316
0.237154150197628
0.357707509881423
0.00988142292490119
0.075098814229249
0.0731225296442688
0.0316205533596838
0.634387351778656
0.853754940711462
0.841897233201581
0.66403162055336
0.650197628458498
0.50197628458498
0.507905138339921
0.575098814229249
0.588932806324111
0.604743083003953
0.373517786561265
0.509881422924901
0.715415019762846
0.555335968379447
0.553359683794466
0.545454545454545
0.0988142292490119
0.0968379446640316
0.146245059288538
0.0217391304347826
0.00592885375494071
0.00197628458498024
0
0.258893280632411
0.258893280632411
0.108695652173913
0.697628458498024
0.652173913043478
0.00197628458498024
0.0118577075098814
0.191699604743083
0.930830039525692
0.928853754940711
0.260869565217391
0.339920948616601
0.278656126482213
0.00790513833992095
0.304347826086957
0.294466403162055
0.290513833992095
0.703557312252964
0.519762845849802
0.612648221343874
0.466403162055336
0.308300395256917
0.00592885375494071
0.523715415019763
0.373517786561265
0.306324110671937
0.468379446640316
0.397233201581028
0.513833992094862
0.233201581027668
0.209486166007905
0.201581027667984
0.644268774703557
0.08300395256917
0.0652173913043478
0.00395256916996047
0.928853754940711
0.924901185770751
0.569169960474308
0.266798418972332
0.0592885375494071
0.604743083003953
0.628458498023715
0.448616600790514
0.600790513833992
0.0138339920948617
0.154150197628458
0.312252964426877
0.466403162055336
0.616600790513834
0.308300395256917
0.256916996047431
0.193675889328063
0.201581027667984
0.395256916996047
0.41304347826087
0.0731225296442688
0.0731225296442688
0.134387351778656
0.00592885375494071
0.160079051383399
1
0.658102766798419
0.379446640316206
0.472332015810277
0.523715415019763
0.675889328063241
0.673913043478261
0.41304347826087
0.100790513833992
0.203557312252964
0.201581027667984
0.199604743083004
0.555335968379447
0.428853754940711
0.553359683794466
0.559288537549407
0.0296442687747036
0.154150197628458
0.0770750988142292
0.0731225296442688
0.0671936758893281
0.0434782608695652
0.0395256916996047
1
0.99802371541502
0.318181818181818
0.847826086956522
0.549407114624506
0.531620553359684
0.00988142292490119
0.00790513833992095
0.274703557312253
0.148221343873518
0.102766798418972
0.0454545454545455
0.448616600790514
0.438735177865613
0.357707509881423
0.535573122529644
0.426877470355731
0.509881422924901
0.00790513833992095
0.0138339920948617
0.0276679841897233
0.00197628458498024
0.0988142292490119
0.0355731225296443
0.0276679841897233
0.58695652173913
0.596837944664032
0.804347826086957
1
0.99604743083004
0.596837944664032
0.367588932806324
0.369565217391304
0.369565217391304
0.292490118577075
0.322134387351779
0.0928853754940712
0.00592885375494071
0.124505928853755
0.0375494071146245
0.0770750988142292
0.136363636363636
0.533596837944664
0.529644268774704
0.525691699604743
0.456521739130435
0.634387351778656
0.541501976284585
0.610671936758893
0.175889328063241
0.322134387351779
0.183794466403162
0.128458498023715
0.424901185770751
1
0.99604743083004
0.992094861660079
0.193675889328063
0.197628458498024
0.189723320158103
0.444664031620553
0.3300395256917
0.322134387351779
0.320158102766798
0.381422924901186
0.225296442687747
0.136363636363636
0.134387351778656
0.140316205533597
0.505928853754941
0.541501976284585
0.160079051383399
0.175889328063241
0.563241106719368
0.191699604743083
0.193675889328063
0.243083003952569
0.509881422924901
0.507905138339921
1
0.99802371541502
0.99604743083004
0.478260869565217
0.0948616600790514
0.0810276679841897
0.575098814229249
0.50395256916996
0.531620553359684
0.519762845849802
0.215415019762846
0.422924901185771
0.110671936758893
0.308300395256917
0.294466403162055
0.519762845849802
0.632411067193676
0.909090909090909
0.116600790513834
0.114624505928854
0.00395256916996047
0.0849802371541502
0.195652173913043
0.104743083003953
0.656126482213439
0.450592885375494
0.446640316205534
0.0810276679841897
0.527667984189723
0.130434782608696
0.207509881422925
0.229249011857708
0.41501976284585
0.531620553359684
0.683794466403162
0.911067193675889
0.142292490118577
0.00197628458498024
0.211462450592885
0.195652173913043
0.24703557312253
0.213438735177866
0.215415019762846
0.25296442687747
0.656126482213439
0.685770750988142
0.681818181818182
0.677865612648221
0.369565217391304
0.260869565217391
0.529644268774704
0.318181818181818
0.389328063241107
0.438735177865613
0.66798418972332
0.407114624505929
0.561264822134387
0.531620553359684
0.519762845849802
0.608695652173913
0.577075098814229
0.806324110671937
0.120553359683794
0.0968379446640316
0.0395256916996047
0.0276679841897233
0.00197628458498024
0.565217391304348
0.33596837944664
0.488142292490119
0.146245059288538
0.729249011857708
0.681818181818182
0.679841897233202
0.679841897233202
0.533596837944664
0.837944664031621
0.312252964426877
0.318181818181818
0.156126482213439
0.369565217391304
0.671936758893281
0.561264822134387
0.531620553359684
0.00197628458498024
0.563241106719368
0.577075098814229
0.130434782608696
0.120553359683794
0.58102766798419
0.577075098814229
0.707509881422925
0.885375494071146
0.389328063241107
0.308300395256917
0.725296442687747
1
0.99802371541502
0.484189723320158
0.339920948616601
0.822134387351779
0.256916996047431
0.243083003952569
0.132411067193676
0.782608695652174
0.774703557312253
0.50395256916996
0.66403162055336
0.322134387351779
0.324110671936759
0.183794466403162
0.16798418972332
0.00592885375494071
0.687747035573123
0.492094861660079
0.486166007905138
0.683794466403162
0.689723320158103
0.033596837944664
0.286561264822134
0.385375494071146
0.509881422924901
0.507905138339921
0.810276679841897
0.254940711462451
0.243083003952569
0.239130434782609
0.104743083003953
0.549407114624506
0.602766798418972
0.290513833992095
0.144268774703557
0.719367588932806
0.219367588932806
0.207509881422925
0.324110671936759
0.33399209486166
0.278656126482213
0.270750988142292
0.310276679841897
0.691699604743083
0.687747035573123
0.00395256916996047
0.683794466403162
0.691699604743083
0.00395256916996047
0.490118577075099
0.33201581027668
0.343873517786561
