1
1
0.673913043478261
0.312252964426877
0.608695652173913
0.604743083003953
0.681818181818182
0.339920948616601
0.488142292490119
0.0217391304347826
0.306324110671937
0.308300395256917
0.727272727272727
0.701581027667984
0.274703557312253
0.717391304347826
0.424901185770751
0.604743083003953
0.324110671936759
0.351778656126482
0.134387351778656
0.138339920948617
1
1
0.671936758893281
0.260869565217391
0.116600790513834
0.316205533596838
0.292490118577075
0.0474308300395257
0.0118577075098814
0.543478260869565
0.545454545454545
0.551383399209486
0.434782608695652
0.711462450592885
0.719367588932806
0.430830039525692
0.343873517786561
0.324110671936759
0.25098814229249
0.328063241106719
0.326086956521739
1
1
1
0.608695652173913
0.594861660079051
0.158102766798419
0.140316205533597
0.511857707509881
0.490118577075099
0.685770750988142
0.671936758893281
0.1699604743083
0.594861660079051
0.371541501976285
0.262845849802372
0.66798418972332
0.438735177865613
0.363636363636364
0.796442687747036
0.0731225296442688
0.0731225296442688
0.347826086956522
0.328063241106719
1
1
0.602766798418972
0.312252964426877
0.154150197628458
0.130434782608696
0.523715415019763
0.484189723320158
0.620553359683794
0.41304347826087
0.405138339920949
0.691699604743083
0.341897233201581
0.363636363636364
0.509881422924901
0.0138339920948617
1
0.363636363636364
0.83201581027668
0.0968379446640316
0.033596837944664
0.0533596837944664
0.420948616600791
0.901185770750988
0.272727272727273
0.173913043478261
0.0138339920948617
0.00197628458498024
0.270750988142292
0.270750988142292
0.543478260869565
0.225296442687747
0.0909090909090909
1
1
1
1
0.100790513833992
0.0612648221343874
0.705533596837945
0.701581027667984
0.784584980237154
0.507905138339921
0.922924901185771
0.33399209486166
0.314229249011858
0.715415019762846
0.543478260869565
0.126482213438735
0.284584980237154
0.383399209486166
0.0889328063241107
0.126482213438735
1
1
0.33596837944664
0.389328063241107
0.385375494071146
0.373517786561265
0.602766798418972
0.588932806324111
0.579051383399209
0.6699604743083
0.450592885375494
0.0158102766798419
0.341897233201581
0.367588932806324
0.284584980237154
0.634387351778656
0.235177865612648
1
1
0.792490118577075
0.784584980237154
0.0118577075098814
0.00592885375494071
0.00592885375494071
0.373517786561265
0.369565217391304
0.158102766798419
0.16798418972332
0.211462450592885
0.146245059288538
0.598814229249012
0.150197628458498
0.343873517786561
0.318181818181818
0.681818181818182
0.24901185770751
0.464426877470356
0.464426877470356
1
1
1
1
1
0.033596837944664
0.0118577075098814
0.930830039525692
0.58300395256917
0.571146245059289
0.521739130434783
0.341897233201581
0.187747035573123
0.229249011857708
0.0355731225296443
0.0197628458498024
0.650197628458498
1
0.482213438735178
0.948616600790514
0.930830039525692
0.693675889328063
0.58102766798419
0.375494071146245
0.379446640316206
0.507905138339921
0.150197628458498
0.0118577075098814
0.594861660079051
0.699604743083004
0.735177865612648
0.237154150197628
1
1
0.83201581027668
0.828063241106719
0.296442687747036
0.243083003952569
0.0968379446640316
0.446640316205534
0.545454545454545
0.519762845849802
0.612648221343874
0.610671936758893
0.612648221343874
0.610671936758893
0.213438735177866
0.814229249011858
0.41501976284585
0.403162055335968
0.215415019762846
0.181818181818182
0.183794466403162
1
1
0.521739130434783
0.569169960474308
0.146245059288538
0.545454545454545
0.112648221343874
0.112648221343874
0.075098814229249
0.612648221343874
0.612648221343874
0.612648221343874
0.683794466403162
0.254940711462451
0.687747035573123
0.411067193675889
0.171936758893281
0.181818181818182
1
0.618577075098814
0.978260869565217
0.260869565217391
0.262845849802372
0.472332015810277
0.41897233201581
0.235177865612648
0.262845849802372
0.460474308300395
0.326086956521739
0.484189723320158
0.318181818181818
1
1
1
1
0.389328063241107
0.365612648221344
0.0592885375494071
0.0513833992094862
0.211462450592885
0.0256916996047431
0.233201581027668
0.604743083003953
0.446640316205534
0.302371541501976
1
1
1
0.711462450592885
0.715415019762846
0.154150197628458
0.314229249011858
0.875494071146245
0.231225296442688
0.0790513833992095
0.391304347826087
0.175889328063241
0.428853754940711
0.0494071146245059
0.486166007905138
0.1699604743083
0.16600790513834
0.102766798418972
1
0.282608695652174
0.276679841897233
0.154150197628458
0.154150197628458
0.565217391304348
0.509881422924901
0.557312252964427
0.24901185770751
0.16798418972332
0.432806324110672
0.482213438735178
0.49802371541502
0.363636363636364
0.235177865612648
0.422924901185771
1
1
1
1
0.407114624505929
0.393280632411067
0.926877470355731
0.671936758893281
0.646245059288538
0.286561264822134
0.235177865612648
0.812252964426877
0.339920948616601
0.3300395256917
0.0474308300395257
0.00395256916996047
0.0237154150197628
0.0138339920948617
0.337944664031621
0.345849802371542
1
0.393280632411067
0.395256916996047
0.158102766798419
0.122529644268775
0.466403162055336
0.464426877470356
0.816205533596838
0.130434782608696
0.278656126482213
0.33399209486166
0.521739130434783
0.0790513833992095
0.0928853754940712
0.345849802371542
0.351778656126482
1
1
0.980237154150198
0.324110671936759
0.219367588932806
0.207509881422925
0.75098814229249
0.140316205533597
0.108695652173913
0.260869565217391
0.25296442687747
0.262845849802372
0.648221343873518
0.130434782608696
0.509881422924901
0.49802371541502
0.549407114624506
1
0.980237154150198
0.974308300395257
0.559288537549407
0.0355731225296443
0.219367588932806
0.205533596837945
0.616600790513834
0.0592885375494071
0.66403162055336
0.6699604743083
0.292490118577075
0.296442687747036
0.1699604743083
0.132411067193676
0.122529644268775
0.513833992094862
0.5
0.49604743083004
0.181818181818182
1
1
1
1
0.642292490118577
0.278656126482213
0.134387351778656
0.474308300395257
0.466403162055336
0.646245059288538
0.140316205533597
0.144268774703557
0.383399209486166
0.58102766798419
0.361660079051383
1
1
0.741106719367589
0.533596837944664
0.0849802371541502
0.258893280632411
0.298418972332016
0.177865612648221
0.181818181818182
0.0790513833992095
0.215415019762846
0.405138339920949
0.371541501976285
0.391304347826087
0.523715415019763
1
1
1
1
0.0671936758893281
0.0395256916996047
0.488142292490119
0.486166007905138
0.559288537549407
0.553359683794466
0.812252964426877
0.442687747035573
0.25098814229249
0.529644268774704
0.537549407114625
0.446640316205534
0.484189723320158
1
1
1
0.0790513833992095
0.0375494071146245
0.488142292490119
0.158102766798419
0.0474308300395257
0.816205533596838
0.818181818181818
0.808300395256917
0.377470355731225
0.296442687747036
0.254940711462451
0.446640316205534
0.403162055335968
0.403162055335968
1
1
0.691699604743083
0.298418972332016
0.227272727272727
0.337944664031621
0.284584980237154
0.284584980237154
0.118577075098814
0.0276679841897233
0.183794466403162
0.104743083003953
0.104743083003953
0.0355731225296443
0.662055335968379
0.733201581027668
0.703557312252964
0.818181818181818
0.770750988142292
0.75098814229249
0.33596837944664
0.328063241106719
0.322134387351779
1
0.211462450592885
0.227272727272727
0.217391304347826
0.266798418972332
0.229249011857708
0.0316205533596838
0.00592885375494071
0.00988142292490119
0.16403162055336
0.104743083003953
0.205533596837945
0.0968379446640316
0.727272727272727
0.705533596837945
0.818181818181818
0.75098814229249
0.33596837944664
0.33201581027668
1
1
1
0.689723320158103
0.454545454545455
0.446640316205534
0.438735177865613
0.476284584980237
0.620553359683794
0.432806324110672
0.16798418972332
0.557312252964427
0.278656126482213
0.203557312252964
0.262845849802372
0.306324110671937
0.300395256916996
0.0909090909090909
0.150197628458498
1
1
1
0.687747035573123
0.100790513833992
0.472332015810277
0.389328063241107
0.513833992094862
0.707509881422925
0.606719367588933
0.430830039525692
0.573122529644269
0.00395256916996047
0.0177865612648221
0.314229249011858
0.300395256916996
0.537549407114625
0.442687747035573
0.280632411067194
0.274703557312253
0.446640316205534
0.266798418972332
0.118577075098814
1
0.375494071146245
0.83201581027668
0.83201581027668
0.843873517786561
0.705533596837945
0.701581027667984
0.656126482213439
0.3300395256917
0.484189723320158
0.0928853754940712
0.0948616600790514
0.16600790513834
0.345849802371542
0.268774703557312
0.254940711462451
0.229249011857708
0.337944664031621
0.296442687747036
1
1
1
0.375494071146245
0.847826086956522
0.553359683794466
0.112648221343874
0.0869565217391304
0.565217391304348
0.588932806324111
0.592885375494071
0.638339920948617
0.33596837944664
0.58102766798419
0.541501976284585
0.337944664031621
1
1
1
0.992094861660079
0.373517786561265
0.379446640316206
0.369565217391304
0.223320158102767
0.444664031620553
0.462450592885375
0.24703557312253
0.112648221343874
0.0197628458498024
0.144268774703557
0.687747035573123
0.662055335968379
1
1
1
0.359683794466403
0.337944664031621
0.146245059288538
0.0632411067193676
0.644268774703557
0.458498023715415
0.0948616600790514
0.0355731225296443
0.444664031620553
0.462450592885375
0.0612648221343874
0.033596837944664
0.033596837944664
0.0276679841897233
0.25098814229249
0.632411067193676
0.626482213438735
0.673913043478261
1
1
1
0.994071146245059
0.189723320158103
0.539525691699605
0.885375494071146
0.83596837944664
0.355731225296443
0.316205533596838
0.476284584980237
0.476284584980237
0.66600790513834
0.50197628458498
0.826086956521739
0.622529644268775
0.286561264822134
0.8300395256917
0.91897233201581
0.0988142292490119
1
1
1
0.624505928853755
0.207509881422925
0.545454545454545
0.547430830039526
0.889328063241107
0.223320158102767
0.875494071146245
0.320158102766798
0.144268774703557
0.0118577075098814
0.213438735177866
0.310276679841897
0.656126482213439
0.237154150197628
0.130434782608696
0.0513833992094862
1
0.966403162055336
0.960474308300395
0.264822134387352
0.00988142292490119
0.217391304347826
0.112648221343874
0.624505928853755
0.543478260869565
0.675889328063241
0.464426877470356
0.422924901185771
0.434782608695652
0.245059288537549
0.217391304347826
0.173913043478261
0.203557312252964
0.209486166007905
0.274703557312253
0.136363636363636
0.298418972332016
0.146245059288538
1
1
0.960474308300395
0.347826086956522
0.456521739130435
0.241106719367589
0.179841897233202
0.1699604743083
0.0217391304347826
0.671936758893281
0.715415019762846
0.8300395256917
0.464426877470356
0.422924901185771
0.245059288537549
0.272727272727273
0.270750988142292
0.0612648221343874
0.0533596837944664
0.0691699604743083
0.0691699604743083
0.211462450592885
0.594861660079051
1
0.99604743083004
0.681818181818182
0.130434782608696
0.409090909090909
0.41304347826087
0.545454545454545
0.00395256916996047
0.142292490118577
0.525691699604743
0.515810276679842
0.83201581027668
0.199604743083004
0.197628458498024
0.381422924901186
1
1
1
0.377470355731225
0.355731225296443
0.231225296442688
0.112648221343874
0.0770750988142292
0.681818181818182
0.679841897233202
0.24703557312253
0.0869565217391304
0.573122529644269
0.00790513833992095
0.00395256916996047
0.0770750988142292
0.521739130434783
0.268774703557312
0.278656126482213
1
1
0.903162055335968
0.341897233201581
0.341897233201581
0.16600790513834
0.0928853754940712
0.110671936758893
0.555335968379447
0.555335968379447
0.662055335968379
0.3300395256917
0.373517786561265
0.351778656126482
0.310276679841897
0.357707509881423
0.786561264822134
0.440711462450593
1
1
0.903162055335968
0.891304347826087
0.150197628458498
0.108695652173913
0.185770750988142
0.215415019762846
0.213438735177866
0.122529644268775
0.114624505928854
0.294466403162055
0.365612648221344
0.355731225296443
0.786561264822134
0.440711462450593
1
1
0.91501976284585
0.610671936758893
0.134387351778656
0.0948616600790514
0.0988142292490119
0.383399209486166
0.379446640316206
0.426877470355731
0.191699604743083
0.177865612648221
0.292490118577075
0.156126482213439
0.770750988142292
0.760869565217391
0.397233201581028
0.355731225296443
0.217391304347826
0.547430830039526
0.245059288537549
1
1
0.296442687747036
0.0810276679841897
0.106719367588933
0.434782608695652
0.385375494071146
0.177865612648221
0.0454545454545455
0.707509881422925
0.723320158102767
0.770750988142292
0.397233201581028
0.355731225296443
0.537549407114625
0.539525691699605
0.0928853754940712
0.0454545454545455
1
1
1
1
0.590909090909091
0.887351778656126
0.551383399209486
0.839920948616601
0.0217391304347826
0.189723320158103
0.0711462450592885
0.0612648221343874
0.367588932806324
0.310276679841897
0.140316205533597
0.179841897233202
0.209486166007905
0.0849802371541502
0.571146245059289
1
1
0.592885375494071
0.130434782608696
0.778656126482213
0.816205533596838
0.173913043478261
0.00395256916996047
0.405138339920949
0.377470355731225
0.189723320158103
0.565217391304348
0.355731225296443
0.363636363636364
0.308300395256917
0.306324110671937
0.0513833992094862
0.0632411067193676
0.0691699604743083
0.616600790513834
0.075098814229249
0.612648221343874
0.569169960474308
0.731225296442688
1
0.223320158102767
0.0770750988142292
0.0553359683794466
0.233201581027668
0.181818181818182
0.549407114624506
0.549407114624506
0.776679841897233
0.841897233201581
0.612648221343874
0.00395256916996047
0.124505928853755
0.124505928853755
0.0612648221343874
0.203557312252964
0.146245059288538
0.211462450592885
0.108695652173913
0.0652173913043478
0.0632411067193676
0.041501976284585
1
1
1
0.99604743083004
0.377470355731225
0.233201581027668
0.181818181818182
0.33399209486166
0.114624505928854
0.559288537549407
0.618577075098814
0.480237154150198
0.231225296442688
0.033596837944664
0.41897233201581
0.422924901185771
0.422924901185771
0.541501976284585
0.537549407114625
1
1
0.624505928853755
0.310276679841897
0.298418972332016
0.290513833992095
0.116600790513834
0.075098814229249
0.075098814229249
0.0454545454545455
0.24703557312253
0.24703557312253
0.25098814229249
0.25098814229249
0.83201581027668
0.278656126482213
0.197628458498024
0.337944664031621
0.339920948616601
0.616600790513834
0.58695652173913
1
1
0.624505928853755
0.260869565217391
0.373517786561265
0.377470355731225
0.511857707509881
0.0316205533596838
0.0256916996047431
0.41304347826087
0.432806324110672
0.207509881422925
0.0197628458498024
0.075098814229249
0.0513833992094862
0.243083003952569
0.41699604743083
0.468379446640316
1
1
0.806324110671937
0.798418972332016
0.0849802371541502
0.219367588932806
0.442687747035573
0.559288537549407
0.266798418972332
0.00790513833992095
0.0434782608695652
0.0454545454545455
0.0592885375494071
0.0158102766798419
0.0138339920948617
0.650197628458498
0.235177865612648
0.106719367588933
0.201581027667984
0.195652173913043
0.0652173913043478
1
0.806324110671937
0.519762845849802
0.235177865612648
0.211462450592885
0.256916996047431
0.282608695652174
0.0948616600790514
0.0513833992094862
0.0652173913043478
0.0592885375494071
0.0573122529644269
0.49802371541502
0.5
0.49604743083004
0.646245059288538
0.256916996047431
0.197628458498024
0.0316205533596838
0.0928853754940712
1
1
0.743083003952569
0.288537549407115
0.49604743083004
0.197628458498024
0.191699604743083
0.541501976284585
0.529644268774704
0.308300395256917
0.743083003952569
0.74703557312253
0.596837944664032
0.476284584980237
0.551383399209486
0.217391304347826
0.223320158102767
0.322134387351779
0.320158102766798
0.527667984189723
0.527667984189723
1
1
0.743083003952569
0.195652173913043
0.191699604743083
0.0849802371541502
0.266798418972332
0.254940711462451
0.294466403162055
0.592885375494071
0.462450592885375
0.462450592885375
0.462450592885375
0.359683794466403
0.519762845849802
0.399209486166008
0.306324110671937
0.422924901185771
0.278656126482213
0.120553359683794
0.527667984189723
0.527667984189723
0.531620553359684
0.25098814229249
1
1
1
0.484189723320158
0.472332015810277
0.970355731225296
0.351778656126482
0.288537549407115
0.158102766798419
0.148221343873518
0.557312252964427
0.656126482213439
0.337944664031621
0.0158102766798419
0.288537549407115
0.644268774703557
0.654150197628458
0.104743083003953
1
0.484189723320158
0.152173913043478
0.0869565217391304
0.0810276679841897
0.185770750988142
0.158102766798419
0.148221343873518
0.128458498023715
0.681818181818182
0.33399209486166
0.306324110671937
0.239130434782609
0.644268774703557
0.650197628458498
0.58102766798419
1
1
0.934782608695652
0.928853754940711
0.316205533596838
0.561264822134387
0.369565217391304
0.428853754940711
0.160079051383399
0.16600790513834
0.185770750988142
0.146245059288538
0.337944664031621
0.0513833992094862
0.114624505928854
0.185770750988142
0.74901185770751
1
1
0.934782608695652
0.0158102766798419
0.211462450592885
0.213438735177866
0.424901185770751
0.420948616600791
0.181818181818182
0.183794466403162
0.328063241106719
0.316205533596838
0.288537549407115
0.221343873517787
0.213438735177866
0.509881422924901
0.515810276679842
1
1
0.24901185770751
0.33596837944664
0.243083003952569
0.108695652173913
0.213438735177866
0.191699604743083
0.197628458498024
0.112648221343874
0.614624505928854
0.521739130434783
0.181818181818182
0.385375494071146
0.122529644268775
0.033596837944664
0.1699604743083
0.160079051383399
0.00988142292490119
1
1
0.897233201581028
0.304347826086957
0.292490118577075
0.575098814229249
0.16798418972332
0.298418972332016
0.146245059288538
0.205533596837945
0.126482213438735
0.041501976284585
0.685770750988142
0.527667984189723
0.385375494071146
0.033596837944664
0.1699604743083
0.160079051383399
0.0217391304347826
1
1
1
1
0.881422924901186
0.486166007905138
0.308300395256917
0.632411067193676
0.618577075098814
0.622529644268775
0.296442687747036
0.158102766798419
0.158102766798419
0.405138339920949
0.407114624505929
0.205533596837945
0.160079051383399
0.00592885375494071
1
0.883399209486166
0.901185770750988
0.308300395256917
0.308300395256917
0.179841897233202
0.203557312252964
0.112648221343874
0.343873517786561
0.424901185770751
0.381422924901186
0.294466403162055
0.286561264822134
0.472332015810277
0.173913043478261
0.1699604743083
0.183794466403162
0.171936758893281
0.292490118577075
0.314229249011858
0.324110671936759
1
1
1
0.992094861660079
0.642292490118577
0.3300395256917
0.644268774703557
0.618577075098814
0.632411067193676
0.563241106719368
0.553359683794466
0.343873517786561
0.656126482213439
0.638339920948617
0.373517786561265
0.308300395256917
0.312252964426877
0.075098814229249
0.191699604743083
0.264822134387352
0.642292490118577
0.66403162055336
0.58102766798419
0.260869565217391
0.134387351778656
1
1
1
0.988142292490119
0.363636363636364
0.326086956521739
0.628458498023715
0.616600790513834
0.608695652173913
0.555335968379447
0.555335968379447
0.454545454545455
0.41304347826087
0.557312252964427
0.871541501976285
0.373517786561265
0.458498023715415
0.458498023715415
0.128458498023715
0.58102766798419
0.409090909090909
0.0909090909090909
1
0.988142292490119
0.988142292490119
0.270750988142292
0.278656126482213
0.387351778656126
0.08300395256917
0.24703557312253
0.24703557312253
0.33596837944664
0.367588932806324
0.231225296442688
0.658102766798419
1
1
1
1
0.992094861660079
0.972332015810277
0.41699604743083
0.420948616600791
0.922924901185771
0.262845849802372
0.0375494071146245
0.452569169960474
0.0612648221343874
0.296442687747036
0.207509881422925
1
1
0.91897233201581
0.322134387351779
0.314229249011858
0.5
0.543478260869565
0.237154150197628
0.237154150197628
0.705533596837945
0.0454545454545455
0.128458498023715
0.515810276679842
0.318181818181818
0.272727272727273
0.243083003952569
0.0118577075098814
0.262845849802372
0.347826086956522
1
1
1
0.646245059288538
0.630434782608696
0.630434782608696
0.541501976284585
0.326086956521739
0.160079051383399
0.438735177865613
0.162055335968379
0.162055335968379
0.517786561264822
0.318181818181818
0.318181818181818
0.112648221343874
0.112648221343874
0.0770750988142292
0.0256916996047431
0.387351778656126
0.365612648221344
1
1
0.075098814229249
0.0276679841897233
0.0316205533596838
0.310276679841897
0.310276679841897
0.83201581027668
0.179841897233202
0.00790513833992095
0.608695652173913
0.401185770750988
0.391304347826087
0.383399209486166
0.355731225296443
0.033596837944664
0.399209486166008
0.399209486166008
1
1
1
0.213438735177866
0.207509881422925
0.490118577075099
0.5
0.361660079051383
0.592885375494071
0.215415019762846
0.314229249011858
0.505928853754941
0.185770750988142
0.173913043478261
0.175889328063241
0.399209486166008
0.399209486166008
0.6699604743083
1
1
1
0.99604743083004
0.671936758893281
0.984189723320158
0.798418972332016
0.782608695652174
0.705533596837945
0.529644268774704
0.606719367588933
0.118577075098814
0.203557312252964
0.442687747035573
0.523715415019763
0.25098814229249
0.187747035573123
0.00592885375494071
1
1
1
0.66600790513834
0.986166007905138
0.984189723320158
0.0494071146245059
0.0454545454545455
0.181818181818182
0.596837944664032
0.662055335968379
0.122529644268775
0.339920948616601
0.201581027667984
0.154150197628458
0.24703557312253
0.0810276679841897
0.00395256916996047
0.130434782608696
1
1
0.980237154150198
0.235177865612648
0.3300395256917
0.3300395256917
0.104743083003953
0.739130434782609
0.3300395256917
0.373517786561265
0.349802371541502
0.0573122529644269
0.223320158102767
0.221343873517787
0.600790513833992
0.693675889328063
0.292490118577075
0.264822134387352
1
1
0.980237154150198
0.377470355731225
0.302371541501976
0.367588932806324
0.193675889328063
0.100790513833992
0.189723320158103
0.189723320158103
0.223320158102767
0.743083003952569
0.683794466403162
0.41304347826087
0.124505928853755
1
1
0.656126482213439
0.646245059288538
0.104743083003953
0.0968379446640316
0.268774703557312
0.531620553359684
0.551383399209486
0.276679841897233
0.276679841897233
0.525691699604743
0.531620553359684
0.537549407114625
0.00790513833992095
0.00988142292490119
0.492094861660079
0.58498023715415
1
1
0.324110671936759
0.0138339920948617
0.0731225296442688
0.286561264822134
0.112648221343874
0.0553359683794466
0.0355731225296443
0.033596837944664
0.08300395256917
0.286561264822134
0.0454545454545455
0.731225296442688
0.731225296442688
0.41304347826087
0.118577075098814
0.16600790513834
0.492094861660079
0.494071146245059
0.590909090909091
1
0.00988142292490119
0.420948616600791
0.173913043478261
0.782608695652174
0.41699604743083
0.411067193675889
0.365612648221344
0.343873517786561
0.339920948616601
0.460474308300395
0.409090909090909
0.711462450592885
0.397233201581028
0.456521739130435
0.0454545454545455
0.0316205533596838
0.460474308300395
0.622529644268775
0.622529644268775
1
1
1
0.444664031620553
0.422924901185771
0.420948616600791
0.903162055335968
0.91304347826087
0.118577075098814
0.322134387351779
0.324110671936759
0.369565217391304
0.711462450592885
0.397233201581028
0.462450592885375
0.782608695652174
0.154150197628458
1
1
1
0.395256916996047
0.3300395256917
0.341897233201581
0.347826086956522
0.373517786561265
0.375494071146245
0.191699604743083
0.219367588932806
0.407114624505929
0.0869565217391304
0.351778656126482
0.377470355731225
0.507905138339921
0.152173913043478
0.0276679841897233
0.0988142292490119
1
1
1
0.3300395256917
0.142292490118577
0.138339920948617
0.148221343873518
0.50395256916996
0.600790513833992
0.152173913043478
0.0612648221343874
0.377470355731225
0.377470355731225
0.383399209486166
0.343873517786561
1
0.403162055335968
0.217391304347826
0.628458498023715
0.6699604743083
0.608695652173913
0.16600790513834
0.197628458498024
0.136363636363636
0.395256916996047
0.385375494071146
0.0177865612648221
0.128458498023715
0.326086956521739
0.320158102766798
0.181818181818182
1
1
0.588932806324111
0.209486166007905
0.102766798418972
0.83201581027668
0.8300395256917
0.608695652173913
0.160079051383399
0.189723320158103
0.373517786561265
0.367588932806324
0.162055335968379
0.231225296442688
0.130434782608696
0.786561264822134
0.179841897233202
1
1
1
1
0.468379446640316
0.654150197628458
0.648221343873518
0.642292490118577
0.713438735177866
0.83399209486166
0.936758893280632
0.426877470355731
0.383399209486166
0.389328063241107
0.541501976284585
0.324110671936759
0.284584980237154
0.118577075098814
1
0.00790513833992095
0.509881422924901
0.458498023715415
0.203557312252964
0.150197628458498
0.778656126482213
0.492094861660079
0.5
0.553359683794466
0.438735177865613
0.391304347826087
0.385375494071146
0.183794466403162
0.08300395256917
0.505928853754941
0.219367588932806
0.490118577075099
0.490118577075099
0.486166007905138
1
1
1
0.513833992094862
0.268774703557312
0.492094861660079
0.290513833992095
0.292490118577075
0.849802371541502
0.0592885375494071
0.0810276679841897
0.604743083003953
0.602766798418972
0.703557312252964
0.442687747035573
0.553359683794466
1
0.290513833992095
0.290513833992095
0.847826086956522
0.193675889328063
0.0177865612648221
0.0197628458498024
0.0217391304347826
0.75098814229249
0.697628458498024
0.144268774703557
0.0494071146245059
0.780632411067194
0.41897233201581
1
1
0.99802371541502
0.25098814229249
0.24703557312253
0.0909090909090909
0.0869565217391304
0.326086956521739
0.328063241106719
0.0553359683794466
0.0197628458498024
0.717391304347826
0.719367588932806
0.723320158102767
0.266798418972332
0.624505928853755
0.0513833992094862
0.108695652173913
0.116600790513834
1
1
0.99802371541502
0.681818181818182
0.241106719367589
0.104743083003953
0.0355731225296443
0.118577075098814
0.0513833992094862
0.0790513833992095
0.0533596837944664
0.893280632411067
0.885375494071146
0.618577075098814
0.25098814229249
0.298418972332016
0.0928853754940712
0.0513833992094862
0.523715415019763
0.523715415019763
1
1
1
1
0.361660079051383
0.343873517786561
0.379446640316206
0.217391304347826
0.243083003952569
0.203557312252964
0.100790513833992
0.0711462450592885
0.0138339920948617
0.0632411067193676
0.0632411067193676
0.58498023715415
0.571146245059289
0.486166007905138
0.519762845849802
0.505928853754941
1
0.557312252964427
0.575098814229249
0.326086956521739
0.304347826086957
0.458498023715415
0.0948616600790514
0.0454545454545455
0.0395256916996047
0.0849802371541502
0.033596837944664
0.00395256916996047
0.25296442687747
0.256916996047431
0.816205533596838
0.201581027667984
0.181818181818182
0.187747035573123
1
1
0.634387351778656
0.284584980237154
0.381422924901186
0.171936758893281
0.16600790513834
0.260869565217391
0.304347826086957
0.304347826086957
0.33201581027668
0.312252964426877
0.304347826086957
0.306324110671937
0.399209486166008
0.225296442687747
0.00395256916996047
0.0968379446640316
1
1
0.930830039525692
0.274703557312253
0.339920948616601
0.0494071146245059
0.361660079051383
0.58498023715415
0.0177865612648221
0.154150197628458
0.33201581027668
0.205533596837945
0.0849802371541502
0.158102766798419
0.328063241106719
0.328063241106719
0.100790513833992
0.08300395256917
1
1
1
0.99604743083004
0.658102766798419
0.33399209486166
0.693675889328063
0.976284584980237
0.551383399209486
0.535573122529644
0.539525691699605
0.547430830039526
0.812252964426877
0.442687747035573
0.565217391304348
0.146245059288538
0.00395256916996047
0.033596837944664
0.209486166007905
0.209486166007905
1
1
1
0.66403162055336
0.318181818181818
0.656126482213439
0.697628458498024
0.268774703557312
0.24703557312253
0.292490118577075
0.294466403162055
0.260869565217391
0.355731225296443
0.154150197628458
0.104743083003953
0.579051383399209
0.58695652173913
1
1
1
0.387351778656126
0.369565217391304
0.622529644268775
0.320158102766798
0.128458498023715
0.0790513833992095
0.444664031620553
0.444664031620553
0.440711462450593
0.50395256916996
0.519762845849802
0.0711462450592885
0.241106719367589
0.422924901185771
0.411067193675889
1
1
1
0.199604743083004
0.545454545454545
0.296442687747036
0.221343873517787
0.207509881422925
0.144268774703557
0.276679841897233
0.128458498023715
0.100790513833992
0.543478260869565
0.533596837944664
0.456521739130435
0.440711462450593
0.561264822134387
0.294466403162055
0.50395256916996
0.0988142292490119
1
1
1
1
0.994071146245059
0.49604743083004
0.480237154150198
0.543478260869565
0.50197628458498
0.207509881422925
0.195652173913043
0.233201581027668
0.229249011857708
0.211462450592885
0.365612648221344
0.343873517786561
0.654150197628458
0.434782608695652
0.41501976284585
1
0.0948616600790514
0.545454545454545
0.533596837944664
0.50395256916996
0.130434782608696
0.00790513833992095
0.225296442687747
0.278656126482213
0.511857707509881
0.529644268774704
0.138339920948617
0.225296442687747
0.448616600790514
0.434782608695652
0.41501976284585
1
1
0.272727272727273
0.229249011857708
0.312252964426877
0.312252964426877
0.432806324110672
0.296442687747036
0.50395256916996
0.434782608695652
0.432806324110672
0.288537549407115
0.565217391304348
0.140316205533597
0.152173913043478
0.0474308300395257
0.320158102766798
1
1
0.685770750988142
0.288537549407115
0.278656126482213
0.312252964426877
0.312252964426877
0.148221343873518
0.296442687747036
0.662055335968379
0.66798418972332
0.432806324110672
0.535573122529644
0.521739130434783
0.559288537549407
0.802371541501976
0.140316205533597
0.563241106719368
0.575098814229249
0.58695652173913
0.383399209486166
0.602766798418972
1
1
1
1
0.339920948616601
0.254940711462451
0.227272727272727
0.774703557312253
0.602766798418972
0.290513833992095
0.144268774703557
0.237154150197628
0.237154150197628
0.66403162055336
0.33399209486166
0.381422924901186
0.695652173913043
0.675889328063241
0.490118577075099
1
0.509881422924901
0.509881422924901
0.824110671936759
0.258893280632411
0.448616600790514
0.780632411067194
0.50395256916996
0.175889328063241
0.270750988142292
0.199604743083004
0.262845849802372
0.492094861660079
0.490118577075099
0.205533596837945
0.205533596837945
